0.137685
0.116562
0.210012
0.0878951
0.839809
0.382061
0.0553564
0.315116
0.378199
0.632858
0.00858873
0.0650094
0.215563
0.833099
0.0604888
0.962105
0.811236
0.154712
0.385071
0.0251299
0.105955
0.59996
0.0515742
0.0279601
0.489194
0.0106932
0.150655
0.13652
0.211681
0.397771
0.921214
0.91926
0.175118
0.260818
0.821136
0.059405
0.93631
0.386555
0.0672848
0.95281
0.909429
0.536571
0.687207
0.132441
0.547783
0.943746
0.881404
0.533722
0.921752
0.651197
0.618183
0.239273
0.0299005
0.599824
0.529747
0.430112
0.493633
0.496414
0.0564964
0.738777
0.308518
0.981968
0.910594
0.820481
0.0406191
0.0553521
0.0163511
0.685173
0.247263
0.461473
0.831735
0.887108
0.792586
0.807113
0.246072
0.168424
0.00921679
0.064973
0.967233
0.00751045
0.013231
0.194403
0.480305
0.219488
0.713954
0.290523
0.556848
0.996244
0.0813125
0.096207
0.320704
0.0454639
0.202379
0.785191
0.353389
0.733012
0.412639
0.125517
0.987987
0.0535542
0.242714
0.0756947
0.15061
0.0363282
0.0132955
0.164683
0.887352
0.360855
0.857341
0.667426
0.941869
0.801876
0.144798
0.0205085
0.588346
0.102532
0.917179
0.0123936
0.0213595
0.0278568
0.0100644
0.562016
0.00297012
0.89484
0.369832
0.96012
0.952938
0.968716
0.982237
0.721393
0.0593622
0.0755199
0.0532108
0.205745
0.323153
0.844302
0.59614
0.484153
0.601485
0.0390632
0.0757751
0.0211649
0.0150772
0.97899
0.0464017
0.960219
0.0688331
0.278134
0.9468
0.134217
0.693188
0.331796
0.9662
0.884978
0.161691
0.521148
0.118219
0.180524
0.227588
0.189341
0.221781
0.66345
0.0454174
0.0455878
0.600992
0.0141413
0.725736
0.645875
0.975678
0.286424
0.359669
0.412787
0.725661
0.786134
0.0260894
0.0663141
0.0308731
0.0363715
0.391175
0.475457
0.428844
0.908907
0.982668
0.00302206
0.140636
0.942676
0.990004
0.547089
0.027442
0.0490841
0.291985
0.00878417
0.883674
0.314625
0.0865768
0.235194
0.0600506
0.0282276
0.885697
0.994377
0.00975766
0.0649108
0.00334075
0.412104
0.960589
0.0301115
0.0633653
0.0578049
0.163578
0.0259056
0.0272943
0.0209843
0.974649
0.0245577
0.0945567
0.0126452
0.0104922
0.297076
0.811101
0.209853
0.00901627
0.73731
0.0383598
0.893748
0.216691
0.989623
0.764296
0.293175
0.899751
0.65208
0.150705
0.0588455
0.634382
0.106116
0.284567
0.425465
0.0250657
0.932189
0.0123632
0.0526008
0.0472556
0.0344491
0.00520014
0.141205
0.621988
0.844681
0.999138
0.994758
0.583592
0.661109
0.957155
0.553435
0.0259497
0.144447
0.229634
0.0417877
0.0219412
0.0776609
0.0244836
0.0922212
0.0627194
0.157073
0.393502
0.969132
0.567795
0.0304081
0.939694
0.12707
0.819914
0.123183
0.214729
0.0219886
0.0134391
0.0116108
0.19608
0.0428977
0.0882718
0.751
0.0391946
0.39689
0.97273
0.624381
0.80461
0.75308
0.347822
0.664344
0.486941
0.0180209
0.0956206
0.947567
0.650618
0.0783303
0.726804
0.0751202
0.0336989
0.637229
0.958899
0.042164
0.726043
0.327559
0.11848
0.0495526
0.576532
0.103096
0.538649
0.153621
0.0179544
0.115863
0.734587
0.849868
0.101017
0.00905509
0.459687
0.0173881
0.41952
0.357531
0.138464
0.102266
0.97084
0.493501
0.624983
0.056181
0.184887
0.418525
0.0281937
0.919023
0.307925
0.0121504
0.040104
0.986859
0.0336907
0.0194234
0.440859
0.457209
0.136255
0.0322977
0.985361
0.901243
0.150463
0.0232618
0.842728
0.639003
0.92249
0.975359
0.289918
0.279552
0.0170085
0.0148533
0.0152341
0.0274384
0.650945
0.22979
0.232743
0.127889
0.19674
0.14321
0.022574
0.890485
0.0811481
0.917499
0.0709656
0.0843704
0.974923
0.306087
0.97364
0.895311
0.705479
0.733094
0.0856517
0.00559356
0.293469
0.544888
0.465369
0.101181
0.464397
0.392791
0.403101
0.978528
0.109724
0.418392
0.00642547
0.251326
0.177456
0.681232
0.984204
0.124177
0.916708
0.513548
0.039939
0.49323
0.167376
0.00394596
0.00273376
0.0116356
0.907736
0.952104
0.368859
0.335298
0.244504
0.793217
0.236633
0.037317
0.82057
0.128359
0.101828
0.95433
0.413292
0.186732
0.966093
0.399384
0.101571
0.0143285
0.890831
0.745116
0.0613958
0.372109
0.023395
0.882217
0.88387
0.778466
0.241414
0.0777955
0.549856
0.624514
0.0172955
0.0138241
0.554729
0.291513
0.996958
0.502184
0.0400797
0.102063
0.00492652
0.0349515
0.23278
0.0721865
0.639742
0.736163
0.995878
0.948242
0.00665308
0.0209969
0.234147
0.0882508
0.38927
0.338888
0.772449
0.0529696
0.0945414
0.208374
0.245819
0.0172001
0.171384
0.80227
0.661093
0.54098
0.339553
0.00771435
0.126705
0.0770667
0.16767
0.200256
0.798806
0.199841
0.577939
0.66572
0.19899
0.185604
0.0903127
0.909191
0.517767
0.395582
0.694514
0.924212
0.807682
0.548881
0.260505
0.7238
0.130607
0.0480519
0.0103839
0.953242
0.104576
0.0134957
0.125909
0.155419
0.140262
0.103754
0.120032
0.202137
0.149864
0.784939
0.0267009
0.017503
0.0827219
0.61212
0.114159
0.180874
0.0470833
0.461687
0.914606
0.695214
0.0934191
0.478068
0.120635
0.354434
0.228162
0.0885571
0.0586538
0.0487495
0.430919
0.191035
0.184353
0.0259739
0.0644884
0.0243063
0.758616
0.0153761
0.0377048
0.0378318
0.859892
0.323712
0.96124
0.97909
0.030413
0.120754
0.071142
0.907965
0.854977
0.9043
0.130082
0.08997
0.875649
0.854005
0.358522
0.435113
0.454552
0.225123
0.068912
0.397928
0.240959
0.233478
0.0894446
0.436521
0.970773
0.922032
0.273349
0.0114591
0.27515
0.861293
0.532324
0.679469
0.00664071
0.137358
0.138102
0.289372
0.0303856
0.900495
0.924194
0.0316226
0.836435
0.31569
0.6825
0.0185893
0.0125217
0.00521437
0.913401
0.0196852
0.424389
0.213801
0.0308654
0.969451
0.00683837
0.635693
0.261525
0.463151
0.964759
0.22099
0.0235623
0.01765
0.0705772
0.942544
0.25845
0.14876
0.400534
0.223127
0.823615
0.00991837
0.81896
0.020838
0.0104326
0.845552
0.0629573
0.0439755
0.264978
0.00729485
0.02801
0.0256351
0.172611
0.630014
0.0545697
0.624194
0.315726
0.0633792
0.0090073
0.0518486
0.296019
0.285079
0.11603
0.171099
0.115273
0.0238738
0.288819
0.80631
0.976363
0.913509
0.0187144
0.0098544
0.0773627
0.00457182
0.0356345
0.0197463
0.99223
0.373611
0.729289
0.0640657
0.337807
0.0341291
0.0756397
0.0069718
0.0365277
0.119091
0.771256
0.833459
0.0683421
0.921942
0.388266
0.173645
0.697662
0.150185
0.157513
0.99506
0.565726
0.992227
0.2558
0.933517
0.262471
0.748713
0.967897
0.933856
0.962569
0.220924
0.0502789
0.903002
0.383869
0.421808
0.022259
0.0478654
0.680469
0.414875
0.667328
0.0121591
0.335787
0.0425702
0.01277
0.0255166
0.30558
0.382647
0.47661
0.0820738
0.107894
0.095805
0.556479
0.0193431
0.288567
0.74628
0.0195007
0.112341
0.0232377
0.345891
0.287208
0.803208
0.0912474
0.447529
0.0370988
0.0327115
0.73833
0.640108
0.945993
0.674476
0.00322466
0.0885805
0.609499
0.599545
0.306976
0.272762
0.00959342
0.0205946
0.0369728
0.942541
0.734161
0.779972
0.0928488
0.0168872
0.334993
0.420797
0.401288
0.104459
0.940407
0.101078
0.984037
0.105538
0.297974
0.925681
0.961038
0.9567
0.700899
0.142621
0.0513195
0.811443
0.0590811
0.799169
0.0100442
0.0128414
0.0939816
0.948881
0.52379
0.8072
0.139816
0.549143
0.056158
0.0217912
0.0153529
0.373191
0.0127361
0.360601
0.433243
0.0933776
0.0392982
0.0887852
0.16309
0.733208
0.713764
0.773773
0.45649
0.68799
0.0848682
0.379792
0.675371
0.0322706
0.833259
0.0935203
0.421825
0.914976
0.562835
0.00508855
0.313507
0.470614
0.061198
0.745809
0.0716506
0.0204304
0.358673
0.303813
0.940427
0.872706
0.188691
0.933208
0.0311503
0.688757
0.072098
0.500886
0.263863
0.458481
0.174846
0.987215
0.0858179
0.141698
0.0221495
0.0484968
0.0485796
0.0171933
0.0795208
0.853794
0.0831675
0.0110074
0.0214871
0.190247
0.0839885
0.0312686
0.637953
0.371575
0.0590105
0.939862
0.146253
0.0265878
0.305879
0.4033
0.00828865
0.032424
0.0909093
0.887383
0.0751526
0.281927
0.293395
0.00254341
0.00269811
0.352999
0.732646
0.0123423
0.136837
0.0451556
0.0168391
0.116217
0.0244283
0.0189685
0.24076
0.38841
0.293131
0.0644826
0.0799069
0.170726
0.132403
0.271087
0.0126792
0.932994
0.00547073
0.235089
0.0997023
0.0651544
0.0165796
0.325272
0.130696
0.794499
0.838876
0.0828267
0.224638
0.0279915
0.00389929
0.974285
0.809235
0.0370056
0.0283638
0.0998166
0.0100016
0.742464
0.990671
0.0408811
0.819721
0.213454
0.293519
0.0149012
0.984328
0.26147
0.436713
0.116921
0.811509
0.0142576
0.00946766
0.911254
0.031334
0.862823
0.324419
0.628844
0.0056142
0.00742283
0.336596
0.554681
0.2169
0.0235255
0.834864
0.487837
0.00244843
0.0537403
0.0169145
0.922605
0.963714
0.208344
0.271677
0.030745
0.0605116
0.898076
0.558416
0.0911808
0.221006
0.004408
0.852615
0.0948489
0.0784332
0.0755958
0.00886809
0.00541544
0.0374883
0.902361
0.0512526
0.0637396
0.74082
0.918195
0.172821
0.12883
0.0191892
0.0386117
0.232771
0.0561216
0.112783
0.0734233
0.29931
0.0172932
0.157436
0.00334815
0.00597905
0.0114538
0.00137059
0.000936111
0.0105773
0.00512932
0.409656
0.0649787
0.763835
0.110072
0.975783
0.982162
0.969709
0.801819
0.622342
0.0237229
0.0468532
0.0181428
0.0796435
0.0129311
0.189077
0.966071
0.275855
0.388296
0.0717638
0.525459
0.0379805
0.0822134
0.254901
0.985639
0.969287
0.987792
0.984931
0.235415
0.0626264
0.0313105
0.0136336
0.972455
0.0629877
0.036727
0.0295299
0.0141233
0.0624763
0.020567
0.0152614
0.0180322
0.297079
0.114807
0.041813
0.274802
0.994249
0.993759
0.989797
0.976418
0.986409
0.157405
0.0765755
0.016909
0.167195
0.0467423
0.0301593
0.0765362
0.95016
0.826594
0.0129023
0.771204
0.0155385
0.00597453
0.0390722
0.00269364
0.988905
0.975934
0.0453014
0.988576
0.971685
0.954497
0.206368
0.896751
0.262527
0.102623
0.0361041
0.903362
0.00203228
0.985598
0.0112172
0.0623719
0.400313
0.661689
0.0193041
0.973824
0.874764
0.321544
0.0463505
0.700047
0.980905
0.927798
0.216448
0.946804
0.174497
0.408558
0.068677
0.979416
0.136836
0.0911532
0.906129
0.942571
0.949827
0.899558
0.0539652
0.740753
0.029139
0.261014
0.568307
0.0141913
0.112656
0.325229
0.0544617
0.514593
0.0121386
0.0474729
0.0355672
0.970157
0.144124
0.594182
0.645219
0.387874
0.14828
0.254087
0.858084
0.147523
0.113824
0.961015
0.944089
0.294365
0.161645
0.0272351
0.424875
0.0858591
0.0426419
0.173315
0.478122
0.150505
0.305533
0.0505082
0.759955
0.205233
0.185816
0.493534
0.229573
0.938481
0.979377
0.653669
0.259383
0.0454478
0.986871
0.585081
0.836357
0.0886868
0.614136
0.900755
0.345952
0.289725
0.497268
0.211428
0.96209
0.977168
0.890616
0.850895
0.988399
0.0645481
0.261251
0.0940009
0.51712
0.523547
0.0297614
0.231062
0.0983887
0.666336
0.121906
0.142101
0.646097
0.493174
0.166105
0.327576
0.0616953
0.945772
0.0777297
0.168899
0.509309
0.332075
0.0179004
0.0999121
0.639441
0.00676402
0.799379
0.0105564
0.17108
0.131382
0.767038
0.0463267
0.857306
0.461411
0.0289932
0.00457492
0.741416
0.011708
0.0326367
0.0106197
0.0922658
0.0665832
0.0587859
0.267409
0.10147
0.0159002
0.0770549
0.028829
0.022664
0.00897076
0.021278
0.0131881
0.0854611
0.0145673
0.0029716
0.070259
0.12328
0.0903324
0.0189715
0.190553
0.366422
0.100067
0.418706
0.0595977
0.0083423
0.392488
0.439557
0.0166239
0.0243718
0.0223507
0.825099
0.10542
0.146178
0.128852
0.0225284
0.0407393
0.0672027
0.30843
0.0595031
0.0302004
0.0115702
0.0368404
0.0547324
0.713692
0.610781
0.215584
0.0224598
0.0132657
0.0117221
0.058882
0.00731092
0.558999
0.122597
0.0406419
0.0594899
0.271316
0.0197985
0.905017
0.0333525
0.0132023
0.0231572
0.728139
0.0458413
0.473532
0.151575
0.0842945
0.0158995
0.0143299
0.071134
0.0607516
0.547682
0.0381852
0.293024
0.193956
0.722408
0.129808
0.851421
0.00350924
0.0536731
0.401949
0.430085
0.0394015
0.885018
0.988181
0.620018
0.7418
0.0532052
0.0510778
0.0548198
0.0205996
0.00475137
0.351396
0.0625099
0.159372
0.0243378
0.0639447
0.0522092
0.0775342
0.00199381
0.0152737
0.0778404
0.0175192
0.0167351
0.0281481
0.0123948
0.00324776
0.0497352
0.183948
0.0189714
0.00349989
0.641087
0.42188
0.21847
0.0544199
0.093828
0.171425
0.0110652
0.130497
0.359866
0.0113162
0.0333475
0.117099
0.0131221
0.0181079
0.0123574
0.0239724
0.00991898
0.0715835
0.00938217
0.590371
0.617745
0.0352066
0.0125325
0.674826
0.0224635
0.00728246
0.149353
0.10548
0.17472
0.0653337
0.140639
0.0611372
0.3537
0.0570618
0.0449975
0.0483281
0.325325
0.36161
0.0321547
0.515392
0.0329089
0.377593
0.00767243
0.00754573
0.0132134
0.044052
0.136698
0.267235
0.113999
0.0485618
0.0358696
0.00978856
0.0239756
0.0194546
0.081218
0.0172818
0.0536751
0.0894247
0.0307493
0.0824975
0.0445639
0.0867176
0.0691034
0.029963
0.138909
0.105475
0.156633
0.0389962
0.0934196
0.0756022
0.0318212
0.0832787
0.116288
0.126415
0.424498
0.0211624
0.0661413
0.930696
0.054762
0.0559333
0.0531191
0.0582665
0.0559293
0.0394251
0.0438417
0.0756188
0.36281
0.0433015
0.397619
0.420546
0.0596359
0.347772
0.161666
0.0580077
0.0161006
0.274436
0.00443606
0.0501335
0.0663025
0.0144276
0.103489
0.0199241
0.138041
0.184828
0.0143493
0.0843062
0.12281
0.0260549
0.133435
0.217795
0.0350353
0.0205368
0.00178275
0.0034041
0.0640304
0.161118
0.0155462
0.00508493
0.0142395
0.182386
0.00461247
0.0227821
0.0448626
0.0367948
0.0851254
0.129325
0.113236
0.319487
0.0150546
0.0529454
0.0607977
0.0219304
0.226407
0.0315663
0.134314
0.0491972
0.0682447
0.0137852
0.0294851
0.0134092
0.210227
0.0393302
0.0374667
0.0237729
0.261222
0.912489
0.546664
0.195051
0.130849
0.351213
0.282423
0.961918
0.00876045
0.0589126
0.0948113
0.804645
0.696757
0.163805
0.0834371
0.470867
0.00796094
0.495236
0.507853
0.0135278
0.00550542
0.00689066
0.593109
0.820632
0.296493
0.298739
0.0504642
0.0246688
0.470063
0.0223943
0.0128268
0.460942
0.470787
0.0517375
0.0226557
0.0277491
0.0859989
0.147996
0.022881
0.0753259
0.0115206
0.591787
0.324449
0.349262
0.0465968
0.0188083
0.143971
0.0174969
0.0715179
0.0509883
0.0143585
0.0114589
0.0383934
0.03707
0.00725858
0.00683544
0.0287592
0.13136
0.181023
0.0533429
0.99096
0.975582
0.85335
0.00784323
0.869193
0.971192
0.0220302
0.00624161
0.740415
0.14703
0.0175944
0.0360177
0.00492237
0.429421
0.0489135
0.0153635
0.171216
0.0421043
0.0396021
0.00744941
0.0797041
0.998218
0.988906
0.122261
0.672257
0.0363325
0.156265
0.0829298
0.0936638
0.0111279
0.126574
0.291555
0.0768694
0.183094
0.439308
0.0186232
0.318822
0.0216121
0.584397
0.0392566
0.568854
0.0104
0.0144629
0.0997801
0.0141532
0.755414
0.0358094
0.0685409
0.424289
0.0413611
0.0224209
0.0104076
0.141075
0.0899897
0.00401779
0.0341087
0.196075
0.254776
0.0825617
0.578315
0.120745
0.231806
0.0150059
0.00650976
0.0118388
0.0383827
0.0998257
0.0168837
0.00751241
0.0191726
0.0307136
0.0413472
0.0672041
0.0403582
0.957737
0.0105347
0.244621
0.175382
0.202143
0.0320855
0.00592878
0.0418975
0.872708
0.00301158
0.835026
0.832499
0.956381
0.0186489
0.0299583
0.0176853
0.00712546
0.0134675
0.0312454
0.00940959
0.131756
0.0324438
0.213061
0.0214113
0.0771193
0.0267472
0.0172
0.648362
0.298672
0.286789
0.0718562
0.102595
0.0393224
0.0166562
0.00297761
0.103102
0.0117107
0.730192
0.655598
0.00155262
0.0447304
0.316053
0.00283445
0.0216132
0.440443
0.0274761
0.03244
0.17042
0.0403366
0.0663236
0.00834389
0.0111016
0.0338999
0.00338301
0.0116902
0.0193521
0.0541672
0.00247162
0.012119
0.0744351
0.0682785
0.0626048
0.049393
0.0278205
0.311684
0.0768969
0.00296204
0.0321306
0.442245
0.0239933
0.0101551
0.0232231
0.153201
0.0318033
0.0802365
0.0151172
0.0104082
0.0111048
0.676528
0.963502
0.677786
0.0994255
0.00811164
0.46805
0.00343205
0.0760142
0.0170791
0.129195
0.963388
0.00698632
0.0283557
0.0145704
0.0315914
0.0032822
0.0314073
0.0232297
0.0417465
0.859458
0.18569
0.161624
0.0431118
0.056073
0.150812
0.705841
0.026334
0.0325976
0.860124
0.375537
0.862594
0.56837
0.0219925
0.97692
0.130837
0.135875
0.00171417
0.183082
0.0789113
0.401093
0.821465
0.199047
0.205544
0.00881007
0.147491
0.190222
0.0877351
0.0347534
0.0874486
0.0282227
0.010727
0.0265662
0.0112991
0.00722826
0.839967
0.0597016
0.0196772
0.0546248
0.0248486
0.00704302
0.202476
0.0315632
0.634308
0.0316087
0.048278
0.881993
0.0118082
0.18288
0.886655
0.0588607
0.0227999
0.0851972
0.0649106
0.0270607
0.0453009
0.00564998
0.00465932
0.01382
0.227912
0.127702
0.908296
0.722541
0.761655
0.136148
0.016835
0.0573469
0.0069072
0.00515636
0.00361395
0.0958482
0.115614
0.438799
0.377212
0.134189
0.00611673
0.00533268
0.227495
0.00277249
0.13169
0.0204117
0.0100391
0.00545776
0.00900978
0.038638
0.0405281
0.0276368
0.0969172
0.089918
0.00498361
0.0222177
0.0256956
0.951676
0.892493
0.0943854
0.0468395
0.0411951
0.0578246
0.0794989
0.0711591
0.0135066
0.0586011
0.742771
0.026907
0.00490878
0.0073305
0.11404
0.0146793
0.0123139
0.15185
0.0210169
0.0218005
0.882204
0.145452
0.0126326
0.0452669
0.0325064
0.0333222
0.225885
0.138998
0.00458325
0.00366384
0.0732217
0.0432446
0.0872144
0.0231536
0.136237
0.0262024
0.240822
0.0558371
0.0203506
0.0153737
0.789615
0.387449
0.563533
0.361844
0.326136
0.0129513
0.0113517
0.0166958
0.0115341
0.114241
0.092971
0.306341
0.214256
0.0136067
0.0183635
0.00306464
0.0220217
0.0343182
0.0218793
0.128386
0.862697
0.00593044
0.206366
0.0060886
0.678997
0.0627909
0.00312132
0.367195
0.0590497
0.700684
0.0273077
0.521184
0.0397932
0.0234151
0.00493126
0.119509
0.0551861
0.0224159
0.00108739
0.0300082
0.016966
0.0808708
0.0364567
0.944711
0.55807
0.919262
0.0105644
0.0744227
0.00651302
0.136577
0.0102899
0.00428417
0.0344056
0.00302023
0.0910465
0.113873
0.081281
0.00240422
0.235043
0.00846812
0.0881138
0.092538
0.359341
0.786826
0.922693
0.186359
0.0117553
0.0686972
0.0702763
0.0850719
0.0237242
0.596244
0.0212367
0.223166
0.00526547
0.0144773
0.0587336
0.0262534
0.0621953
0.0327736
0.0186715
0.412691
0.013938
0.0286739
0.030791
0.175272
0.137069
0.0602923
0.00436008
0.100797
0.161744
0.0183686
0.0621071
0.21557
0.0256757
0.0256324
0.151152
0.104549
0.0210449
0.0164424
0.029269
0.0276467
0.00478708
0.039549
0.0106318
0.335545
0.081399
0.0100694
0.0291178
0.155891
0.135293
0.0266278
0.239738
0.111145
0.0140416
0.0355298
0.109627
0.385767
0.00664206
0.0435696
0.0404396
0.0351071
0.0392756
0.0293719
0.0681002
0.0543856
0.105556
0.0263595
0.0033409
0.0163156
0.0420342
0.0115274
0.927784
0.545258
0.673388
0.0482534
0.689631
0.764581
0.00602406
0.0809737
0.004245
0.0057694
0.00382189
0.0461005
0.165391
0.0238313
0.0653285
0.0169686
0.0368004
0.416754
0.336581
0.0505008
0.999271
0.963484
0.0698876
0.00352161
0.00980841
0.0297649
0.921574
0.0688375
0.320258
0.0166054
0.0599328
0.142092
0.0495239
0.01435
0.261118
0.981017
0.0185727
0.665717
0.866585
0.900393
0.028219
0.0194493
0.0119994
0.048292
0.0807036
0.0297514
0.0246786
0.0445279
0.469825
0.209409
0.00404232
0.0047189
0.0750606
0.271245
0.0101005
0.00705635
0.0564676
0.103897
0.154546
0.00413657
0.109872
0.976804
0.0648444
0.0245119
0.0625207
0.0241696
0.125727
0.0154733
0.97233
0.0221272
0.00989816
0.0150236
0.0258648
0.00906144
0.0115036
0.0359811
0.17591
0.145112
0.174329
0.827588
0.00304203
0.0639068
0.271565
0.693743
0.031823
0.348036
0.00631749
0.291827
0.00260298
0.00761675
0.0693009
0.0892891
0.0365305
0.114075
0.00727005
0.45938
0.488753
0.0647585
0.0883808
0.0188354
0.0285145
0.00731841
0.0123141
0.0312804
0.02633
0.00969421
0.0191289
0.0486218
0.0213301
0.0374708
0.0947885
0.093233
0.167425
0.0791236
0.0214109
0.0159834
0.0193493
0.00342589
0.0442352
0.00730772
0.0172432
0.473872
0.288178
0.101138
0.573507
0.41313
0.0243546
0.048932
0.0288473
0.0307223
0.0896511
0.784022
0.195219
0.0158524
0.100089
0.222159
0.0605583
0.0181187
0.046529
0.312776
0.0146657
0.0470218
0.0255228
0.457014
0.178267
0.961494
0.231511
0.0903429
0.0249967
0.0239443
0.315013
0.0231904
0.224897
0.043036
0.762702
0.0622535
0.0329181
0.141306
0.0108476
0.160899
0.0107303
0.0327514
0.0585162
0.0485385
0.0119358
0.00702056
0.00708883
0.761616
0.397416
0.0511814
0.374927
0.0856836
0.00442947
0.364361
0.0789136
0.254822
0.0159408
0.192525
0.267529
0.0696129
0.166542
0.0881464
0.00439679
0.027543
0.0665755
0.34985
0.336378
0.597678
0.479969
0.439153
0.00822638
0.0146809
0.00705662
0.0493835
0.387253
0.0082846
0.0387017
0.0232428
0.0820381
0.0712276
0.168559
0.469927
0.024293
0.076351
0.00828836
0.0357799
0.977289
0.867608
0.130026
0.0150151
0.00880471
0.124822
0.248589
0.0112213
0.440234
0.0568393
0.0209246
0.0180243
0.0252374
0.109099
0.0288834
0.0386776
0.0422668
0.00720701
0.116535
0.0301012
0.596583
0.120943
0.23249
0.029949
0.226544
0.335591
0.114144
0.0440476
0.0210943
0.0586283
0.0460184
0.991105
0.996913
0.972038
0.00470798
0.854143
0.051938
0.0112798
0.0048489
0.118971
0.11547
0.0119278
0.0565224
0.0748662
0.0656966
0.0109129
0.0205751
0.00384268
0.712074
0.181067
0.0121284
0.23016
0.168339
0.0192622
0.0254556
0.138929
0.014145
0.0285558
0.0713209
0.579861
0.0204654
0.182377
0.0175407
0.0133837
0.0327755
0.0839211
0.679411
0.0201978
0.0119106
0.0785839
0.17318
0.00797267
0.647187
0.0960741
0.0354778
0.0476716
0.0682904
0.0169642
0.292673
0.0988711
0.00894411
0.045872
0.0179584
0.0109132
0.137977
0.0422273
0.0185601
0.0239564
0.239508
0.156019
0.25061
0.315004
0.0083055
0.00143473
0.0263011
0.0423939
0.0506176
0.071243
0.217491
0.0146239
0.158965
0.00258305
0.0600718
0.940157
0.976615
0.759871
0.212749
0.0105166
0.0138445
0.0553402
0.632391
0.0547228
0.131381
0.119799
0.0306788
0.0425405
0.0122563
0.0881072
0.99462
0.0325935
0.0283182
0.0141507
0.922085
0.909965
0.0122646
0.627344
0.300929
0.300305
0.187591
0.15386
0.00953524
0.331407
0.128299
0.569003
0.266108
0.00817168
0.0383751
0.042491
0.266475
0.0622854
0.105036
0.653795
0.244152
0.0324406
0.204489
0.336581
0.3701
0.076058
0.0578925
0.0109975
0.306717
0.258852
0.0548746
0.134757
0.0448314
0.0316677
0.0568011
0.95579
0.402532
0.0861549
0.0148693
0.991766
0.193911
0.263044
0.30787
0.013116
0.601239
0.140325
0.476597
0.0718141
0.020277
0.116172
0.0145858
0.0375935
0.483202
0.0506092
0.00350744
0.593364
0.358125
0.0590522
0.0438337
0.100136
0.124557
0.0367978
0.01394
0.00506127
0.0408475
0.0509561
0.011861
0.0131427
0.0290399
0.190016
0.126238
0.215923
0.0486106
0.972426
0.0120582
0.0337928
0.0071841
0.604523
0.152036
0.131694
0.0708052
0.278305
0.944753
0.933862
0.974263
0.697343
0.216267
0.813895
0.850909
0.666529
0.771728
0.635553
0.807235
0.0349019
0.0616373
0.71772
0.41798
0.0465622
0.762553
0.748321
0.0119482
0.019558
0.0158934
0.687538
0.579657
0.0575645
0.229834
0.365709
0.154943
0.14442
0.00428206
0.274266
0.00890026
0.987874
0.773837
0.130072
0.0271948
0.0411589
0.13389
0.235921
0.133231
0.0510783
0.358249
0.126347
0.00529774
0.0631277
0.00988521
0.00832789
0.497168
0.468146
0.23917
0.0685933
0.127642
0.00604353
0.00604297
0.0461976
0.0114681
0.119206
0.101698
0.813392
0.746759
0.247018
0.534551
0.0514975
0.00556803
0.0728948
0.0882636
0.0497587
0.0285855
0.0160874
0.0334857
0.000900277
0.00671345
0.0220593
0.0183401
0.277799
0.591828
0.0109762
0.0533152
0.00276083
0.0270978
0.0129593
0.299839
0.133107
0.0535626
0.187448
0.255113
0.0250609
0.074925
0.251574
0.00682125
0.0841869
0.00778669
0.0151487
0.76403
0.0276645
0.00648149
0.962561
0.0430882
0.728561
0.0396462
0.543232
0.0725024
0.644649
0.407867
0.229585
0.642702
0.108947
0.939852
0.421091
0.0249274
0.287752
0.956388
0.388256
0.0266285
0.359089
0.0112669
0.113878
0.107274
0.149226
0.00613252
0.484746
0.0218306
0.15205
0.147738
0.0654549
0.150551
0.0370148
0.00324342
0.451761
0.662103
0.393421
0.236341
0.355573
0.634131
0.0165314
0.1242
0.313301
0.0659397
0.40306
0.0570105
0.0164181
0.00175263
0.0065632
0.0755339
0.107739
0.00851644
0.0695242
0.0185862
0.015241
0.0262847
0.054536
0.109044
0.132128
0.0557559
0.0054153
0.0909712
0.00622465
0.0282762
0.0621019
0.0223308
0.00957342
0.100809
0.513788
0.00586482
0.822636
0.0379833
0.0552306
0.986447
0.0423191
0.958765
0.00456864
0.987373
0.719576
0.415631
0.4297
0.0405715
0.0148005
0.0120599
0.0160502
0.109418
0.180437
0.0181418
0.0259263
0.0470769
0.906011
0.767883
0.169292
0.00877479
0.0183484
0.895387
0.0361035
0.0620179
0.013705
0.0497394
0.77558
0.969178
0.0316676
0.535248
0.948088
0.732284
0.208213
0.142171
0.664228
0.0770593
0.0261449
0.0132932
0.120725
0.0171578
0.0172715
0.0280815
0.114837
0.00169253
0.357967
0.516799
0.00372345
0.0872717
0.402558
0.190549
0.0171795
0.122428
0.727167
0.359977
0.227768
0.909744
0.00659314
0.0309127
0.0516156
0.249113
0.859768
0.0130349
0.0125906
0.967547
0.312786
0.0467532
0.0151178
0.0530802
0.0273483
0.125285
0.245751
0.0131605
0.13924
0.0333697
0.0072485
0.56921
0.272093
0.0738132
0.0114672
0.00715873
0.113565
0.976257
0.158421
0.066809
0.0331777
0.0212439
0.039903
0.0719494
0.0178934
0.049881
0.148143
0.0321842
0.0223748
0.0896421
0.339895
0.269296
0.222721
0.0768683
0.0540094
0.487496
0.0587792
0.00410592
0.00418077
0.997611
0.972771
0.277704
0.0750044
0.0549679
0.133706
0.00315399
0.390534
0.00495644
0.0155323
0.144668
0.0401412
0.0618615
0.0405409
0.00549083
0.0298548
0.083765
0.0275231
0.00575505
0.0143532
0.101467
0.0563383
0.015529
0.969455
0.835751
0.892568
0.0823994
0.0116708
0.194654
0.976612
0.963971
0.0222104
0.0627305
0.0118689
0.886393
0.00613493
0.0246217
0.0986356
0.0191162
0.0650073
0.00159817
0.00504944
0.00869769
0.0724923
0.248719
0.0772252
0.0122665
0.0162428
0.574514
0.044817
0.880582
0.923475
0.0249083
0.0223337
0.0464059
0.0109378
0.0249783
0.526224
0.290599
0.00602696
0.00719317
0.0105035
0.00925298
0.918585
0.959148
0.766352
0.996248
0.0866375
0.0265236
0.00245904
0.0418288
0.931917
0.985787
0.974673
0.634957
0.858629
0.00985736
0.0183085
0.936059
0.00190143
0.0259338
0.0563896
0.938615
0.014582
0.00412279
0.0303436
0.00568609
0.0945834
0.0131864
0.0356961
0.00239424
0.00579678
0.936761
0.0161313
0.81688
0.0216149
0.948545
0.980624
0.741033
0.927773
0.47537
0.115254
0.26152
0.044543
0.397074
0.0472892
0.121629
0.435936
0.90749
0.114303
0.281574
0.0966932
0.0106133
0.957985
0.0208827
0.282103
0.122699
0.951446
0.824551
0.999195
0.993751
0.995766
0.994952
0.220422
0.569748
0.0312461
0.286118
0.0339579
0.130962
0.46221
0.0264856
0.0708962
0.0246332
0.0176501
0.412245
0.09734
0.0345778
0.222786
0.113481
0.0226123
0.0162644
0.00882704
0.131929
0.17451
0.0798024
0.0491538
0.0122761
0.0247257
0.0423018
0.065363
0.17568
0.0138504
0.0382724
0.0120792
0.192016
0.473328
0.0168381
0.00782957
0.0421556
0.210438
0.014983
0.126986
0.659793
0.00781234
0.148122
0.964001
0.985204
0.185899
0.0102049
0.0935582
0.196845
0.317499
0.00896558
0.0781666
0.91473
0.058428
0.0399869
0.524939
0.407348
0.013951
0.00594959
0.021104
0.179369
0.0645609
0.00668926
0.643469
0.531881
0.0953644
0.0160458
0.269919
0.115073
0.0359119
0.00646245
0.00514935
0.0170466
0.00456712
0.0108725
0.0353607
0.027206
0.0690689
0.0343735
0.0243923
0.0371962
0.0201286
0.0557038
0.00921391
0.0815824
0.0136151
0.103878
0.00715745
0.0276511
0.00115262
0.0295659
0.0285513
0.0873128
0.00665788
0.103569
0.0307461
0.749064
0.0183789
0.0135858
0.00939174
0.0589537
0.0159762
0.00234994
0.00275058
0.0139647
0.0138635
0.971236
0.0568284
0.526595
0.388324
0.235216
0.0146695
0.554026
0.131459
0.42339
0.0339442
0.618775
0.0843803
0.188346
0.718376
0.0589813
0.00341135
0.215931
0.138599
0.0338193
0.128585
0.0210311
0.0541355
0.150795
0.0131205
0.0114137
0.0034498
0.00718328
0.0102577
0.42145
0.930454
0.924856
0.477277
0.24504
0.0686932
0.0193531
0.0443893
0.141769
0.0035226
0.0718721
0.0874313
0.00653282
0.730748
0.00633708
0.00620765
0.92136
0.0251719
0.0223008
0.0221773
0.01598
0.0776635
0.00688802
0.0234832
0.0402793
0.0194546
0.074244
0.21622
0.0478648
0.00513527
0.0181896
0.00189511
0.140583
0.00802849
0.295401
0.00447012
0.0308738
0.139549
0.0186626
0.000683433
0.0257821
0.11496
0.0824548
0.0381659
0.639979
0.019978
0.0235704
0.186686
0.385641
0.951927
0.20646
0.0626087
0.0147488
0.578958
0.344761
0.166893
0.0174769
0.00808824
0.127247
0.046976
0.00276654
0.0583942
0.0480568
0.205846
0.0144974
0.0286511
0.0504871
0.015297
0.0985539
0.130976
0.0148397
0.0133614
0.0460708
0.0224875
0.0482151
0.0245956
0.0185574
0.0420462
0.152399
0.368799
0.0634786
0.165268
0.183776
0.0522547
0.0576065
0.0323008
0.0694932
0.0730381
0.455097
0.270776
0.0161127
0.0224966
0.138646
0.00326098
0.0164139
0.0705614
0.0912952
0.0807868
0.0463959
0.0471868
0.00828159
0.027113
0.021066
0.00120815
0.0106309
0.204812
0.0422883
0.0174671
0.995585
0.960659
0.990767
0.0088583
0.0854519
0.0184996
0.172595
0.276686
0.0490415
0.349193
0.231648
0.708571
0.277789
0.160753
0.0373737
0.685372
0.889576
0.230805
0.0184672
0.0160681
0.0784381
0.0160556
0.0343075
0.742168
0.271754
0.0292536
0.0490126
0.183179
0.014921
0.00659913
0.274859
0.0334027
0.0324664
0.173196
0.205679
0.565275
0.0507819
0.463275
0.0138227
0.192381
0.060242
0.00688873
0.115663
0.263207
0.0221415
0.231721
0.302791
0.0221574
0.984625
0.332126
0.064389
0.804204
0.0538013
0.449258
0.967512
0.288713
0.0207542
0.425992
0.0359977
0.561897
0.185574
0.254535
0.0405996
0.0445272
0.0298025
0.0589366
0.0500206
0.0577351
0.0372627
0.00412738
0.00936068
0.153019
0.0229673
0.0137181
0.0267813
0.010512
0.118231
0.471999
0.137396
0.035369
0.377577
0.503182
0.0361724
0.00962761
0.708371
0.0447268
0.21201
0.0712832
0.200895
0.0410965
0.612778
0.0356037
0.0133338
0.00806194
0.172178
0.0296781
0.0247482
0.00669002
0.162964
0.0269244
0.321448
0.822862
0.0845423
0.0242026
0.178274
0.0161641
0.0243072
0.0528905
0.00950081
0.163521
0.115545
0.891412
0.15269
0.279507
0.830758
0.690405
0.287084
0.657263
0.0822548
0.0737039
0.750175
0.908701
0.68385
0.00760125
0.0417151
0.0510456
0.0376395
0.0040805
0.0386073
0.249406
0.198215
0.0181184
0.916767
0.26914
0.209145
0.224755
0.00925828
0.341365
0.0373294
0.21416
0.0835228
0.812242
0.0522608
0.0904221
0.133705
0.69138
0.618224
0.0398672
0.0570696
0.184764
0.225609
0.0139654
0.0994386
0.0977401
0.0646469
0.018185
0.0570337
0.398298
0.00364119
0.143919
0.588928
0.0111982
0.00481036
0.0489785
0.218039
0.250196
0.134471
0.0603854
0.274707
0.0690921
0.0980248
0.834324
0.0846909
0.0736984
0.0128242
0.0169149
0.0553002
0.0536564
0.0858797
0.31142
0.262755
0.100992
0.0808591
0.0603366
0.123245
0.159895
0.1682
0.0117665
0.0320313
0.0692435
0.150294
0.0190023
0.0581066
0.0317059
0.0194707
0.0192707
0.176929
0.0306804
0.00350004
0.134682
0.0578709
0.172374
0.0784406
0.25778
0.011494
0.07812
0.825486
0.12652
0.037596
0.548574
0.0138328
0.00972343
0.0119418
0.126033
0.0599295
0.00264533
0.731784
0.0176844
0.0147553
0.00511845
0.00891646
0.0440903
0.222667
0.0265073
0.490404
0.70879
0.0322899
0.496673
0.0447527
0.106184
0.014604
0.0593226
0.141222
0.00804519
0.252644
0.0140252
0.113094
0.849014
0.00704136
0.0530659
0.267804
0.014705
0.775425
0.232842
0.153799
0.193894
0.0456056
0.00490118
0.4017
0.0234918
0.0150548
0.0281801
0.0163341
0.00847705
0.0150669
0.0290702
0.0875046
0.00632381
0.0156396
0.390082
0.341456
0.536523
0.0840361
0.059156
0.00809828
0.0904125
0.0444406
0.395137
0.0277537
0.081506
0.0257042
0.0321259
0.0108923
0.0399269
0.0140404
0.0725266
0.0198118
0.0756107
0.218288
0.67942
0.0263541
0.0699755
0.032542
0.0296689
0.0136531
0.0149327
0.034652
0.0526693
0.00276827
0.265442
0.700715
0.151883
0.0906683
0.0153241
0.00764118
0.217325
0.0259213
0.0367347
0.317481
0.050086
0.0821873
0.0655826
0.0162513
0.0861883
0.0688798
0.0212364
0.00453667
0.103116
0.0665126
0.131271
0.356711
0.601326
0.0347477
0.0981556
0.192971
0.156209
0.045809
0.00991468
0.0125707
0.0979622
0.0139182
0.00708085
0.101271
0.0147788
0.0187076
0.00506097
0.00356018
0.0213936
0.0144209
0.0641737
0.144153
0.0623861
0.0122466
0.0622211
0.23406
0.307796
0.0430246
0.00502195
0.0797618
0.0482643
0.0422453
0.0106596
0.0579721
0.0992999
0.198257
0.0419363
0.091326
0.054006
0.0947395
0.054438
0.0688717
0.217289
0.0983445
0.451133
0.00765831
0.494562
0.0104571
0.0519316
0.483681
0.112471
0.0317529
0.0548432
0.124594
0.120346
0.0601466
0.0549784
0.00646791
0.0120313
0.0138807
0.0760861
0.0680249
0.371251
0.0510098
0.00311479
0.0377642
0.0247462
0.0107651
0.00627655
0.0293995
0.111429
0.370891
0.109886
0.00805613
0.289932
0.013974
0.660465
0.211269
0.668823
0.232717
0.312797
0.0538453
0.524755
0.0803417
0.00524298
0.0254078
0.00745515
0.00385838
0.388697
0.0327574
0.0713334
0.194531
0.492946
0.0298879
0.0235541
0.11681
0.0260219
0.0447189
0.0079473
0.0115733
0.01446
0.103896
0.889747
0.0196801
0.0226822
0.0959024
0.121309
0.0145754
0.018863
0.0225626
0.0416539
0.25317
0.093819
0.162744
0.181451
0.0142219
0.0187854
0.023847
0.0223039
0.00868846
0.00285603
0.00497233
0.412832
0.00432774
0.0768819
0.0203528
0.00760458
0.0307032
0.486381
0.253528
0.0194557
0.665044
0.015355
0.00889542
0.0353267
0.0714685
0.0819504
0.0483582
0.072702
0.316019
0.0359369
0.00922989
0.0846993
0.0277384
0.0337433
0.305451
0.00655447
0.449793
0.0448785
0.0766565
0.00557244
0.0117984
0.00699097
0.015262
0.0189794
0.0703027
0.033725
0.00421438
0.0106918
0.00759811
0.0323192
0.0209564
0.00358576
0.0684414
0.024488
0.0100855
0.047302
0.386183
0.0208331
0.0474774
0.0393697
0.0855498
0.0133494
0.052876
0.259749
0.0354058
0.0531839
0.0951041
0.00147494
0.0236444
0.0181526
0.113322
0.234125
0.45314
0.314653
0.0063128
0.0284525
0.118132
0.0359813
0.0542036
0.0369196
0.0260076
0.0753235
0.403642
0.0940659
0.00855047
0.0454983
0.0650919
0.128359
0.0251199
0.0438807
0.0181466
0.189118
0.0819336
0.141575
0.107024
0.0258382
0.103106
0.0456931
0.03177
0.573722
0.119996
0.477185
0.0208384
0.025243
0.168221
0.110203
0.0399695
0.0152119
0.00509783
0.0477013
0.0229341
0.0262271
0.645886
0.00539502
0.0417674
0.0170718
0.014328
0.0253342
0.00958365
0.0968054
0.0817145
0.0449969
0.0290969
0.0198698
0.0327925
0.0640871
0.0242465
0.0710224
0.110259
0.108723
0.0814897
0.00975037
0.0340863
0.0267455
0.0390957
0.00723048
0.00552497
0.0166878
0.0881679
0.0298642
0.00266374
0.00680454
0.0107636
0.00515904
0.0890684
0.0125097
0.0157863
0.0174717
0.0152586
0.542096
0.0300375
0.00387779
0.011417
0.134051
0.0520647
0.0136646
0.00959413
0.0308975
0.0433937
0.416158
0.0121124
0.018218
0.00891845
0.0779286
0.065111
0.0199542
0.0375239
0.0499403
0.0976461
0.105051
0.032313
0.0101765
0.504561
0.00154412
0.0138921
0.035301
0.133846
0.00567967
0.000999538
0.00572944
0.190451
0.0591466
0.0181679
0.107531
0.0168879
0.0385281
0.109067
0.0409973
0.0295491
0.0284105
0.0100452
0.0133062
0.00263034
0.0177752
0.0166076
0.0597504
0.0196599
0.00433966
0.0277034
0.0441197
0.0197115
0.0276168
0.0192357
0.0532033
0.110567
0.0133986
0.103095
0.0393749
0.0165286
0.0466749
0.185899
0.0813441
0.0170038
0.0317914
0.0249368
0.109461
0.198253
0.00860091
0.0122978
0.0155237
0.00701946
0.059318
0.0213525
0.0216845
0.00354184
0.0816536
0.119124
0.0199389
0.197436
0.0140337
0.0625181
0.0590329
0.0727643
0.299802
0.0473973
0.00396176
0.246929
0.072946
0.301485
0.0130392
0.057644
0.287391
0.270439
0.0393486
0.0479945
0.313052
0.0260464
0.0466368
0.0179524
0.283782
0.320694
0.599652
0.003687
0.0351116
0.0164515
0.066329
0.123364
0.027847
0.0957804
0.0105507
0.0508477
0.427646
0.00922217
0.264622
0.024889
0.0541576
0.0834947
0.206737
0.064363
0.0175402
0.0962447
0.358077
0.0132773
0.0449367
0.039565
0.012115
0.0518307
0.118042
0.162097
0.0204364
0.0188289
0.0581124
0.0200514
0.0162612
0.440854
0.0635035
0.0223663
0.0272652
0.00356925
0.0150855
0.00600017
0.0829656
0.0279648
0.0127467
0.0226614
0.00371693
0.0578853
0.0490108
0.170797
0.0200276
0.0915157
0.0818279
0.0680286
0.0227014
0.0192694
0.0391979
0.0309619
0.0550069
0.00379141
0.0229117
0.0329963
0.171282
0.0748517
0.0438925
0.0132924
0.00391
0.0120308
0.00585183
0.0109726
0.0754067
0.0672536
0.00853763
0.0073312
0.00634872
0.330893
0.00769511
0.557499
0.214629
0.0206336
0.00788671
0.0102657
0.0191663
0.0294887
0.0104206
0.0304174
0.0121964
0.108377
0.0200798
0.0143067
0.00204186
0.0454299
0.163392
0.0295111
0.106723
0.0165187
0.210124
0.423756
0.476588
0.111176
0.0794509
0.00679644
0.00326582
0.0444546
0.046342
0.765815
0.0352415
0.07251
0.00667996
0.0442828
0.0648239
0.0132255
0.00216141
0.0326579
0.00997433
0.00491005
0.0276096
0.00556553
0.578089
0.0671649
0.0152866
0.00867228
0.0598228
0.0178733
0.0319187
0.0414629
0.132409
0.224732
0.114037
0.01975
0.0155382
0.0137596
0.0167419
0.0293262
0.0112322
0.0140158
0.00845204
0.0109973
0.016633
0.0112558
0.00647069
0.349759
0.00670841
0.00385764
0.00542402
0.0633264
0.00604848
0.0515692
0.00207108
0.0452275
0.0289464
0.0236096
0.480792
0.204132
0.535107
0.00519191
0.0112486
0.00979046
0.0206009
0.00627393
0.0551546
0.0666167
0.0636136
0.156333
0.0822025
0.0068955
0.0311368
0.0296287
0.00655329
0.0277628
0.0614476
0.0131591
0.00378791
0.0123362
0.0331933
0.0126422
0.0091442
0.024584
0.0805408
0.238154
0.0695539
0.00461392
0.0201233
0.106959
0.0371321
0.0379366
0.0237073
0.245892
0.0684205
0.668584
0.512643
0.0133796
0.210445
0.0135008
0.496375
0.357946
0.0236807
0.117115
0.0417563
0.078282
0.0167093
0.00617386
0.0229765
0.0200086
0.520183
0.0287595
0.0264314
0.0294981
0.0191405
0.029054
0.015484
0.331314
0.544924
0.00910531
0.00781347
0.00304299
0.103342
0.256469
0.0700348
0.0189356
0.00498513
0.0104147
0.0203136
0.0225197
0.0155655
0.0380099
0.0157494
0.187764
0.205542
0.0593489
0.00158804
0.0109117
0.0170804
0.0346982
0.068119
0.615992
0.00538386
0.0156082
0.145571
0.0208092
0.0331361
0.112144
0.0136777
0.0644907
0.0175538
0.00637965
0.0131547
0.114086
0.0114441
0.00913552
0.00460853
0.35394
0.0197363
0.0685131
0.00284468
0.00999117
0.00635569
0.146463
0.0298181
0.0219491
0.0824332
0.0847472
0.0484921
0.0136991
0.0125647
0.0266946
0.0555715
0.151278
0.0129866
0.0308312
0.0145457
0.0617724
0.149586
0.00662887
0.0267659
0.0565171
0.0119253
0.112269
0.0119161
0.180066
0.0113715
0.0132923
0.00742907
0.0410593
0.0788622
0.0182013
0.0283086
0.196736
0.00699108
0.0318316
0.0120543
0.126109
0.00457928
0.00739246
0.0028211
0.0108745
0.0194499
0.0320519
0.0161367
0.0137922
0.0144697
0.0140929
0.329557
0.054978
0.126679
0.0116841
0.0286514
0.489595
0.00696405
0.00550493
0.0965728
0.101128
0.00178194
0.0372513
0.0458017
0.0129728
0.0130366
0.0136114
0.00407977
0.0263635
0.0265854
0.0980695
0.0227044
0.0375651
0.00578798
0.0240557
0.00493032
0.00967718
0.0195116
0.11714
0.0997021
0.0356846
0.0238424
0.0605099
0.0178304
0.0114844
0.0133946
0.0382569
0.0140558
0.00522599
0.000964695
0.00147544
0.0204333
0.00504389
0.043379
0.00507478
0.00945506
0.0484737
0.0253842
0.0354681
0.0148332
0.0198272
0.0766257
0.0248591
0.0674341
0.0101552
0.0210761
0.0349507
0.0139493
0.0378082
0.0749403
0.0704537
0.0333954
0.0196615
0.0231167
0.0104731
0.00192984
0.00639134
0.319554
0.00947327
0.00165412
0.0624086
0.00770076
0.221222
0.095053
0.31128
0.064611
0.0557114
0.553582
0.0084647
0.0272852
0.0146338
0.74727
0.0115618
0.0157196
0.0234484
0.0722029
0.0572854
0.019784
0.0375344
0.215665
0.113505
0.0138821
0.0120213
0.122688
0.0429172
0.0098591
0.049998
0.0238245
0.635741
0.0515192
0.0061745
0.16259
0.0232936
0.0635399
0.013437
0.0325078
0.191731
0.0161232
0.106679
0.0778715
0.00684315
0.0471957
0.0607764
0.013166
0.173175
0.00350303
0.0323854
0.0114596
0.019029
0.0526754
0.0247246
0.0101418
0.00535813
0.0029327
0.0854679
0.00938988
0.00690986
0.0130925
0.0025064
0.0144218
0.0390901
0.0592604
0.0238132
0.0107989
0.167056
0.316519
0.0673487
0.0235303
0.00588611
0.352253
0.00257014
0.0229893
0.0211049
0.00605167
0.0181198
0.00725501
0.0120999
0.0213161
0.0261836
0.00706971
0.0332014
0.04251
0.0343318
0.128167
0.0772802
0.0179508
0.427429
0.147403
0.0583398
0.004657
0.0130563
0.0261609
0.279629
0.0234805
0.0232202
0.0308043
0.138076
0.0518998
0.0217362
0.0102845
0.0442698
0.0664341
0.00651484
0.110756
0.0872517
0.00306944
0.0155321
0.0102132
0.0132946
0.0136825
0.114863
0.0177979
0.0297584
0.0113809
0.0113386
0.0171977
0.0402911
0.217774
0.0684112
0.0397663
0.0119503
0.0113201
0.00703645
0.104639
0.00806321
0.00775717
0.0326636
0.0132822
0.145865
0.0554332
0.00863183
0.025506
0.19092
0.016725
0.166838
0.136224
0.0197809
0.00854088
0.0265688
0.00452542
0.0388091
0.0142032
0.0157962
0.0423975
0.0188662
0.0240945
0.091863
0.0287231
0.0464157
0.0138162
0.0475978
0.0417422
0.0769958
0.0351761
0.00522052
0.0118984
0.0509114
0.0313793
0.0568395
0.0460738
0.00496826
0.0435397
0.0153679
0.00413974
0.0986931
0.0744643
0.0296914
0.0758243
0.030458
0.0450107
0.0506416
0.0260257
0.00683467
0.0571885
0.012435
0.0123411
0.0274421
0.0786005
0.0246568
0.112792
0.034872
0.749934
0.0979395
0.0280959
0.05071
0.0469053
0.00396101
0.877978
0.0522469
0.0214906
0.00422072
0.139984
0.02234
0.0688659
0.0061768
0.0230643
0.0579138
0.0156604
0.0116391
0.00918695
0.0867304
0.0189467
0.0353964
0.0130591
0.0836793
0.0330328
0.0496532
0.0064897
0.0207733
0.00949994
0.0190961
0.027638
0.00910778
0.0170562
0.00834281
0.0890591
0.0248371
0.0347332
0.0293471
0.0859789
0.0437414
0.00237112
0.0355091
0.0841428
0.0111785
0.0255318
0.00463799
0.0168523
0.335977
0.024378
0.0589346
0.111444
0.0695933
0.016654
0.0215392
0.0261859
0.0566958
0.00715877
0.120564
0.0597853
0.179096
0.101021
0.11452
0.146883
0.0641031
0.454985
0.0202727
0.00393637
0.0339276
0.0275644
0.221935
0.0354526
0.0569502
0.0387061
0.338467
0.0168529
0.00850695
0.257564
0.0487965
0.0800833
0.193634
0.436046
0.00497883
0.0274796
0.0103227
0.00403928
0.0607648
0.00627891
0.0856963
0.0221765
0.0229595
0.0159928
0.113391
0.0100909
0.0152223
0.786486
0.00388882
0.0184126
0.15527
0.195847
0.111005
0.581773
0.1985
0.0546736
0.0331092
0.0474399
0.013353
0.00646205
0.101371
0.0460408
0.00472131
0.0372948
0.00716225
0.00200864
0.0175212
0.00809696
0.0163547
0.0091181
0.0267185
0.00880715
0.0362567
0.0163358
0.0477716
0.0159358
0.00178405
0.040422
0.248589
0.0107442
0.00223895
0.0229755
0.0791907
0.0223505
0.00979056
0.243121
0.214447
0.564281
0.0204552
0.010249
0.0507878
0.0264462
0.0271536
0.314346
0.132337
0.0206954
0.0118322
0.422108
0.0290108
0.0140009
0.110954
0.109693
0.0328165
0.0433875
0.0233701
0.0253831
0.121554
0.0186219
0.0175662
0.00913983
0.0153279
0.0390736
0.0115927
0.00792527
0.0130566
0.0299737
0.0453493
0.0172753
0.00465682
0.0407304
0.0617071
0.0312128
0.00734545
0.00891544
0.0305569
0.0380018
0.0109232
0.0313788
0.112302
0.0479449
0.0138792
0.232656
0.00668708
0.0965452
0.127612
0.00358906
0.0100095
0.0458957
0.0173391
0.0284317
0.111577
0.0657895
0.015057
0.135519
0.0283559
0.103187
0.0109165
0.237013
0.054968
0.608872
0.0158403
0.0971448
0.0392481
0.0348406
0.172447
0.0074166
0.0829515
0.00982895
0.00449648
0.0385278
0.00710922
0.0983256
0.243381
0.0252865
0.0626217
0.0345964
0.0424287
0.0539589
0.00129287
0.0601409
0.0108101
0.0871335
0.0556753
0.00628839
0.123089
0.0392846
0.0531472
0.0107432
0.230712
0.709922
0.0387375
0.0614806
0.112152
0.110916
0.0682828
0.302947
0.0363862
0.404681
0.00534619
0.00302631
0.0251447
0.0152949
0.210103
0.00946475
0.00646683
0.0343196
0.0112027
0.0192449
0.00185339
0.0638468
0.0179209
0.00726594
0.0094297
0.0307957
0.0248234
0.0218735
0.00785759
0.0281089
0.00714187
0.0984788
0.047044
0.131253
0.0156684
0.0479844
0.233218
0.00745748
0.0209085
0.134463
0.0553294
0.0142267
0.0419096
0.0156808
0.00351283
0.0537532
0.018516
0.00445651
0.0381021
0.0193067
0.0222784
0.0498434
0.614853
0.0185561
0.00947992
0.00902568
0.00406141
0.00394511
0.108525
0.0247229
0.0242629
0.0143356
0.018122
0.00421456
0.0164757
0.0593525
0.0145538
0.0330533
0.114893
0.0295934
0.0207296
0.0576875
0.0303337
0.151933
0.033874
0.0189607
0.162712
0.00385881
0.0161811
0.0346218
0.116415
0.149026
0.23682
0.0785495
0.0778227
0.030753
0.00832748
0.0251448
0.0278719
0.469328
0.0538449
0.0147051
0.249426
0.110107
0.00765455
0.0131725
0.143265
0.0482988
0.0166868
0.00490488
0.0117769
0.127974
0.299166
0.0158281
0.142256
0.0454184
0.101458
0.0159861
0.161227
0.0369128
0.0656615
0.165624
0.0290278
0.155623
0.314164
0.0280517
0.136866
0.0249028
0.0181653
0.185433
0.00531005
0.052287
0.111663
0.00166298
0.00250572
0.00938443
0.0963345
0.00215441
0.0443909
0.185462
0.0251268
0.0271639
0.0236222
0.00905312
0.00925784
0.0214593
0.0306226
0.0726699
0.0109245
0.0133446
0.0882142
0.0483545
0.0134425
0.0104603
0.0824042
0.0094733
0.0320707
0.0314291
0.115336
0.0232789
0.0857966
0.00530438
0.0140647
0.123201
0.07843
0.0421218
0.0403646
0.111965
0.0791411
0.00846249
0.0165074
0.0244912
0.00172243
0.0848021
0.010177
0.0120856
0.00623087
0.0192186
0.0568098
0.0172524
0.0222792
0.0192037
0.00710377
0.0035107
0.0270454
0.175328
0.170469
0.0195215
0.0320527
0.00482256
0.00242475
0.025313
0.0310194
0.00706196
0.0149867
0.0589299
0.00913883
0.00602729
0.00915186
0.0107636
0.0056362
0.0303219
0.0165707
0.0242499
0.00875934
0.0259623
0.0107333
0.0232698
0.00135203
0.115287
0.263307
0.256498
0.0714791
0.100973
0.0415775
0.167978
0.0216639
0.00370084
0.0013995
0.0256091
0.16498
0.0713295
0.137411
0.31682
0.150855
0.0142266
0.0320271
0.116316
0.113792
0.135931
0.100548
0.00918885
0.269365
0.121045
0.0900282
0.0489641
0.0126176
0.0878876
0.0958069
0.0152622
0.0478471
0.0403536
0.0176932
0.0575506
0.00867583
0.129539
0.150413
0.0138859
0.393334
0.0461754
0.0330102
0.0324866
0.0946283
0.105282
0.0874069
0.0447174
0.0103381
0.0338671
0.268979
0.289278
0.0195275
0.293151
0.247756
0.036683
0.279838
0.0205996
0.185032
0.0859735
0.0411455
0.0298535
0.0918792
0.0334176
0.00861026
0.0750508
0.235451
0.0478825
0.0603682
0.0887069
0.0282791
0.0441323
0.0770591
0.504282
0.152878
0.0565329
0.0235494
0.0230491
0.011605
0.0201543
0.0194121
0.015391
0.0382548
0.193392
0.748482
0.174448
0.325018
0.489225
0.977608
0.928682
0.537408
0.219785
0.837378
0.948562
0.553278
0.456255
0.555699
0.716403
0.164107
0.149558
0.981866
0.592339
0.239481
0.55249
0.656121
0.668403
0.391457
0.496823
0.862287
0.155688
0.0400551
0.0793387
0.177538
0.212535
0.0515366
0.992357
0.995856
0.995227
0.104163
0.0183917
0.788101
0.359251
0.935637
0.810272
0.994782
0.0795607
0.0580721
0.944641
0.729808
0.735203
0.716253
0.614931
0.118161
0.441687
0.353515
0.633553
0.0872597
0.956277
0.975876
0.501644
0.499529
0.966279
0.0837275
0.10014
0.562185
0.135323
0.292748
0.868711
0.820704
0.756953
0.030789
0.1619
0.0665461
0.36068
0.984868
0.99659
0.401527
0.92617
0.566453
0.493792
0.896564
0.548634
0.930564
0.561752
0.908919
0.994381
0.0369272
0.607345
0.866808
0.703201
0.199926
0.0266706
0.0818111
0.0546994
0.00445251
0.00618526
0.995162
0.487953
0.502097
0.26421
0.830944
0.961263
0.48315
0.202682
0.752121
0.959026
0.982044
0.99356
0.992356
0.624703
0.14652
0.884358
0.980898
0.904088
0.995713
0.431762
0.902494
0.855933
0.874691
0.0893917
0.456848
0.771231
0.303577
0.870528
0.953464
0.915722
0.932418
0.172645
0.0247552
0.163177
0.815263
0.09151
0.0276288
0.0181057
0.00926052
0.0213058
0.0171113
0.101663
0.0849532
0.237971
0.328727
0.283643
0.972856
0.972534
0.565403
0.298278
0.468705
0.503115
0.14125
0.0544535
0.0692827
0.319428
0.852562
0.400317
0.0582553
0.0508261
0.593098
0.315109
0.673487
0.529332
0.385426
0.0175565
0.801133
0.0380554
0.927847
0.807918
0.231455
0.0450304
0.737989
0.616261
0.433689
0.282885
0.771565
0.613862
0.964174
0.984144
0.801941
0.718275
0.028398
0.887174
0.390353
0.857229
0.529854
0.299108
0.0523045
0.223613
0.103305
0.90669
0.482709
0.501481
0.255959
0.114026
0.928392
0.922732
0.976106
0.744208
0.383949
0.92982
0.124631
0.226837
0.143349
0.0197547
0.0498903
0.761421
0.0923569
0.812604
0.996626
0.117445
0.94756
0.156863
0.0669852
0.708232
0.549309
0.741731
0.695756
0.0455984
0.635138
0.488918
0.925554
0.0142892
0.0533187
0.643565
0.194705
0.985336
0.987775
0.887807
0.120129
0.0243624
0.966324
0.976728
0.443357
0.680254
0.634882
0.229734
0.985729
0.843646
0.789643
0.0170903
0.464715
0.991466
0.371144
0.66505
0.602952
0.777581
0.545003
0.740467
0.519922
0.330821
0.765188
0.854731
0.763183
0.58125
0.926107
0.972585
0.941426
0.70781
0.992254
0.641012
0.23696
0.987937
0.572885
0.83011
0.828279
0.576169
0.639738
0.323396
0.0895207
0.0764911
0.619562
0.0146021
0.76694
0.764212
0.992201
0.863237
0.369404
0.494828
0.22225
0.93696
0.949306
0.887332
0.0998555
0.423634
0.291507
0.533533
0.309724
0.372338
0.029537
0.986574
0.946761
0.901698
0.883288
0.0320436
0.410416
0.614948
0.771516
0.654388
0.331938
0.958712
0.999147
0.993086
0.113351
0.555133
0.271553
0.785712
0.980721
0.96803
0.628482
0.178366
0.790496
0.841811
0.77497
0.94871
0.968539
0.996522
0.967073
0.855472
0.301196
0.365897
0.965768
0.839243
0.255343
0.967191
0.964872
0.958139
0.107317
0.603584
0.882917
0.0327775
0.934629
0.92766
0.972932
0.977932
0.689191
0.366568
0.843033
0.167657
0.542933
0.184537
0.963735
0.0397243
0.298679
0.254106
0.167177
0.354723
0.223142
0.644527
0.817195
0.493983
0.71419
0.364261
0.191988
0.917463
0.0349445
0.233299
0.131585
0.0907183
0.0394634
0.595309
0.548766
0.352082
0.303445
0.943789
0.982559
0.717735
0.902766
