0.376782201976
0.117249458283
0.771303501725
0.703913365304
0.816565549374
0.332053115219
0.229568938166
0.303282562643
0.243834667653
0.741835856438
0.0154741428749
0.179624622315
0.338953065127
0.658196794987
0.0272899389267
0.894531697035
0.75873093009
0.193738656398
0.181219578534
0.081405775249
0.227902331203
0.0393736367347
0.060447258316
0.231703559309
0.449883046746
0.213004040159
0.277621052414
0.667172902822
0.24686313048
0.279563505948
0.735341262817
0.637722747028
0.174096338265
0.110310873017
0.675042882562
0.0618436412886
0.91669113636
0.316835459322
0.0880558717996
0.98511274457
0.975067514181
0.970146024227
0.98161097765
0.0633803646546
0.593233421445
0.864447820187
0.947664773464
0.932116693258
0.964604085684
0.26693238318
0.344843841158
0.0995282164775
0.00762985049514
0.824863421917
0.782612067461
0.750635133684
0.795706486702
0.631840187311
0.0349713945761
0.801021543145
0.321630216017
0.972117340565
0.853238749504
0.989633721113
0.109713883302
0.23073882889
0.00511821823893
0.44945448786
0.0113273883704
0.677868185937
0.703287747502
0.77789272368
0.758145403862
0.496508973092
0.426936972514
0.199551720172
0.192146534845
0.0467141662724
0.84378054142
0.0024869124667
0.00343018301064
0.231563348323
0.854594486952
0.0537815284915
0.649044208229
0.747122752666
0.903639918566
0.994234836102
0.1027399207
0.115464472957
0.484192299843
0.0930139594711
0.470919747651
0.554589917511
0.743159267306
0.620726637542
0.0262732195668
0.127426924556
0.944705963135
0.0083613162351
0.326142247021
0.114922511764
0.50711556226
0.0383212887216
0.00786071119364
0.183251694962
0.818743765354
0.50425125882
0.427584470809
0.645227107406
0.939014703035
0.69297927022
0.402520518005
0.308845862746
0.721404534578
0.228854100406
0.957429081202
0.0459829565138
0.0390384614002
0.100384237617
0.0387100637425
0.287098727375
0.00313871051767
0.8790843606
0.486424013972
0.973584377766
0.970828860998
0.897870731354
0.997489249706
0.596270433068
0.529051602259
0.0202809229493
0.0330613674596
0.0320430730702
0.0372208536719
0.785832184553
0.469503340125
0.0892775663175
0.94711933732
0.277642209828
0.0956332488917
0.0980490233749
0.00194413785357
0.876118212938
0.0250583732035
0.836393344402
0.214294273779
0.228697035089
0.813637840748
0.169925557263
0.935811346769
0.651341095567
0.855890202522
0.86264654994
0.196219880134
0.162662324309
0.238429978117
0.0277733273921
0.133405968174
0.337048181891
0.735714250803
0.503332035989
0.253017168492
0.189931489527
0.90132317543
0.0395204037894
0.610176594928
0.567105263472
0.89077180624
0.0150306838332
0.358967699856
0.581106387079
0.325978727639
0.614599835873
0.118272327352
0.12884804979
0.0410312188789
0.110178537853
0.257742987294
0.751139783859
0.651799884439
0.886490160227
0.984401428699
0.0143197607715
0.12956553176
0.494634801149
0.984999471903
0.923087096214
0.0885515548289
0.084891198948
0.443821585178
0.00306230768329
0.866232615709
0.83072142601
0.140705458075
0.0948942763731
0.23678133525
0.0912455998361
0.919507437944
0.986641460657
0.0258868858684
0.0766772704199
0.00771271412959
0.39012735188
0.885030895472
0.0420852490701
0.0902321567759
0.362251140922
0.0978669058532
0.107186984643
0.488775837421
0.136398407444
0.998259681463
0.176631532982
0.0187762101647
0.00543086007237
0.00994744445197
0.236404333636
0.753835554421
0.071021644026
0.0408983578905
0.654624153674
0.0923965087626
0.757285493612
0.332243848965
0.99858956933
0.867591375113
0.435050791502
0.954471242428
0.825673317909
0.107665883563
0.0191181185655
0.0961880389601
0.0377181835473
0.307791484892
0.773040008545
0.201167847589
0.915529799461
0.0446753117023
0.0205008208286
0.0178319359082
0.0328742785612
0.177980703488
0.24871566724
0.632027357817
0.711590948701
0.99999370575
0.999651986361
0.394711889327
0.833829259872
0.872157764435
0.703682401776
0.0503198792227
0.0642013838515
0.0721804404631
0.0417264642194
0.000786747661186
0.0211979703978
0.00541644883924
0.465006315708
0.116964582913
0.406019188464
0.24989886526
0.898634248972
0.61602755785
0.0623505894095
0.890614157915
0.580258646607
0.821333438158
0.843987125158
0.0578530859154
0.0103898764821
0.00513107146835
0.00793260106584
0.50460973531
0.071798139438
0.225110371038
0.867071837187
0.0763664904051
0.411133861542
0.887180548906
0.686562520266
0.514335490018
0.443154612184
0.728059080243
0.615727853775
0.444591993093
0.0771557372063
0.0186080061249
0.794342812896
0.526212710887
0.275494622998
0.579915603995
0.0313207271509
0.0086578808492
0.357571881264
0.71345475316
0.187607834488
0.761242470145
0.531742888689
0.0371899137041
0.172682241537
0.494414696097
0.0899464420974
0.253797970712
0.407169722021
0.104422045127
0.132464803406
0.329277102649
0.760057002306
0.00907259699889
0.0156777676195
0.659242999554
0.071879394073
0.513122934103
0.0649778820574
0.00739280604466
0.197265782207
0.987945348024
0.780851787329
0.614865171909
0.167027519085
0.233569789678
0.681442135572
0.0200926403282
0.876183897257
0.219381673262
0.100390820019
0.114803203382
0.999953001738
0.00251322172262
0.0432726585073
0.462776279449
0.547633723915
0.0136155034415
0.024782178225
0.996710991859
0.979464477301
0.218679770827
0.147463895753
0.751519572735
0.813187164068
0.829020822048
0.871271461248
0.114800698031
0.507161390781
0.165112280846
0.00682618737919
0.00729130385735
0.0237670717761
0.972873836756
0.310763062537
0.844430851936
0.191614565253
0.474757611752
0.182278035581
0.116866922379
0.987351292372
0.669001339376
0.61436739862
0.125329541042
0.0315355168656
0.858949768543
0.119934138656
0.851726716757
0.712088572979
0.715613462031
0.703326761723
0.0908281100914
0.02520821332
0.331442417204
0.501115680486
0.685013067722
0.501775465906
0.567140315473
0.467978836596
0.389788864553
0.941982662678
0.0569975988008
0.461525478959
0.00130569438625
0.0543818956241
0.0456285875291
0.390400080383
0.915084952116
0.208470351994
0.882026022673
0.714628869295
0.162516336516
0.698718252778
0.607145774364
0.0106528077857
0.0126721940236
0.0574072968215
0.987956380844
0.985852897167
0.670355808735
0.00632643097779
0.737196227908
0.925064617395
0.352392134815
0.013742996566
0.907798963785
0.861020642519
0.195444266871
0.974806433916
0.783909547329
0.659707902372
0.912490618229
0.712129497528
0.240612650663
0.0458024736494
0.963814067841
0.325875305384
0.0611968614161
0.822364455462
0.126496364921
0.894134873152
0.794278585911
0.691111385822
0.340356612951
0.192077819048
0.524200131744
0.952853745222
0.0950774271041
0.0131062361528
0.457263346016
0.165728687868
0.989210015535
0.579573649168
0.0727888798341
0.267905557901
0.0405692030676
0.0796946935356
0.386086621881
0.123458655924
0.865274745226
0.714355817437
0.999868494272
0.995812177658
0.00603323587275
0.00476604065043
0.0652575140819
0.22434180975
0.252229229361
0.476964053512
0.612480786443
0.40013788119
0.124815615546
0.0470370233059
0.210166137852
0.0609166067094
0.213390766829
0.894202750921
0.850811135769
0.802738827467
0.509347067773
0.00947908243397
0.307093242556
0.0747733723372
0.414042651653
0.745109730959
0.704086923599
0.626708605886
0.806553220749
0.771339803934
0.917780476809
0.337220463157
0.386307322234
0.948361188173
0.845728850365
0.716824775934
0.800914907455
0.945315152407
0.936500000954
0.675827118754
0.882899188995
0.80943146348
0.347437632829
0.204281842709
0.118204861507
0.788655692339
0.0358354046519
0.0186954329489
0.342152677849
0.389942196012
0.0586615016684
0.0912985011935
0.519770222902
0.289379595965
0.0895556959324
0.689830589294
0.00681069309358
0.0148999060038
0.131484539807
0.643611517549
0.343181015551
0.408071219921
0.225498906709
0.745745486021
0.818993607163
0.857944375277
0.0990828586742
0.841504919529
0.140226177685
0.442223195732
0.103678617254
0.0247039421927
0.129230888002
0.0157826101931
0.64199513346
0.599623216689
0.325985420495
0.0466614970937
0.00642810537829
0.0111678778427
0.594058918953
0.0618111709133
0.0582136216573
0.317472976446
0.632390370965
0.100654435158
0.726615381241
0.961606556177
0.0434578185901
0.179794560373
0.0755609123036
0.481974038482
0.294555781782
0.930493950844
0.0331718443893
0.146669186465
0.785562390089
0.934373754263
0.784575664997
0.466028614342
0.776437535882
0.188530809805
0.571483145654
0.316627142951
0.69927829355
0.0757694534957
0.039649339579
0.437238828838
0.636291995645
0.64104885757
0.499406801164
0.132840577513
0.182170213014
0.914462351799
0.894933956861
0.896183305979
0.0143357494613
0.297728611529
0.116922829114
0.528902336955
0.0198925281875
0.606115718186
0.619560626149
0.0677631806582
0.674410656095
0.0703750629909
0.667410963774
0.137488492019
0.0229118342046
0.0592032751068
0.942503470182
0.0888464124873
0.55472227335
0.499824267626
0.00325594406168
0.949369633198
0.0112333370722
0.866383767128
0.018880200386
0.920222175121
0.927977842093
0.1250734061
0.0483430983499
0.00471868659952
0.188253102452
0.967008274794
0.569181007147
0.14909500666
0.274468708783
0.117944961227
0.947181046009
0.0143957004446
0.969126981497
0.142055039108
0.00491734895622
0.876258331537
0.118276617303
0.0635502421763
0.665709620714
0.00917673683725
0.209976238757
0.0470426301472
0.0301951827481
0.870390599966
0.0252555008512
0.906386351585
0.484006956965
0.0843195059337
0.0134339661308
0.0220029627904
0.292607430369
0.194939796627
0.0644625319168
0.282416556403
0.749785065651
0.0288455036469
0.178831483983
0.982790315151
0.997120803595
0.995281839371
0.14675459452
0.0383792810142
0.0391099831089
0.0090736237762
0.0538781296927
0.0310509156436
0.999806064367
0.247718549892
0.770169743896
0.0267242651898
0.47608185932
0.125752080232
0.0792319217697
0.0204021681449
0.0299467392266
0.0518672785722
0.835135853291
0.737267690897
0.335889763385
0.765921896696
0.509499365091
0.502760839462
0.304038866609
0.700809007883
0.614151546359
0.816473469138
0.488363854587
0.99213668704
0.0080376369413
0.762808674574
0.436608997732
0.922451841831
0.96444683671
0.94989272356
0.968830382824
0.255928624421
0.0865424672142
0.703608453274
0.142869722657
0.18180225417
0.00614095525234
0.0224910116056
0.626008313894
0.343919245899
0.738915379345
0.0264243000187
0.263118219376
0.082287068665
0.00533026502817
0.0192670797638
0.418644488603
0.606687059999
0.302000151575
0.00595754681272
0.0213652400533
0.342536363006
0.632101674378
0.0136204720358
0.0728687770665
0.718730309606
0.0148027134128
0.416289067268
0.0625162749551
0.518598534167
0.0449108235538
0.676046392322
0.0246956511401
0.493978822231
0.00522324286867
0.0322289661504
0.838712614775
0.251856102049
0.978308284283
0.604679894447
0.00175909968093
0.315934970975
0.555470895767
0.483984692395
0.0209382428788
0.39567252174
0.00592510854476
0.0230696136132
0.0294826384634
0.853275167942
0.358763287961
0.709120324254
0.0446561032441
0.0348429914564
0.0710627471097
0.257488014549
0.491031391174
0.12489772886
0.856394177675
0.0246684126323
0.980066841841
0.494418485463
0.69697625339
0.928425610065
0.961415731907
0.880160361528
0.584412372112
0.0702490558848
0.202780885622
0.671121366322
0.13588565141
0.956592565775
0.0159219199792
0.0289825014304
0.0798728133552
0.982402747869
0.859016466141
0.657430925965
0.480829855055
0.540535956621
0.0372990752105
0.380288558453
0.11472437568
0.738024365902
0.19659739919
0.451575240493
0.79361333251
0.161615475826
0.0917116067372
0.0361758788116
0.0446752001299
0.889658910036
0.939312463999
0.779567396641
0.574729640782
0.62946780622
0.0312825716683
0.345542357489
0.785375624895
0.025021872879
0.97888096571
0.186857221741
0.770909753442
0.747266972065
0.793535614014
0.0123436021619
0.13737812601
0.445068816841
0.0144259630353
0.807777863741
0.242497831862
0.058973460563
0.787257504463
0.100248696748
0.884872913361
0.578933039308
0.225660158694
0.663206169009
0.0200548938999
0.809526467323
0.597239327431
0.749414128065
0.437355279922
0.467441245168
0.677545250952
0.93972466588
0.00412688273937
0.177940296009
0.0767105363309
0.0174560829531
0.11548212925
0.0175031646737
0.0512604912277
0.618837177753
0.0966551285237
0.000928331722389
0.0274600635283
0.375664392114
0.195414382964
0.432299640775
0.682522547245
0.703543204069
0.0641613515094
0.951817458868
0.176176806539
0.0304350530729
0.675587286055
0.675111350417
0.0440016156295
0.19247348886
0.0294151388109
0.833256793022
0.13495580852
0.145303885639
0.425225621462
0.0230881217401
0.0241265380173
0.319438695908
0.279428240657
0.0573497219011
0.0531279280782
0.0171398024075
0.0617606583983
0.167556053959
0.012211618945
0.00298686911992
0.861134052277
0.881988486648
0.0167376088211
0.20565333534
0.256251319498
0.0434370605042
0.123904664628
0.55426659584
0.0227208635537
0.801920258999
0.0173757134937
0.290941603482
0.0670871969312
0.109175421065
0.0388357722783
0.787292182446
0.0250263057649
0.633843147755
0.866473090649
0.189298452064
0.37242731303
0.105030952953
0.00707433012431
0.836242881417
0.787192159891
0.0552593016997
0.415080617368
0.232422270253
0.00254499953298
0.86804779768
0.94089974761
0.021890539024
0.551583182812
0.441724519432
0.259677000344
0.030240979651
0.973789191246
0.0813964057714
0.0493001677096
0.169200685434
0.452733522654
0.143459755555
0.00497220644029
0.761181777716
0.0155986826168
0.582592116296
0.0962821273133
0.62995390594
0.0162257092074
0.00455688110378
0.140501386672
0.736488708854
0.275414517522
0.0126160093932
0.892384302616
0.737500846386
0.0790865924209
0.1807919221
0.0273565011565
0.541752526164
0.521290571988
0.117960950173
0.0933952063322
0.124074494094
0.0930018163752
0.870323610306
0.671537053585
0.159968572855
0.0400745596737
0.00108848576929
0.866424816847
0.0271050707786
0.0361279352801
0.0983883598819
0.00474742125953
0.000778540637839
0.0184565878939
0.926323240995
0.0704658795148
0.0392485316377
0.699214747548
0.884063827991
0.00769427628547
0.116789678298
0.296876002103
0.113505365117
0.338490030169
0.0481373541988
0.241277228482
0.0118705216097
0.311304946616
0.00777666864451
0.0919434916694
0.00726203508675
0.139561993256
0.0385793518275
0.00463591355947
0.00629780324525
0.0385030758567
0.024638789054
0.90261067152
0.013065883168
0.962440621853
0.0133367254282
0.997948044538
0.999605739117
0.999210429192
0.977616548538
0.942769181728
0.0357269853586
0.0133857504465
0.0316840024898
0.0183960935334
0.0353076336905
0.846664690971
0.843508279324
0.13370353207
0.456048771739
0.00637673121455
0.245673111454
0.0781525828876
0.392451352626
0.718770095706
0.99890743494
0.996762096882
0.997968769073
0.997950613499
0.522902952135
0.0385500264354
0.047649001237
0.149003233947
0.842509287596
0.0809285761323
0.0125597960548
0.123290621489
0.00939490201417
0.00921541745192
0.0619080416858
0.0615510251839
0.0023566669086
0.492183778435
0.0514132823329
0.0615843535401
0.0841264292598
0.999979662895
0.999970662594
0.999416422844
0.996281564236
0.998613506556
0.014903674135
0.0669926115312
0.0858619838953
0.315842929482
0.0101830079424
0.0298381021479
0.0852953244001
0.992238068581
0.975868594646
0.00360258997825
0.895123708248
0.03217565089
0.015515906061
0.022370202723
0.00373339631769
0.999858051538
0.999104112387
0.0257723540068
0.997845566273
0.986110520363
0.892983138561
0.113487322628
0.950038409233
0.808912557364
0.212378501892
0.136012180708
0.782399004698
0.00429712069308
0.878005439043
0.0375006754883
0.19111819379
0.479101260006
0.796622261405
0.0267179286806
0.982748603821
0.701579940319
0.800935804844
0.0254054487916
0.75548030138
0.956894308329
0.767934843898
0.406294864416
0.790852481127
0.203557794541
0.341571154445
0.0999603388831
0.888893347979
0.416308418661
0.102512700483
0.898341423273
0.935065978765
0.811366426945
0.911637151241
0.153330821637
0.42055850774
0.0730094068684
0.124353778409
0.553697372973
0.0215695521329
0.104113566503
0.538846483827
0.0327233535005
0.607796511054
0.0294527937658
0.0324987239437
0.0251586856321
0.948926961422
0.0606648865156
0.560953336954
0.520221218467
0.501587250829
0.065116594173
0.629855237156
0.721415185928
0.112644943595
0.0108539204928
0.858084756136
0.831847333908
0.293480189145
0.105075827613
0.019209980662
0.729137283564
0.0747460175306
0.015038593486
0.717974749207
0.597709220648
0.0463469186332
0.166862365045
0.481452234089
0.636169093847
0.316930670291
0.862766635418
0.522611601651
0.419200391322
0.936011040211
0.954680627584
0.849596887827
0.4163549155
0.0136718883645
0.918063384295
0.0700681573711
0.76236872673
0.0251095949672
0.65361122191
0.855597415566
0.262756242603
0.860476481915
0.695565015078
0.0143265102059
0.953145217896
0.967722344398
0.938713347912
0.648970806599
0.977971082926
0.177490399405
0.079680784652
0.0668497011997
0.918967866898
0.96562948823
0.0567117891274
0.521855971217
0.121738710627
0.35954067409
0.0460118573625
0.174450446665
0.66658706069
0.487370077521
0.118231278006
0.155617080629
0.373225821555
0.498206464946
0.0808049518615
0.0366094389465
0.756691971421
0.862361198664
0.0419169120491
0.0850656962022
0.631305265427
0.0118693848955
0.926233494282
0.0562001724727
0.155298668519
0.0641285079531
0.820427006483
0.0650424339809
0.892356586456
0.509401723742
0.168578018248
0.0315725175664
0.675761431456
0.0198177100159
0.197770286351
0.0330267556477
0.0532266187016
0.0382264278363
0.160594112799
0.813628560305
0.364923553169
0.0208311807364
0.0166410817648
0.0515246933443
0.0246800361201
0.032613472268
0.00257562610723
0.00198005884886
0.0854015422054
0.00844625459285
0.0027097802551
0.290861676633
0.290093851835
0.638724163175
0.0131886029965
0.487304344773
0.399013413489
0.0700853301212
0.491703177989
0.0756404811516
0.012344319257
0.0877571545541
0.174058587104
0.000662716442457
0.0512524500024
0.0446430815849
0.90495505929
0.254792456329
0.0295943168923
0.0523133161478
0.0056836532196
0.142196650431
0.338135607541
0.71042252779
0.1079185782
0.0219452956691
0.0123696867842
0.0205808177358
0.111476524919
0.770495229959
0.755552253127
0.164285232499
0.0280496178661
0.00876948568039
0.120113788731
0.0758181139827
0.25785254743
0.733600628376
0.0447597434279
0.0197351180832
0.160506153107
0.304919742793
0.086309557315
0.879850769043
0.169871282391
0.137304313527
0.0275763887039
0.756078368425
0.0747450903524
0.416860758513
0.385698068514
0.303295459226
0.0109216889017
0.00100914478207
0.323662412167
0.125547577813
0.41750131622
0.155249919742
0.312099730223
0.134953179769
0.581122234464
0.5376895383
0.928425425291
0.0134193060687
0.0369494124781
0.355368042737
0.436144822836
0.0285083753057
0.291788394749
0.840742409229
0.0806424109265
0.817269521952
0.0535056039691
0.0298006017692
0.029440208897
0.00350200894172
0.12355733877
0.11337248981
0.100050476752
0.526553559303
0.505442535877
0.23602001816
0.0561159335077
0.340213723481
0.041639726283
0.0146849186393
0.434397110343
0.0193568568211
0.00280179023976
0.0164137431071
0.0138573194039
0.00960015130695
0.0333161190152
0.0981870850548
0.0336960255634
0.015758202679
0.551621259749
0.739654880762
0.279102753848
0.137367969379
0.434019479156
0.0249456584221
0.026345559489
0.163916275464
0.42619587183
0.026696193614
0.0320359777659
0.0393192708492
0.00700164012378
0.0098491744604
0.0701676433906
0.0151465083705
0.010979448643
0.0288114008494
0.00691404176177
0.58556291312
0.826905286312
0.0354289507493
0.0112666334026
0.357787779719
0.017604754027
0.00410365188145
0.358725039661
0.0380044482183
0.24112695884
0.0200949821156
0.135044761747
0.0630902046338
0.352204082906
0.0359721874818
0.0437422527932
0.271030062065
0.771048635244
0.748762434721
0.0845540543087
0.814208203554
0.0264011686319
0.130676806532
0.0531189253554
0.0228546133207
0.0961411700584
0.0512740748934
0.0201212073211
0.214849023893
0.156779304892
0.48030731082
0.166549565643
0.026228775864
0.00542314556078
0.00686223065713
0.0468434629962
0.00208046129192
0.0556976482272
0.354054391384
0.0656521051191
0.210309289768
0.0677199503407
0.0914527821355
0.115877053002
0.0491304693744
0.258318139985
0.0498859676532
0.363966875337
0.0318625869229
0.0375068004942
0.0748131714761
0.183662346005
0.05697493935
0.345660814643
0.223376320302
0.702885630727
0.114228907973
0.375114219636
0.640403839946
0.190184927545
0.0146246799384
0.0313329470577
0.141703009233
0.0218831332866
0.275184580684
0.369591970742
0.13956514895
0.0119953665533
0.363791492581
0.239189914614
0.294823400676
0.00936548095779
0.190669399127
0.2365003407
0.0350340813864
0.032562873885
0.421603889763
0.0135608258541
0.152088926733
0.0247915177606
0.0436154477298
0.0551434971392
0.0404615901411
0.300181154907
0.787627458572
0.0153028892586
0.115825514495
0.122790403478
0.00888847551541
0.0155739977956
0.848689818382
0.305908818543
0.0200116969179
0.0119892540039
0.00303718813229
0.276154669374
0.521173016727
0.0237275227904
0.035667824978
0.00320523305272
0.0563199327327
0.018743793061
0.0363582416801
0.153335210681
0.276927161962
0.0131003272079
0.0410809325054
0.299983803183
0.504033975303
0.00353178088553
0.00105913227362
0.0703653937206
0.0362944281194
0.0354066177271
0.0242529361974
0.0862866133451
0.0249301663134
0.0398527805693
0.0685801181942
0.0366567787714
0.0214474682987
0.367820768803
0.377167309821
0.0171691531781
0.0538719234057
0.217920689378
0.850815871358
0.9340536654
0.538876474649
0.184756776318
0.346049244329
0.245563740283
0.931555318832
0.0921918790787
0.181403114274
0.356986312196
0.86229069829
0.898560667038
0.14973121658
0.336148305237
0.681299510598
0.0309237424284
0.412198440172
0.85380217433
0.0491801335476
0.00383047290379
0.00464876191691
0.717092758417
0.652836695313
0.354319050163
0.614913097024
0.048960865452
0.00642406271072
0.173731254786
0.0272371107712
0.044787528133
0.785381060839
0.824069175124
0.435539452732
0.0156287825142
0.00693807862117
0.0779251580127
0.949290817976
0.03341878145
0.050708624348
0.00585730854073
0.463026630878
0.290665657818
0.0722228510305
0.51015823856
0.0563800435979
0.0907823571935
0.00321487511901
0.0332596686669
0.252753159404
0.00579366320162
0.0860745121725
0.0343711527996
0.0502694120398
0.0200292190071
0.0210977066308
0.0291686306708
0.121162287518
0.0129064436769
0.216325426102
0.999937498569
0.999310153723
0.996893006563
0.106658910029
0.938741576672
0.955384629965
0.0108248810284
0.00183747205301
0.368340536579
0.4621665176
0.0711941796355
0.303667149693
0.00347505467362
0.0882352170534
0.0266100662528
0.00823610840598
0.0472132114228
0.0190537536517
0.0975357978605
0.00442794358823
0.0994922473095
0.999970591068
0.999246788025
0.0293437889777
0.346514024958
0.0797906749882
0.0580661507323
0.279369193316
0.569036409259
0.0215785124805
0.171852497384
0.910383677483
0.147771733999
0.531294733286
0.530884248763
0.109034224227
0.41472591944
0.0569983979687
0.856356650591
0.14825235717
0.291697753221
0.0460050096735
0.203849031031
0.147006917186
0.0182663887739
0.968003737926
0.0973422862589
0.338222383708
0.893475741148
0.0242378392257
0.0208285043016
0.00429683102993
0.403426628187
0.0441627699882
0.00491977683851
0.130958603323
0.297095359117
0.345252711326
0.194236488082
0.637923318148
0.162462468073
0.29984944202
0.112524135783
0.0131852601538
0.000205134409043
0.0811178999022
0.0161233373568
0.0443870789255
0.0362734519411
0.0244509718381
0.131584188784
0.131960543245
0.0731928390451
0.0365468255011
0.97935667634
0.00510367598617
0.472208400071
0.124744340777
0.0222464708611
0.0326133557595
0.0318301664665
0.0435908774147
0.807792767882
0.01622487118
0.928311812878
0.942506498098
0.950072711706
0.00737579264678
0.0196006318089
0.019761553267
0.00454636058421
0.0241091304575
0.0377343941014
0.0270013755187
0.0804668139666
0.0124497435871
0.355393604934
0.116010749526
0.0179907941725
0.010226735688
0.0131754442118
0.393711259961
0.400864040107
0.59865244627
0.0517371089431
0.18043970298
0.233355855942
0.0147491288604
0.035722487513
0.0861614489928
0.0376201620791
0.757770031691
0.662794241309
0.0029263189208
0.209610538185
0.381979732215
0.000676404101978
0.0128067309968
0.608916559815
0.020525531529
0.0204788506497
0.31807628125
0.0320114843547
0.0932734174654
0.00754736426752
0.0213399329921
0.172481516749
0.016712480667
0.0164350990788
0.0802447909489
0.0134442148497
0.00265994637157
0.118424574472
0.0281200753059
0.0492181790993
0.0975877124816
0.0251460718922
0.0169654877391
0.347207149863
0.0978816340445
0.00485715892719
0.0332891539671
0.46748559773
0.037532179337
0.00555840326924
0.00538791342551
0.017252952978
0.107266065106
0.137410885375
0.0391163961496
0.18107395228
0.0174195839558
0.797280803323
0.984274768829
0.763319414854
0.0994710983709
0.00616181842051
0.753373727202
0.0208319040947
0.0664237803314
0.0432865760289
0.0115808617324
0.99721172452
0.0060870817455
0.0403865363915
0.230042310804
0.0661865556613
0.0114276531618
0.0205952678807
0.180269762501
0.341043664515
0.710832411051
0.479868526757
0.649095411599
0.0485947423615
0.0378140527289
0.344140094519
0.396751834452
0.052678124886
0.0212274883175
0.553351198137
0.0638314390555
0.657667040825
0.21960872896
0.088297000993
0.974498683214
0.0863349579275
0.439684307575
0.0219688924029
0.561265254021
0.0171400551219
0.0658475305885
0.82738841176
0.0316265996546
0.178866302967
0.0173520598561
0.0603923809715
0.0630230648443
0.0497077473439
0.185225148872
0.0303016369697
0.037906231638
0.0638973354362
0.0483316368423
0.0569735597819
0.00562299200683
0.988443934917
0.101769095659
0.0169999510981
0.069356021873
0.112259139307
0.0043798059487
0.0844425151125
0.00312329631997
0.370360912383
0.0620062538888
0.200923282281
0.894669497013
0.0940947234631
0.266377604753
0.971816855669
0.0492858801968
0.0118083467009
0.0393163615372
0.0518945436459
0.213512278907
0.068789164722
0.00856179287657
0.0183467684546
0.015651922184
0.144358980097
0.147403620929
0.768029153347
0.642511367798
0.644874703884
0.0307523723692
0.0239907837007
0.00982705286588
0.00480338350171
0.00366190257773
0.0111323427758
0.163789267093
0.00458822287037
0.366891311854
0.323982566595
0.0343856769148
0.0234280109406
0.041586779058
0.168262210488
0.0604222914204
0.0749757264741
0.0440678377636
0.0401728839613
0.00165146463478
0.00159216834436
0.210471802205
0.0112977414392
0.0137804507278
0.527503351867
0.143416475318
0.00229538076092
0.0192315665074
0.0160760209663
0.798392429948
0.75371979475
0.238808093965
0.287617769837
0.0336938275839
0.011592093436
0.110701191053
0.109302678145
0.034349146462
0.371117899567
0.82990245223
0.194829697814
0.0105269252846
0.0316231611185
0.0603277422488
0.00143519658886
0.089280629158
0.0886329941917
0.116390785016
0.0914165058872
0.935332202911
0.639846390486
0.0139968633768
0.0244993629865
0.0205814684508
0.0418950201012
0.313081749063
0.560012686998
0.0753938671201
0.0499050000682
0.0153035508469
0.14347410424
0.237177637964
0.10703679733
0.10337494649
0.0272934423061
0.673021799326
0.169944572076
0.0236989101861
0.0150512880879
0.947862273455
0.140013800794
0.810389089584
0.746294718981
0.432412324846
0.148787463643
0.0264690170996
0.0294848447666
0.0354751192499
0.202776757441
0.137684682198
0.419634168223
0.589929383993
0.0278081780067
0.173031523824
0.00527333854698
0.0276606915053
0.0324094867334
0.041260378412
0.134091468714
0.761900389194
0.0750326005742
0.473485223949
0.00213114218786
0.376065216959
0.219029412419
0.0063031794969
0.547818362713
0.0906403224915
0.831013339758
0.0371251379605
0.349933645874
0.182950879633
0.00844939134549
0.00175454229902
0.152159335837
0.0189199537737
0.0223627144936
0.00144004506292
0.25481605418
0.0192915029358
0.101878213324
0.0300479938975
0.912353235483
0.83432661891
0.829850316048
0.0160171324853
0.0638789941557
0.00517129820073
0.147172169574
0.109412814677
0.0169348105555
0.131323499605
0.00453565784264
0.613570028543
0.175193448178
0.041200179141
0.0256853230298
0.528551959991
0.0157948056178
0.433359472081
0.340247094631
0.158512833714
0.832665151358
0.679603557289
0.676682239771
0.015052628587
0.0789875293151
0.0433247953653
0.22544587329
0.021158989938
0.466723383218
0.00555881101754
0.360025490448
0.0102973603294
0.0231819416163
0.488027001917
0.0498669754714
0.172110997885
0.105085747316
0.0402829345316
0.223024732154
0.179156472906
0.101895303093
0.113216122612
0.0360359948594
0.138371888734
0.0072051701718
0.000554242324142
0.0819375859573
0.360259987414
0.0593569079414
0.0972633942962
0.0293654121924
0.057214845717
0.00249967439449
0.0757987097837
0.121275417227
0.0143910340732
0.0542838515714
0.26345577389
0.0120499724057
0.0136434094049
0.101443102583
0.0209881082643
0.0881215632893
0.402472427487
0.00857532644295
0.198720379919
0.152912786976
0.532315758616
0.0765726899728
0.266760383546
0.138547145948
0.116223825142
0.0676939114928
0.738345974684
0.578521817178
0.0600547353737
0.0425727916416
0.0742816483602
0.00661264297669
0.13578168042
0.00790738438955
0.217428573221
0.110640781373
0.0557689571753
0.0932511778548
0.00803778138943
0.00940117532737
0.116914290562
0.0842207196169
0.984763246775
0.931351137161
0.896264159679
0.00548537811264
0.825302451849
0.91790625453
0.0124012858258
0.677223542333
0.00575944585726
0.000832346399693
0.0208698313916
0.00653606511187
0.020518218074
0.0205437437166
0.0954859165475
0.00871584316446
0.0125958066084
0.257904108806
0.405427033454
0.0102064940962
0.999980854988
0.745477367938
0.12869748082
0.0189642190002
0.0263403162709
0.160013279691
0.575225499272
0.0708285951056
0.546972966939
0.00336573091336
0.028046274744
0.0120992286131
0.0185548855196
0.0171790095977
0.270772586763
0.522925399244
0.218692776933
0.675775898993
0.961241656542
0.934106850624
0.117971601803
0.00858140093042
0.0148115680553
0.027576784417
0.271004759893
0.0567341446877
0.0156837519957
0.361203593016
0.992628109455
0.710788667202
0.0130596930627
0.0204838391393
0.0853618206456
0.268970166147
0.00657787539531
0.00405078393524
0.169041300938
0.0569231709
0.381524087116
0.00328546016826
0.220325317234
0.572603453696
0.131345114484
0.06798219271
0.101659553917
0.0524988460355
0.517180414498
0.171794190258
0.957065808773
0.0419596528634
0.024335946393
0.00726087408548
0.0343019117601
0.00151906054525
0.0316324351123
0.179895171151
0.185798944533
0.100791776553
0.602621094882
0.838472181559
0.000359635888344
0.040703066811
0.197048518062
0.906005400419
0.0514692157507
0.524794583023
0.0170011987735
0.760707604885
0.0209173427895
0.0172137220856
0.288226261549
0.106607350707
0.0058094862994
0.108911349438
0.110415970255
0.458416232467
0.508567458391
0.273571616784
0.210388785042
0.0240591220558
0.020549174957
0.036422242946
0.0186610787176
0.0132459034794
0.0749420004431
0.0831620005891
0.0596378846094
0.0594392870553
0.0563196282834
0.0492110310443
0.183033236861
0.206165247411
0.0188258919166
0.209981434047
0.0133797731927
0.0164042157121
0.0592924214434
0.0207047293196
0.0488301288802
0.106179829128
0.267516371608
0.335385015607
0.333199413121
0.157107315399
0.872240155935
0.530088120699
0.0267296439037
0.0204130138038
0.00476381957706
0.00369775420986
0.134026410244
0.876466351748
0.813321617246
0.0104565864545
0.175825476646
0.699223074317
0.241800389439
0.0409187451005
0.0243775788927
0.343482573703
0.00706006165128
0.071089574974
0.0604656793177
0.891074776649
0.709358733892
0.900113946199
0.139946325216
0.220335809886
0.0384630341083
0.0113397979061
0.266753676534
0.0502459987998
0.688952589035
0.0348185583716
0.549902012944
0.0548289538361
0.101194434986
0.0127877908293
0.0174890852417
0.511914092302
0.0225410421146
0.0540091376286
0.136610537022
0.0386006586254
0.0569169063121
0.00610194059554
0.0103274222696
0.737598532438
0.440183274448
0.15214375332
0.355094099045
0.281234138459
0.00349276112684
0.474409025908
0.0545935148373
0.3539145872
0.192075631395
0.801675277948
0.168340337276
0.0356405026279
0.0390366133768
0.18668107735
0.137087895721
0.0455264708027
0.420286634564
0.467766702175
0.621993279457
0.960085886717
0.952747529745
0.195062812604
0.0179905807134
0.145936624333
0.013687211019
0.0125099412748
0.852212673426
0.104294226738
0.443765953556
0.0308275205549
0.391506228596
0.0978375418112
0.226459373161
0.846107047796
0.248846581019
0.0326830131467
0.0120222775266
0.0349345953669
0.99977235198
0.997749835253
0.0407826323062
0.0234639682574
0.00897496095276
0.406967718899
0.182084115967
0.0135949175921
0.060452680476
0.181164470967
0.00938846031204
0.117317288741
0.00979953759525
0.40007789731
0.0299284579698
0.104503675178
0.0771755585447
0.0169422622916
0.171342865005
0.248197806627
0.773088780046
0.135126513615
0.227187824994
0.039792283345
0.236808808893
0.25891391933
0.230335507542
0.0389401854016
0.0110103843268
0.142160283029
0.135365018062
0.999984550476
0.999944764376
0.999069279432
0.0173537950963
0.402986269072
0.0553036157042
0.103020361811
0.0262761460152
0.0655467043631
0.226552740857
0.0128619622206
0.0959337141365
0.44358920306
0.0100197447115
0.169646728039
0.0203103477601
0.00596183780581
0.846153080463
0.388158833981
0.00980892765801
0.13152055461
0.163825328648
0.0275935686659
0.017753160256
0.208247404173
0.0141826363746
0.073889767006
0.561081138253
0.802844050527
0.0941809233278
0.677331034839
0.35137687847
0.0282783980248
0.0203174519818
0.0673723910004
0.956500196457
0.0794955913909
0.0571691732621
0.0260251594475
0.10448814556
0.00111353838147
0.673358428478
0.0405794850318
0.0313568206038
0.111008491646
0.209579568729
0.0166053803288
0.110802707076
0.515039274842
0.00175481658734
0.0545865289401
0.0720445150975
0.0312987661455
0.116337052733
0.303534923121
0.0432162749581
0.246367817745
0.396334794164
0.251227850467
0.55836898163
0.353044459224
0.00226797603827
0.00989894119557
0.108926444873
0.138285412453
0.100137889571
0.0786871011369
0.800288254023
0.123019576259
0.528835086524
0.00536097669974
0.575396504998
0.998972511292
0.998053485155
0.848686093092
0.127070834301
0.0487201567274
0.00925229950808
0.164279792272
0.630161505938
0.156194471661
0.174361010268
0.0932164559141
0.0645528714173
0.844887238741
0.0206709713675
0.0940691430122
0.983054709435
0.00651311848196
0.0289420864312
0.0145846680971
0.937057179213
0.712115159631
0.01033181448
0.642229801416
0.759109324217
0.808309778571
0.660163596272
0.19891752582
0.00656390825752
0.0650156313553
0.0406434223056
0.601151379943
0.474653535336
0.0510456359014
0.119353839755
0.110705400445
0.570225602388
0.0133805127043
0.65747872591
0.583585360646
0.711120840907
0.0589323580731
0.382380563021
0.283176779002
0.850473356247
0.109969787858
0.333546609432
0.000502009371121
0.634705257416
0.169613964856
0.00687671139203
0.413154027611
0.0334461958148
0.0138950211811
0.0381241669878
0.971503841877
0.313187378645
0.0826653300319
0.0260660673492
0.865946674347
0.368427082896
0.482319404185
0.468193787336
0.0837661682628
0.354714076221
0.132716478407
0.587212611735
0.12060558917
0.0396057774313
0.393070096523
0.158410506696
0.303181013837
0.536377313733
0.281214387342
0.0133093378972
0.675711894035
0.322270607948
0.28537824899
0.0144239963265
0.239280165732
0.315817883238
0.0322668384528
0.00375984236016
0.00608629317721
0.08421861846
0.0527931600809
0.06666798722
0.00938954054727
0.024062197702
0.00926588808652
0.755001026392
0.199467567354
0.0273525797762
0.452450994402
0.0840250510722
0.030189234484
0.00703281722963
0.692596921325
0.417502435297
0.41605004333
0.240055912361
0.718646971881
0.897202408314
0.995487952232
0.929703605175
0.913619166613
0.807959061861
0.999658328295
0.972820007801
0.967677724361
0.98417916894
0.887128537893
0.969540244341
0.00373232563143
0.0413579071872
0.756315362453
0.655862730742
0.0204230364412
0.679094171524
0.842005336285
0.013902389165
0.021943053673
0.0297295934521
0.847909634933
0.518583662808
0.120456472971
0.504571683705
0.281438139267
0.326709776744
0.251650144905
0.00295027814864
0.0915245109238
0.0126937260153
0.727487713099
0.608781349659
0.137608960271
0.00886136910412
0.137046077475
0.203028799407
0.141787645128
0.0299919356359
0.0904442390427
0.551745954156
0.891034531593
0.0132455728133
0.783683782816
0.0354649137706
0.0727588180453
0.783957368135
0.369315296412
0.239178782701
0.0455860515591
0.0766980212182
0.0453576540109
0.0105818264885
0.0634117147885
0.0288873218931
0.478288657963
0.139896968193
0.836191505194
0.906276655197
0.285487754643
0.7322932899
0.12975331787
0.0419002439827
0.103085774183
0.266298530251
0.00401712390594
0.0114123374355
0.00562720502494
0.0155275345081
0.00020554700086
0.00543163799448
0.0193944148021
0.0724848754704
0.400709205866
0.18491183091
0.0338465399109
0.405906100571
0.0203102524858
0.128698223457
0.0137848797254
0.0494034510572
0.659671474993
0.229228901863
0.645508940518
0.31504305806
0.0138933046488
0.117850771081
0.318092237413
0.0274377794471
0.114247906394
0.0187764186878
0.0613333948888
0.657604697347
0.0030251738317
0.0254988554632
0.995194900036
0.130308944918
0.462663445622
0.0216298240004
0.668980322778
0.406872085109
0.537540766597
0.582260665298
0.659833097458
0.803389760852
0.107562432252
0.961294192076
0.701901432872
0.0491563166026
0.126303275302
0.549400880933
0.549341252446
0.0510383492336
0.648654779792
0.0212300870568
0.110192123428
0.385750500858
0.0593128858134
0.043670899421
0.554696038365
0.0136435445282
0.211551639158
0.321879232675
0.626609055698
0.783771437407
0.310760249943
0.00117041606427
0.8395863235
0.831774282455
0.948580032587
0.471088754386
0.719535928965
0.687554429471
0.0200967231067
0.136038345844
0.328880417347
0.273631100357
0.584621497989
0.331767445803
0.016541235242
0.0620576161891
0.0304783926345
0.0474368412513
0.163325551152
0.00398880616995
0.0793891725829
0.171310254931
0.119438057207
0.126359434426
0.278890181705
0.016503255954
0.612272280455
0.131779309362
0.0388250037096
0.044820095785
0.0262765734456
0.038591846195
0.0625900581479
0.0108347594563
0.0336049778853
0.161977408454
0.865420889854
0.00419045217568
0.957836794853
0.161591508798
0.0221857187571
0.945219349861
0.0686792771798
0.942654955387
0.00780307427049
0.925747215748
0.880991643667
0.651563417912
0.822713589668
0.0171134629461
0.0510221761186
0.00560264818487
0.0250632777344
0.176850935327
0.144947593939
0.0211529904045
0.0241297672968
0.143167484179
0.976873105764
0.470223155245
0.233351043612
0.0905784610659
0.0343404944986
0.515103238821
0.018005382095
0.0509150104132
0.00928431566572
0.117798118992
0.531277547777
0.83813893199
0.0284396102652
0.562432026863
0.869016593695
0.451288002729
0.46298411265
0.298452819884
0.706482067704
0.424373231828
0.0563292743638
0.0261588440277
0.0629161350429
0.0351251327433
0.0618717549369
0.067837985605
0.0402292899889
0.0254562708084
0.524768947065
0.380695937574
0.0146202502307
0.0567479969934
0.811140599847
0.524771996588
0.0296729092486
0.161020575091
0.739082470536
0.260345046222
0.227912247926
0.364890661091
0.00240648216277
0.0619764837436
0.297786913812
0.410183668137
0.957945752144
0.0179074394517
0.0280135412235
0.780603915453
0.0323934375308
0.0140520940535
0.091471759323
0.0266839153133
0.0963977627456
0.658429738879
0.731605121493
0.0450651437044
0.673292672634
0.100602200069
0.00655172949482
0.133936342597
0.0234432239988
0.0593596914783
0.0288530353457
0.00900427446468
0.196462984197
0.943727397919
0.106126146764
0.134296277538
0.0398832193576
0.0241123866756
0.00551066919579
0.0741328678094
0.130869000591
0.0637737687677
0.108263623901
0.0526689119171
0.0134934087167
0.0792858162895
0.71335016191
0.618094448745
0.613637426496
0.0239210680011
0.0119844384259
0.0351500819437
0.0584110624157
0.0166281837504
0.0475499724969
0.999925535917
0.981838613749
0.136141367629
0.0540416108444
0.0253792869393
0.382108078897
0.00379190440872
0.465967680514
0.0233561014757
0.0102786753967
0.16030693762
0.00103640065172
0.057664004527
0.03315591875
0.0100767487194
0.471485813707
0.0750784222037
0.0107449673349
0.0128814586671
0.090586582385
0.185834533349
0.00511578341539
0.00962064033374
0.999831217527
0.998820185661
0.999054312706
0.190122493729
0.0565463768784
0.52292342782
0.99954289794
0.997141420841
0.0270263750455
0.0852841354907
0.00913066372741
0.661920410395
0.00775257797213
0.0142571554403
0.482971638441
0.067362147104
0.0650685241446
0.0243067004019
0.00368823767058
0.0020473096607
0.00412383388029
0.295221363753
0.629453611374
0.0108536668937
0.0716018162668
0.885988640785
0.145474969968
0.906087428331
0.929594242573
0.0302938028472
0.0158156064572
0.0210361424834
0.176430475712
0.461634285748
0.527198773623
0.766728049517
0.0273657862097
0.162584724464
0.0269019475963
0.150764217041
0.947076755762
0.987229394913
0.976671105623
0.999733549356
0.374781505764
0.274853782356
0.0208838671446
0.0075079275266
0.986689013243
0.999867230654
0.999446374178
0.557600174844
0.996447825432
0.00684890577104
0.0100745737785
0.922866874933
0.00804053498432
0.0405446805991
0.0188256245106
0.845011401176
0.0423932484351
0.0465398345608
0.0321938737296
0.0449498316273
0.119391867705
0.00571332912659
0.0483323215507
0.0217801739462
0.018640145543
0.989644879103
0.0548042695969
0.646996700764
0.0485748001665
0.988100785017
0.980314016342
0.73841933012
0.616125369072
0.84997972846
0.151076703612
0.194534609094
0.106808930449
0.0471556616947
0.0777427420486
0.271262283996
0.526811125875
0.722896882892
0.0257951756008
0.0400033555692
0.0758275555447
0.0806998815387
0.995955133438
0.0168096382404
0.434014494717
0.301573714614
0.935961729288
0.985507249832
0.999989914894
0.999927574396
0.99986743331
0.999817365408
0.803065180779
0.656704944372
0.0644243558869
0.745659965277
0.167233834043
0.304143556952
0.823943468928
0.0934018617496
0.239375492185
0.022048064135
0.040930778021
0.291563364863
0.0705286879092
0.0718917271122
0.0519289921969
0.179775869846
0.0552796363365
0.0275738777127
0.0646053798497
0.399623337388
0.481126964092
0.447015325725
0.0780882129446
0.0824197769165
0.0417486043647
0.0395961688366
0.275555566698
0.772636502981
0.0285615661182
0.0468679265585
0.00579777725507
0.264486993477
0.535244527459
0.0219893518602
0.133383453079
0.236954241991
0.221065515652
0.0304709288757
0.0454708342906
0.850706070662
0.00846507973038
0.0130285678431
0.977137959003
0.968513703346
0.24316533301
0.00885885651223
0.57682594955
0.124688834324
0.357865460217
0.0590639767703
0.376905444264
0.634178419411
0.156095664576
0.079294291418
0.942856580019
0.768693995476
0.0145897722337
0.0743029527366
0.0151589653629
0.363048300892
0.127770477906
0.0296549723484
0.52058698982
0.461725055426
0.365280324966
0.0324212163221
0.336417882144
0.241389603028
0.0601059619337
0.0131130420486
0.00336885359429
0.00419177028816
0.0143506293301
0.00629262086004
0.0134688616905
0.0207539820869
0.043487856444
0.146270675957
0.00882476993138
0.214248887822
0.0719292219728
0.109526325949
0.00900800635573
0.0181434541941
0.105337039381
0.458531966805
0.00343888607749
0.0248542593792
0.00204130393176
0.0510605862364
0.0533158453181
0.00892034294084
0.0173654119018
0.0261486342642
0.100583450869
0.317039466277
0.0221057018847
0.00227720181865
0.00261476582673
0.307608528435
0.0164653961547
0.00264915904845
0.0129008155316
0.0287565703969
0.0242515173741
0.853641301394
0.342343151197
0.728656333685
0.405962914228
0.158599399775
0.0716778203147
0.865028363466
0.0264407574199
0.711583909392
0.359097825736
0.750479647517
0.0471014057286
0.0565736100078
0.210222718678
0.0122183180181
0.0222340716282
0.23762024492
0.265484884381
0.0219358885079
0.210724117234
0.198165667802
0.0153378835414
0.0966915601864
0.0737945776433
0.0276725828182
0.00851091456134
0.0106241551344
0.00416377187794
0.452497848868
0.999106562138
0.997260171175
0.903127485514
0.599544227123
0.00603145746281
0.0280754631385
0.073748021014
0.0549410193227
0.273144325614
0.0125292395824
0.168791530188
0.0470777961425
0.942159026861
0.0499434260651
0.0326584960334
0.811275649071
0.231307605468
0.120519088861
0.111987714097
0.0352513523772
0.0408830288798
0.0731662461301
0.0189914285205
0.219489343837
0.0164666233584
0.188896271586
0.230845315754
0.0638206554111
0.0157643417013
0.014635783853
0.0444743965752
0.07985559355
0.0287743609442
0.280826570094
0.0409894878278
0.0517882614397
0.134112099186
0.00942470848095
0.00284651060938
0.0686840446666
0.220842299238
0.0426836992614
0.0345802841941
0.457494471967
0.0262267041486
0.00498725074576
0.0766371252015
0.0982027944177
0.782288965583
0.160467877239
0.0362035061931
0.0164294490125
0.289427647553
0.425889575481
0.428654819727
0.0300345145166
0.0245311403647
0.321559351124
0.0347721559927
0.0130418181885
0.00500857075676
0.00124132646306
0.277555777878
0.152437919751
0.0183248715475
0.122872236185
0.117390060518
0.118226629496
0.0875223924406
0.370399603061
0.0868691512849
0.294704048149
0.0699930455536
0.437303040922
0.0487683977932
0.0290225646459
0.0233620691928
0.241827585548
0.197094786633
0.0685386231635
0.195313305408
0.175277388096
0.145161739364
0.0719099901617
0.0461151023395
0.36945733726
0.203025593609
0.473868249357
0.366470285505
0.0762982796878
0.0299132542219
0.0419781364733
0.0750605450943
0.0789007596672
0.427435924113
0.0488912178203
0.143141862191
0.34292371273
0.217258106172
0.1579148127
0.0602698068134
0.0747116390616
0.0447904055938
0.0447531545535
0.508324167877
0.0354839459993
0.0174686101149
0.99985743165
0.998967677355
0.999184602499
0.0101407616166
0.00853275496047
0.0701061107218
0.927133691311
0.905313766003
0.177504388988
0.266688991338
0.27279753685
0.507159432769
0.185673007742
0.264504999667
0.0891073253937
0.738888138533
0.996548479795
0.654596212506
0.0535757222213
0.0422406794503
0.0091886637907
0.07323350925
0.0346010465641
0.61107108444
0.497421889007
0.222994572669
0.2153214816
0.0119936122152
0.0423299895599
0.0245152588468
0.454905053228
0.252872528881
0.0985872212797
0.248449569196
0.216453009844
0.834412837029
0.407839882374
0.697078597546
0.0108506062126
0.334560319036
0.0253581237746
0.0260229207575
0.769539605081
0.054930968117
0.0238410737831
0.0879593038931
0.385478187352
0.0369422771968
0.913106143475
0.660162372887
0.487363458425
0.637929292023
0.295729856938
0.2828606667
0.980797719955
0.535132938623
0.0162030057749
0.726849544048
0.235300686955
0.948220819235
0.272236973047
0.261961806566
0.0174203471048
0.059178731218
0.039240196906
0.18167238012
0.154297062382
0.387712346762
0.116387290321
0.012293030697
0.0200389451114
0.13896784056
0.0156652113423
0.0246580496198
0.0943703411147
0.0427989838645
0.228324627504
0.562041963637
0.198814515769
0.0457040606998
0.637295502424
0.404266484641
0.0607287246734
0.00734215545817
0.805372112989
0.124427273031
0.422994635999
0.0418080137577
0.347385467589
0.188979619369
0.497843883187
0.111712171324
0.0193151318002
0.139749553055
0.574388581514
0.0318318110774
0.0135725074761
0.0100500221597
0.10333980266
0.0449592201971
0.84383752346
0.889933633804
0.079979082942
0.192278432101
0.197103270143
0.0707201872021
0.00486633051187
0.0717538829893
0.0168668370927
0.0371631940827
0.0629564387724
0.734443902969
0.659373408556
0.593946763873
0.891904997826
0.894302970171
0.741551989317
0.605496594682
0.0872778385412
0.0147221975494
0.937557685375
0.570862531662
0.671069082618
0.0124341588933
0.307745493948
0.247967029735
0.0750638008118
0.00740782880457
0.0351415012963
0.562793174386
0.0384570489172
0.00247577239061
0.734544837475
0.62583630085
0.424463966489
0.616620314121
0.0594670905732
0.153911440074
0.143070011586
0.176517077908
0.0387225930113
0.281340049207
0.0033245485567
0.111216128059
0.1363508109
0.28623759523
0.296759638563
0.0326887303963
0.0439161475748
0.599459221959
0.147645837814
0.0998405977152
0.130554400384
0.579494976997
0.0517131827772
0.10321370773
0.10223635789
0.476373709738
0.017437762022
0.109797686338
0.673706459999
0.181262117065
0.00677278837538
0.0417857884429
0.0820046342909
0.210902605951
0.167683728971
0.0248082876205
0.595558002591
0.0395292190835
0.216248853877
0.840651488304
0.0401975436136
0.0254396445584
0.0895035089925
0.0671228118241
0.0586381408852
0.00492045361316
0.215361543372
0.0800993383396
0.0305084378808
0.00184383040723
0.160747006163
0.331281760335
0.0713497307617
0.390731782466
0.777770593762
0.0368031952996
0.0125298437779
0.348567725718
0.0684320999309
0.00563109903596
0.0195744255325
0.0329407806508
0.0421838123351
0.0740611504763
0.1013928222
0.00453740321263
0.0207421238534
0.165811145678
0.0299311828101
0.0404478772078
0.0225049337838
0.279946518689
0.0614184685051
0.164803357702
0.9440972507
0.0261597556295
0.0712359024212
0.44369802326
0.00430187132733
0.0126379615103
0.0139117321465
0.257634845376
0.233497994021
0.0192762592575
0.537101602554
0.0396637111902
0.0149911468849
0.0292647131253
0.0960618074052
0.0142188453814
0.451781664789
0.0501757386606
0.62149502933
0.731516551971
0.0961814401671
0.114353354089
0.218838356435
0.13104416593
0.0449041587301
0.0906063473783
0.234546241909
0.0414014508366
0.00829521010164
0.208582990617
0.12516748216
0.601808056235
0.0124407676165
0.0318950256333
0.255923726782
0.00635281915893
0.66154127121
0.106811726838
0.153849444166
0.056860240642
0.115325826593
0.00140528791526
0.433742905408
0.00816637112875
0.0212732654065
0.0992378246039
0.00536376290256
0.00836351113976
0.0866856264416
0.0104700122029
0.0362022947054
0.00183180134918
0.00979992703069
0.363928978145
0.0974912419915
0.505598145723
0.262131326646
0.0380370977218
0.298753224313
0.0757177368738
0.0559925106354
0.647249934077
0.204949688911
0.158384482563
0.0202213469893
0.0469345754711
0.0059786130063
0.115207588114
0.00908585180587
0.258418933302
0.00805050667841
0.0414050386287
0.114359616302
0.980428868532
0.0446731965989
0.0677226196975
0.0326617172919
0.0876181324944
0.00307352977979
0.000274707349945
0.00749713362893
0.0159641927108
0.00191909849091
0.088566456642
0.664480412006
0.0195515714819
0.0127280039014
0.00635162160615
0.00317671057273
0.38963944912
0.279434219003
0.0983537398279
0.466816934943
0.13394448217
0.371112854779
0.195880128071
0.00692897076951
0.0980622170493
0.13485197071
0.0746960747987
0.0237112459727
0.0612703865394
0.0332038514316
0.095000420697
0.655267360806
0.530224484205
0.0223996253451
0.108389050141
0.0230876858812
0.0341170358006
0.125095332786
0.166768929735
0.034480188461
0.0213578253752
0.00562006577384
0.00262235738192
0.0196038749767
0.0319033599924
0.0303466290701
0.0100730867533
0.0141599044087
0.0345373199554
0.00479351740796
0.0209317187779
0.0367278220132
0.0598449666053
0.00397412058664
0.0779615306295
0.0843919819221
0.522081318498
0.470294950902
0.00192801725352
0.0232429018855
0.0470992708579
0.0161836310755
0.0131871398771
0.0284542432521
0.206448701397
0.140972016007
0.0509728975594
0.114668604545
0.066126990132
0.205699143745
0.0124078073306
0.0348180446308
0.0567609481514
0.115039743856
0.424340336025
0.0297653226182
0.83316206336
0.0312993325293
0.0365294609452
0.0443502712995
0.123349822685
0.133823711425
0.0698721734807
0.0233720172662
0.185749194026
0.0123571150471
0.00890216240659
0.0248166899546
0.013748321461
0.0131180110271
0.0355404082686
0.0488256725715
0.275603520684
0.0362653272692
0.00350826290087
0.00227198219218
0.017095811991
0.0122713472461
0.00712591883203
0.00488061255892
0.154311022162
0.50396642983
0.0735803489573
0.00504836618202
0.149956567772
0.252307320386
0.587736405432
0.440356197953
0.534600917995
0.134565942921
0.471616768837
0.0502077236772
0.274083845317
0.263650067896
0.024029902881
0.13696362637
0.0059235187422
0.0586126035079
0.131057896093
0.0361071228515
0.0600972528569
0.388610254973
0.229303322732
0.0420046314946
0.181702756509
0.129141775891
0.054218790587
0.0512692434713
0.0148516060086
0.0104641321115
0.0439470458776
0.664341333508
0.846809011698
0.0831611998379
0.0451318833977
0.252927540988
0.256286415458
0.0215488117188
0.0249640221125
0.000776967377169
0.10257321652
0.277825921029
0.0816494028084
0.132271220908
0.362022029608
0.00302728643583
0.0661623550579
0.20484653227
0.117687909119
0.413126321137
0.0206254224526
0.23288556207
0.183723367751
0.237664953433
0.462969876826
0.0116143667488
0.00405441965559
0.232721593231
0.474608133733
0.265065482259
0.0242791916244
0.646259069443
0.0733471876942
0.0119163232273
0.0122437042184
0.282255139202
0.0934110713191
0.0275178409647
0.0468814891763
0.172703409195
0.184415623359
0.0466001407098
0.0392723678553
0.0299232094549
0.0385567570571
0.47495611012
0.0319776639808
0.276166976243
0.295526320487
0.100680101104
0.0618427837268
0.0158829847118
0.00386111668486
0.028172762529
0.0596318707336
0.116047645733
0.0618446541484
0.00316595379845
0.0118494814378
0.00258337171254
0.118693832681
0.0915474489331
0.00689134788699
0.0042747028856
0.0568554589525
0.00921206893399
0.0164184354406
0.563340690732
0.00600716848858
0.0359842238016
0.0892225289717
0.170930377394
0.0439439604757
0.0702509807423
0.0399638804607
0.0858949353918
0.328641099483
0.268836066872
0.0199300969485
0.0419218343683
0.00115036230418
0.0675149568357
0.307220214233
0.189431972429
0.355570927262
0.272767558694
0.0360392811242
0.063527294714
0.102062276471
0.113539868314
0.0544144631363
0.00782681038836
0.0182508169673
0.509122055769
0.461726912856
0.016576844221
0.0844039519317
0.11144709643
0.0588327638805
0.163092913851
0.179482927918
0.00677877960261
0.398986067623
0.0914135888219
0.303869938105
0.0664461337961
0.0123033645097
0.213231212273
0.0451139402809
0.199304046109
0.742210507393
0.154411331099
0.715938869119
0.0838664524257
0.0161439281772
0.137343352009
0.0163700304111
0.0981155281886
0.0439423060045
0.0314753109589
0.0849299144931
0.0587145334575
0.0179271495319
0.615954238176
0.00882050429936
0.190608818457
0.105976608023
0.0137761845719
0.0128160195891
0.0389550515451
0.254454328772
0.0164578194846
0.00841004509712
0.292660222575
0.0281399837695
0.0843105664477
0.115033147484
0.0450852735899
0.00491856668377
0.166555842012
0.100532967597
0.0860844640061
0.00349121457548
0.0336831433699
0.0209295678564
0.00339784260432
0.0211117644794
0.00436842881609
0.0252520764712
0.181359945796
0.012664145045
0.0181026583537
0.0192202229518
0.0149677095702
0.0152560387622
0.263451876491
0.00369392075809
0.0898025685921
0.0102265623398
0.154391051084
0.453246667236
0.0121926297899
0.00814477103995
0.0181636061985
0.0652603750117
0.0668425383978
0.0519103376195
0.0255649484694
0.00549835102865
0.148488130793
0.140846376307
0.0173586972989
0.0233526134049
0.0126954332984
0.0332119839732
0.0139654918574
0.038971777074
0.0449096044526
0.0923839036375
0.575685784221
0.128422654793
0.258521630615
0.000513889874128
0.453024306893
0.00912466467125
0.0319339663722
0.0452921646647
0.267434777692
0.00345398425197
0.0104223739007
0.0113347332226
0.145267685968
0.0406806723215
0.010422541044
0.226366072614
0.0781055024498
0.231247738004
0.011738224118
0.0374763280153
0.0206584854517
0.0310930948239
0.0381493132329
0.021290154499
0.00279296365334
0.012114879163
0.00689288780559
0.0442369600758
0.350112909079
0.0276161316782
0.083754626289
0.0356420407072
0.0193697606679
0.375199705362
0.0276156726759
0.444839178771
0.198600849602
0.000827835892414
0.0832023212686
0.152490329742
0.00139646625321
0.0450712489896
0.272672587261
0.0442738400772
0.0279951990815
0.0842599445954
0.00202541007311
0.126415186375
0.42184714824
0.00436604567221
0.0054218976351
0.0253807996865
0.0160173689947
0.0574314955622
0.0276822123677
0.0147685275646
0.011088386699
0.0154136086814
0.13048275914
0.00793491732329
0.435879056901
0.0221539115999
0.39808858633
0.0321240485413
0.0323985431576
0.161626769206
0.249562233686
0.00461708794173
0.586801822484
0.0810051975306
0.140034294035
0.00306603880017
0.00808599211741
0.284116097912
0.0994383197278
0.0242043963168
0.11253024023
0.723066297174
0.0659642887302
0.291441483237
0.0611379335634
0.198160082847
0.776442489028
0.787200248241
0.0368540453492
0.02112398186
0.0190613016486
0.140666237101
0.0883085956797
0.0688907966018
0.0315888940357
0.322290892899
0.164309533313
0.0539293820038
0.00576139247278
0.430920765549
0.0381961377338
0.176775650959
0.389062555134
0.0422155456617
0.204834626615
0.00513114610221
0.346499251202
0.0569567965344
0.0333364504622
0.022640255373
0.00158058467205
0.00218302319699
0.219510618784
0.367132638395
0.491882403195
0.105750829214
0.00545106068021
0.00155794304737
0.0759772054851
0.0340223745909
0.511076881737
0.280664294958
0.0346044844482
0.0177567749284
0.0169818627066
0.11554783918
0.0494489660487
0.050962257944
0.0171764605679
0.0212969851214
0.146951785311
0.000197647255754
0.0820453931578
0.185153058544
0.177843954973
0.111013771221
0.141200529784
0.0955160934478
0.0892855090089
0.0178529490862
0.0578364502639
0.019382555678
0.0124489097157
0.0156378896034
0.00699513666332
0.00565436541801
0.0163695199881
0.347830084339
0.0893114231527
0.0499215981923
0.0478947125375
0.00872802949161
0.0612897164188
0.023495132057
0.0721705095842
0.456407493353
0.0616965610534
0.0439391306601
0.0403291600756
0.0096920343407
0.178205823526
0.00678272708319
0.592469756305
0.0939827084541
0.0717419264838
0.0225618186407
0.0348012346774
0.00255006594962
0.131721359678
0.0588098127395
0.126823738869
0.0210981658776
0.02841341272
0.0184585378505
0.0197949276422
0.0112428333727
0.218463639729
0.313563304394
0.0147284608916
0.0993098312058
0.0409595932811
0.393092958629
0.596980398893
0.713319444656
0.407440768927
0.475998333097
0.0605145211332
0.0303282853565
0.0582490658388
0.040198838478
0.664213436842
0.0564439596608
0.00969778990839
0.0804631782696
0.0752980076708
0.206075614691
0.431985729933
0.00218612647041
0.0186836967478
0.00849461432081
0.0151865405263
0.00929173757322
0.000644056758756
0.643513318896
0.0887436240911
0.00144503563934
0.0220355224796
0.0770688746125
0.0313497186638
0.134268239792
0.0284949382505
0.145200242475
0.0446867542341
0.0353783634491
0.0124574192402
0.00130467618001
0.0035679395718
0.00142105670238
0.0400052862242
0.00257363595301
0.0377227930585
0.0119756064494
0.0335491230711
0.128702546656
0.069968168065
0.0155168423429
0.298390419036
0.0113831904484
0.00931586839724
0.0149033464026
0.0478715840727
0.0179411049117
0.141630348563
0.0348215166479
0.1813224243
0.00369624874438
0.0319894315675
0.00786250937635
0.285651818663
0.203544718586
0.0107169464754
0.067148236651
0.00797311221249
0.00873903526226
0.0575083740056
0.379829042405
0.113847973011
0.0532268353738
0.407240262628
0.175267754355
0.0289733550977
0.0614910807461
0.133303763531
0.0217915439513
0.0226736765821
0.0634619075805
0.0924071166199
0.0369141119532
0.0201159508666
0.0346578926779
0.00701710385038
0.0243968755007
0.0612357769161
0.0186073523015
0.85570051074
0.120022635534
0.00207179147037
0.0963740915991
0.591963174939
0.088483373262
0.0225713113323
0.0829711260274
0.390951098502
0.280702104419
0.733091461658
0.32854334861
0.0243619856192
0.733063691854
0.141523116827
0.691154682636
0.762332758307
0.00639629375364
0.0956546909641
0.0165293446276
0.501819223166
0.0662788192974
0.00577987394141
0.0206480653957
0.0227999086841
0.0800553940237
0.0259597484022
0.0179738164588
0.0420995073393
0.109244527109
0.0435456303414
0.0238231352996
0.0772247610614
0.269138971716
0.00525441083882
0.00972362891189
0.0120647365169
0.30801460743
0.111823825352
0.190107113123
0.0662063587457
0.00715776068391
0.0441351410933
0.172638752311
0.0775009668432
0.0411904003471
0.0354450159241
0.122875844873
0.0458652567584
0.282498427853
0.244947824255
0.0139767693327
0.0634549436159
0.0615871286951
0.0187724582618
0.25707981959
0.451409949362
0.0065909585217
0.0307588294148
0.260237080045
0.0724017173983
0.0260092887096
0.0742033888586
0.0390021235216
0.078320980072
0.00378750062373
0.0090680203517
0.00841128861066
0.00817864430137
0.00954344514757
0.0298539886484
0.01988388272
0.602140182257
0.0125158675946
0.0232056530102
0.00247321604984
0.142723624036
0.0467873996124
0.0618339245208
0.0591393176466
0.0215400028042
0.00883134030737
0.0532972640358
0.129358077608
0.00442832048284
0.00702891831752
0.195681325346
0.293829807639
0.196869017929
0.107882370148
0.0486716987565
0.102734357119
0.0445957994089
0.206989520788
0.0135700371116
0.436272387207
0.0256949263159
0.024474592763
0.0201741632307
0.0157061178703
0.185709611326
0.0377743082121
0.0193892843788
0.0154402937274
0.0344671316445
0.269199129194
0.104668305255
0.00820023461711
0.283663080633
0.0227747619618
0.0122981021414
0.0265499459347
0.223658655584
0.0338204818778
0.165482903644
0.00556249155779
0.00230311124251
0.182146490365
0.00401738641667
0.00278050843626
0.0301064476836
0.0388849432347
0.022486556787
0.109486812889
0.0208202296635
0.0729161333293
0.158817227371
0.21030068621
0.300604061782
0.0230127238319
0.00292097367928
0.0647912736982
0.0176166414749
0.00346953574335
0.0159977360629
0.0586753923446
0.00928854742087
0.0285022780299
0.0209770369343
0.00306982061593
0.0480285919271
0.00564217920182
0.204464668781
0.0266399644781
0.416114792973
0.0143562007463
0.0234991502017
0.0123411272187
0.0194778160192
0.120080481842
0.199982346222
0.414868994057
0.0518614765257
0.111430655606
0.0830111220479
0.0565113704652
0.00114605510607
0.116863902844
0.00813845993252
0.0211404016707
0.0355900030438
0.00765735849855
0.00807947788271
0.0498776708962
0.00847268642392
0.0289253403898
0.0126531749265
0.0332550426945
0.0283912990242
0.0125593351433
0.159221630543
0.0320027238689
0.119932992384
0.234500228614
0.106789033674
0.121648137458
0.00614002493385
0.00444663658272
0.0969742170535
0.0192084825365
0.00810449843993
0.0311737828888
0.126168800145
0.0812908817083
0.0636256687809
0.00137304927666
0.00946442077402
0.0016537630785
0.00160442143388
0.0258787008468
0.178950200696
0.032242640201
0.0262499152683
0.0538322145119
0.00729113355628
0.0420400968229
0.670025372505
0.10343808122
0.152662298828
0.644804686308
0.00220414741198
0.00519398109172
0.0050477779354
0.948323816061
0.0227202516515
0.0221338363132
0.143064966425
0.198262587935
0.0452276675031
0.104603104852
0.103009063751
0.521207469702
0.0306584702921
0.00436400723702
0.00889661817346
0.170723588578
0.00503034707508
0.0250401310506
0.314269789308
0.023616206646
0.359238498658
0.205429034308
0.00186872749764
0.231885314547
0.0616224385332
0.0529877210967
0.0136111378961
0.0161120009841
0.0677192064933
0.0342144616414
0.50294547081
0.0219210861949
0.00559164935257
0.19216642268
0.0459740513936
0.132781205792
0.497100904584
0.0176618723781
0.0123370849178
0.0440149429021
0.0635477893054
0.118916202523
0.0071454244724
0.0883551677689
0.0188631879166
0.0112508691614
0.123798649292
0.0487254957668
0.000556615623645
0.0180843309965
0.024808543059
0.312276298553
0.379240924865
0.114141308516
0.0614678874612
0.0108726960258
0.437488145381
0.0978617437184
0.112612402253
0.00633598604472
0.01998069603
0.0259438417852
0.0258691999363
0.00709342432383
0.00371914936695
0.00439204492141
0.0186377293896
0.0110488729319
0.0123915581906
0.0236268845154
0.325777376443
0.0330345377326
0.16661455743
0.0161032483913
0.0139132292941
0.181576927751
0.124117607251
0.145990371332
0.67655621469
0.355525863171
0.138748937845
0.0224322448485
0.0429484168068
0.0239261140116
0.643584391475
0.00460545362876
0.121442440245
0.0291483420879
0.0626358862966
0.0349318114575
0.0197350642644
0.00779400749598
0.033159911586
0.0174083082005
0.041665275034
0.107420784049
0.11644159779
0.0205859246431
0.0203147190856
0.0361773044337
0.0298814838752
0.0262133260723
0.062176212389
0.195322641358
0.19155804012
0.0860258160159
0.0373010948766
0.367028854042
0.0924558553845
0.0382705568336
0.0379402471241
0.188613162562
0.00864668871436
0.00134306754844
0.00197326301677
0.474495658278
0.0053121139179
0.00037977996908
0.143385121599
0.0587951904628
0.0933356127702
0.210113854706
0.0188146755798
0.0144112512469
0.220708345436
0.0186944240821
0.249760631472
0.112164989486
0.0116079326719
0.0295023649
0.0902809739113
0.00366228338244
0.0371510533616
0.0244440296199
0.0151406418532
0.0433627419174
0.0922017622739
0.0277289598249
0.620480945706
0.248195067793
0.0538869482465
0.098365714401
0.161290869117
0.0112662782311
0.0383686639834
0.0372099059168
0.0186573181301
0.0284863801673
0.0589087566361
0.107634586841
0.374815088511
0.216705780104
0.00930443187244
0.0268202316482
0.0308570150286
0.077340279147
0.223888452351
0.0369507478317
0.0142192978878
0.0578511144849
0.0605648213997
0.126990025304
0.154367611185
0.0479070632719
0.0312124777585
0.0798485302133
0.0169343920425
0.050710491091
0.0493532687542
0.0323302691337
0.000950731357989
0.103606620268
0.135000843275
0.250192400813
0.129546579346
0.142858516984
0.00300281167001
0.246326569468
0.00500545376563
0.973858785629
0.251156717539
0.0795455999672
0.0142538782675
0.251134081185
0.0815457904711
0.106233109254
0.00345577930275
0.04234359283
0.335964044183
0.00590206226334
0.00369528887677
0.00998697965406
0.0225266265217
0.0324875458144
0.234261244163
0.0732624206692
0.0865779422224
0.0158152526827
0.0799252161756
0.00869487861637
0.0247470370494
0.0138189257472
0.0485122115351
0.00409656126867
0.0550254222006
0.15964448452
0.0199008907424
0.187026263401
0.221912232414
0.0929426804185
0.041704047285
0.15588131249
0.0650740195066
0.00353492917493
0.118990483694
0.211486987025
0.178710385412
0.0602802638896
0.0368270711508
0.0260753204115
0.842246371508
0.0417028181255
0.0401035643881
0.22391965352
0.0905667237937
0.0249324572389
0.00425680691842
0.00789103006537
0.0188582257368
0.00474804058904
0.42518043071
0.182481484301
0.411831261218
0.34165328145
0.0389479607722
0.0954366203398
0.0159040562925
0.716297265887
0.0555281471461
0.0103356029373
0.0632259259
0.0158784138155
0.248574795574
0.0653448086232
0.0733000624925
0.082656840235
0.324816019833
0.0550744884007
0.0327465574257
0.416891016066
0.0741580950096
0.580115164816
0.0575329606421
0.302621540427
0.00595989707508
0.0518408714794
0.033062022971
0.187934030592
0.0217503318097
0.296094016731
0.0790542308241
0.0710177816451
0.0520080349408
0.0426429770887
0.0891465801746
0.0122963061091
0.0177801227313
0.865342849493
0.0534680778161
0.0492614348419
0.359356940072
0.045170727279
0.200816346519
0.250516207516
0.280586047471
0.0205089191528
0.292657312192
0.253286571056
0.0306961022317
0.023079902865
0.369698408991
0.0236802237574
0.00842336791684
0.022099407739
0.00704077777045
0.0014373934835
0.0541102300398
0.0612049821764
0.0115384152974
0.061434167251
0.0179693441023
0.00757210130105
0.0322647274006
0.0609214009717
0.578335651755
0.349354316294
0.00693686074228
0.116102280468
0.263522597775
0.00778294906486
0.00267665059728
0.0145204827189
0.0703604337759
0.00742992727319
0.104983244836
0.031898384029
0.0429470831528
0.376991218328
0.0168133522384
0.0601577742025
0.2267317608
0.101507750433
0.0268903004006
0.0528663211502
0.0895162656903
0.00746725221397
0.0115529872128
0.112252347544
0.0197062159423
0.0208711081184
0.078977646865
0.0344350513071
0.0262351031881
0.0987833265215
0.134183313791
0.0645428870805
0.163741142116
0.0249367643846
0.0267777166329
0.0786061637104
0.0547499582171
0.165490513667
0.023185812775
0.0148420428821
0.0433918224648
0.543109348416
0.0323849572334
0.0102911723312
0.00315466788015
0.182463613898
0.0587781769224
0.0232394147897
0.0048920042871
0.0174134378205
0.0398757850984
0.12148040859
0.00709850945277
0.0614992183633
0.0476578601636
0.0393368153833
0.0439172145911
0.290755884349
0.00078834567903
0.246396955848
0.105131591205
0.00923316706321
0.0456518501043
0.0766740052961
0.0439899752848
0.00148213636348
0.262903893739
0.0674818652682
0.0294503193349
0.155648097582
0.0105678294669
0.154852155223
0.0183841055376
0.0469407313503
0.137018672936
0.366124343872
0.0424307435751
0.122183801886
0.111224595457
0.104889572971
0.317504537106
0.012718047644
0.0269093696959
0.0148922163062
0.0142561699031
0.00503025967628
0.0178271321638
0.00932875038125
0.030445036944
0.0376868208405
0.0274173168
0.0572452920955
0.0122625385411
0.00956637235358
0.0142462903517
0.0664250044152
0.0468238261528
0.0633461449295
0.102654028498
0.0568134570494
0.027243713825
0.330159213394
0.0476649757009
0.123873769678
0.0477734932676
0.738001602888
0.0416714122053
0.0279573364183
0.331492981687
0.180658020824
0.0232387945987
0.46979778707
0.0824296757579
0.642501196265
0.0584272455657
0.00115767457391
0.0099020994443
0.0269470245461
0.535593527555
0.015947804926
0.0103346472606
0.0715213507414
0.123584122583
0.012954650959
0.000443659868688
0.0728722657543
0.038630826259
0.0355253620073
0.0294049611315
0.0198280476616
0.00923092673765
0.0707053967635
0.00812669191509
0.0175556339324
0.0140610641334
0.211214904115
0.303482015431
0.115668328851
0.12959984988
0.00817788847489
0.0519471074454
0.0133447941858
0.0626743261702
0.0543689686805
0.00121794247243
0.00394081543782
0.0201911434066
0.0300259890035
0.0301570837386
0.0124514446128
0.00550416558399
0.0215661303009
0.0235199528371
0.0183234376367
0.00896073856857
0.0366508340463
0.257469188422
0.122300741822
0.00261748998309
0.0225147570251
0.00130878316559
0.00581901358091
0.326268188655
0.0234226330649
0.0106242573587
0.0269881630782
0.0145078948233
0.0108684088977
0.067747227801
0.0139778103447
0.0377235862426
0.00704296228214
0.0416256971657
0.0496129151434
0.0189841518877
0.0124739341205
0.0482707626652
0.063971098233
0.0275964940432
0.0210560592124
0.323838333786
0.00144712383481
0.0253838720266
0.0147798946127
0.0686619315296
0.150469598547
0.0487618451472
0.0285605441313
0.0897542851046
0.0421099482104
0.0132408787729
0.0280854939483
0.00933054119814
0.617358416319
0.017520252103
0.0317413166631
0.299673759937
0.0918993413448
0.0189047447289
0.0254054418183
0.214043995366
0.0896368102171
0.0319022913463
0.0046960914362
0.0105387556367
0.298886066303
0.676060461998
0.00318010130432
0.0538960262202
0.309733869135
0.0634836824611
0.122975348495
0.0400187736377
0.325998359174
0.0317741656676
0.251930478215
0.282792543992
0.0705428876914
0.43796762377
0.0145204655244
0.0748839888722
0.0219726519659
0.0510100325802
0.159558392689
0.0121786929201
0.0680502381176
0.0327618883457
0.0247228941415
0.00716029061005
0.00317404739908
0.151987109147
0.115073924279
0.037748141028
0.0205766214989
0.0237808834063
0.0258573182859
0.0144461974502
0.00793518543942
0.0048845275538
0.00827932747779
0.0795481423382
0.0755665393546
0.0316165167838
0.0355751529336
0.0611054416746
0.0291548893321
0.0124558390584
0.00172479654429
0.0737032206729
0.057098073978
0.253512277454
0.0464247215539
0.119848366454
0.0118575947359
0.0319126293529
0.098841532506
0.0471267274581
0.168459507823
0.209538453445
0.0286268342636
0.179180314019
0.170945692621
0.115026777983
0.0164587854175
0.239200543612
0.0625885089859
0.00945316929137
0.62875559032
0.0684023566544
0.0351966631133
0.0487576734275
0.0264082885347
0.238447815925
0.0338404273614
0.114519621432
0.0414047755767
0.026661170763
0.0599493468413
0.0154575728811
0.143074858189
0.219708751887
0.150354534388
0.0922111036256
0.0369995183311
0.00287243452767
0.0478096264414
0.0230686141527
0.0145085882628
0.0346237074118
0.053638967115
0.0167673565156
0.000610557238338
0.0362735897768
0.00909586945781
0.0106517468696
0.0261074100388
0.00919722451545
0.0334601945244
0.00790489955107
0.0871829323471
0.0643874969333
0.0497844356112
0.0123499020236
0.152055635676
0.3180457782
0.360599640012
0.0571792977396
0.107674647309
0.0949002865702
0.199742516503
0.0232606654521
0.0181306675775
0.0141356896027
0.053152528964
0.261797545291
0.0825592075009
0.33453598991
0.0479044009466
0.321415852755
0.0506366534159
0.267027299106
0.0510422084015
0.0300663747359
0.030769369367
0.103270029277
0.139837796614
0.32278149575
0.0205146506429
0.0183817595243
0.0790615025908
0.0117620823905
0.292155260593
0.0723212141544
0.0103864511941
0.078095375374
0.0667037602747
0.00278738142224
0.198643951863
0.0160493719741
0.0310937144794
0.025530311279
0.0228162302519
0.20988012366
0.0386672901921
0.0299807782983
0.297546879202
0.194163092133
0.0747106482275
0.172712321579
0.0188417305122
0.0133169949986
0.0271066962276
0.539526975155
0.742060849071
0.0187543880194
0.702005285025
0.0361765420996
0.0195905941771
0.119935882324
0.0510346350726
0.0495774686337
0.0719794803299
0.0487976107746
0.135379551724
0.0517988756299
0.0100755783962
0.00482015283633
0.197170400992
0.130941619724
0.0385355675593
0.0384680103278
0.0213702342124
0.0298522588797
0.029822411947
0.0960612670518
0.440702459216
0.245704314858
0.0393040944822
0.0491131990217
0.00424706505873
0.00303123596823
0.0937682771124
0.0616695963312
0.00139324137708
0.0314923581202
0.190517510101
0.748099702597
0.374543875456
0.427336931229
0.485272881389
0.947038477659
0.770363458991
0.654941281676
0.887275975943
0.820206528902
0.824691873789
0.112831702456
0.290451712534
0.159282934293
0.482542860508
0.115822097287
0.174824664369
0.973052942753
0.845364516973
0.526315508783
0.18690363504
0.105078110285
0.485991927981
0.114567005448
0.155015734211
0.167515572533
0.160211275518
0.0821593496948
0.0842406263575
0.335389002785
0.681424948573
0.139961382188
0.999855095148
0.999863994122
0.999743795395
0.0816439554095
0.077934801206
0.64367428124
0.0987572543323
0.969129639864
0.794284597039
0.999947309494
0.0617113134824
0.0180811001454
0.991892588139
0.809405821562
0.748637855053
0.88684245348
0.816781443357
0.711338835955
0.176034680009
0.0309948240872
0.83131287694
0.56183649376
0.988223421574
0.953634822369
0.880416500568
0.863346803188
0.813216692209
0.170688696951
0.0308757192455
0.641206997633
0.105264009722
0.562967808545
0.854254722595
0.935278064013
0.950939798355
0.0826926425099
0.0457656613551
0.103263428924
0.154490245879
0.980709791183
0.981449490786
0.470600652695
0.883618462086
0.693792492151
0.727868935466
0.869052922726
0.674416065216
0.946074873209
0.879724979401
0.939915579557
0.998867809772
0.0409555869177
0.611327767372
0.766514140368
0.492738249898
0.170391839743
0.00321008253959
0.081411813572
0.689040827751
0.0565150719136
0.0501558889635
0.968351107836
0.896271884441
0.856448447704
0.591162779927
0.8722207129
0.885985064507
0.830193543434
0.705547493696
0.348268646002
0.999667859077
0.999190962315
0.99986115098
0.999801748991
0.855440729856
0.17184230499
0.549235769361
0.987444353104
0.947870868444
0.999792909622
0.233134340867
0.499878433347
0.379543213546
0.930792295933
0.377981504798
0.915777653456
0.707219231129
0.569269570708
0.697271302342
0.94424135685
0.964250463247
0.94401615262
0.193351286463
0.0412086184835
0.0593588260934
0.95072992444
0.55055372268
0.16887331754
0.180016525928
0.271776357107
0.441224065796
0.318131645396
0.0606280558743
0.0428603182547
0.348226090521
0.205261153728
0.074284988828
0.905381983519
0.904653698206
0.722062140703
0.821672141552
0.803683403134
0.734141606092
0.125641063042
0.290144289657
0.265082061291
0.0834690775722
0.741005772352
0.70710362792
0.533251985908
0.405751551688
0.795664346218
0.862499082088
0.764340639114
0.703743514419
0.7559643507
0.141685063019
0.972819209099
0.081883134041
0.613116323948
0.935785478354
0.809976643324
0.171228981018
0.395845128596
0.720597922802
0.793635630608
0.376823489368
0.808378970623
0.761396729946
0.781456595659
0.998174440861
0.99542888999
0.0722624023445
0.127363664471
0.605794364214
0.614348615706
0.933509987593
0.374074316025
0.355781115219
0.0178437321214
0.341633626819
0.279266714305
0.950553166866
0.694555538893
0.635406976938
0.592775920033
0.138943054527
0.80410938561
0.822327464819
0.920747172832
0.588192383945
0.839340418577
0.852405130863
0.576139350235
0.589162801206
0.420719370991
0.246589112654
0.127634021454
0.727025914192
0.0857820883393
0.925699371099
0.999801343679
0.0982777428813
0.999774545431
0.0643774464726
0.653907781839
0.883042037487
0.891554123163
0.688719263673
0.74931795001
0.382065870613
0.568851256371
0.415851826966
0.948967862129
0.0971423735842
0.118931018375
0.890661787987
0.369602099061
0.999503386021
0.998993295431
0.746420669556
0.631210964918
0.136056710407
0.997467267513
0.981378912926
0.751404446363
0.848653054237
0.699123859406
0.7911447227
0.966403824091
0.742325377464
0.591452214122
0.0912363499403
0.507547298074
0.95905097127
0.606418350339
0.775239092112
0.652428942919
0.882677102089
0.646641838551
0.781807166338
0.769927155972
0.522751554847
0.439521441329
0.925903111696
0.994316321611
0.990027588606
0.99601354003
0.998770660162
0.99897763133
0.676272287965
0.740891480446
0.865979373455
0.354131752253
0.993214017153
0.691984248161
0.444350478053
0.867129814625
0.436848293245
0.485030038655
0.725973916054
0.0398131924216
0.642039185762
0.721672181785
0.317778886855
0.950954008102
0.778291752934
0.983093857765
0.813961970806
0.614424490929
0.642745795846
0.557835149765
0.99368185997
0.522443830967
0.807994920015
0.0971882207319
0.712226642668
0.52027053237
0.558055990934
0.567605106533
0.924117410183
0.136141125672
0.999976038933
0.999787318707
0.99965942502
0.98565813899
0.0256055993028
0.431980256736
0.560004210472
0.807155746222
0.471294984221
0.526647184044
0.99786517024
0.999979734421
0.999201840162
0.666090133786
0.756487575173
0.974277001619
0.968848592043
0.740232828259
0.932462197542
0.944567531347
0.204781702813
0.806650936604
0.448747119308
0.950602740049
0.991783678532
0.993621003628
0.999786764383
0.814641147852
0.724386379123
0.568071046472
0.76836386919
0.99945961237
0.847178506851
0.741333258152
0.966560548544
0.953280836344
0.997386294603
0.740676730871
0.967481207848
0.304501668364
0.438141775131
0.996990412474
0.995416980982
0.999606579542
0.999071443081
0.880485802889
0.116084897146
0.925834435225
0.0696326401085
0.351896225009
0.551828366518
0.99978313446
0.0155565426627
0.0780310474802
0.472653084993
0.348447709531
0.598289209604
0.370795696974
0.802039659023
0.849808782339
0.861942440271
0.719640338421
0.531458965689
0.0508680829022
0.859391283989
0.13690815568
0.186216050386
0.0853929928504
0.1041727148
0.163201981038
0.762293452024
0.906930193305
0.0429116426036
0.496330332756
0.988680148125
0.997898060083
0.963980424404
0.979132992029
