0.607329830527
0.261639389582
0.893711000681
0.795008894801
0.885872000456
0.408347161114
0.342726823688
0.246010638028
0.361928385496
0.855183357
0.00401532087708
0.196356305853
0.337861631066
0.762164491415
0.0106371232396
0.984648793936
0.928213649988
0.133697474701
0.141482685693
0.0315130438656
0.240232922509
0.0102176652756
0.0152008980978
0.176073868945
0.627985909581
0.256261674315
0.180038829893
0.744965165854
0.23024898991
0.373920100927
0.866442924738
0.580011098832
0.218017702084
0.158339036256
0.789613217115
0.0673554099631
0.966091650724
0.457880890369
0.0683831335977
0.997158265114
0.986961698532
0.989490199089
0.992233192921
0.0476512800902
0.489993798733
0.89418990016
0.977765655518
0.959093940258
0.981789535284
0.388636983931
0.524293451011
0.0267439139076
0.00100858361984
0.947491556406
0.902106851339
0.872295457125
0.836823147535
0.805514732003
0.0182443373837
0.896819096804
0.391773294285
0.991401749849
0.937298691273
0.997271573544
0.0469986868091
0.199393428676
0.00129263288545
0.567421801388
0.00513635365642
0.788990980387
0.894155818224
0.89435043335
0.86797118187
0.694996029139
0.613179706037
0.349604848772
0.220139113115
0.0689518978819
0.945768016577
0.00037245341282
0.000500044799946
0.299529383704
0.964985579252
0.0337097277865
0.878886312246
0.659429229051
0.96040276885
0.999565184116
0.265994576365
0.207214272395
0.748699659109
0.0764584212098
0.349814887979
0.818964058161
0.908064967394
0.85461487174
0.0102500016685
0.209761041403
0.952564626932
0.00270466604779
0.118073834851
0.0258030131692
0.653746253252
0.0280336694093
0.00483943228319
0.0509596289194
0.962075233459
0.609455617517
0.632737103105
0.83256072104
0.969942313433
0.736183989048
0.412603317201
0.421260292828
0.797915416956
0.148778103665
0.986355423927
0.0715036222711
0.00918707691017
0.118210440967
0.0093515896704
0.250485979207
0.000586917335022
0.945717167854
0.571625939012
0.995190101862
0.993774956465
0.960374963284
0.999450582266
0.815194869041
0.739343564212
0.00825112946332
0.024707130529
0.015148390946
0.0328142248094
0.949614703655
0.799096876383
0.0306407452561
0.971903520823
0.330868588388
0.102329704538
0.0450513505377
0.00113461304336
0.932080298662
0.0116490698652
0.959579998255
0.235078161582
0.413765476644
0.90425362587
0.158011830784
0.96946272254
0.825947517157
0.859074956179
0.935476064682
0.284509444982
0.245151078701
0.516963298619
0.0185547555797
0.37566235885
0.557584297657
0.838659989834
0.669607234001
0.366289374977
0.19415532127
0.981397593021
0.0433416442014
0.55569139272
0.660371500254
0.922634679079
0.00809593165759
0.528438902646
0.766756473482
0.674210359156
0.851556283236
0.180751099996
0.134288298339
0.0500750879757
0.215844364464
0.249021935277
0.915964585543
0.859784817696
0.950856274366
0.996544539928
0.0236192625453
0.151303828508
0.680915206671
0.995797765255
0.949106866121
0.0338100410765
0.0565132444724
0.316384384781
0.00297211571597
0.953236013651
0.86031922102
0.180777499452
0.0782194261439
0.242137122154
0.106020633038
0.944479823112
0.996663635969
0.0162332268723
0.0440740095451
0.00370337942441
0.473908169568
0.942998349667
0.0323527341941
0.170710639469
0.613676917553
0.116071528196
0.184090571478
0.445432984829
0.104003230855
0.999626362324
0.162288879231
0.0186634924728
0.00127415871393
0.00733659829712
0.231922480091
0.876210701466
0.0676288908347
0.0218859596294
0.711461192369
0.0336359255016
0.880992674828
0.440551703423
0.999653476477
0.922352743149
0.533741562068
0.989094626904
0.912223231792
0.0745322000235
0.0099665986374
0.127669343725
0.0217765706591
0.277380728722
0.885024905205
0.168474695832
0.971157354116
0.0815925895236
0.00954084369587
0.00524259818485
0.00919374297373
0.135185879469
0.202158721723
0.785884255171
0.842177575827
0.999999058247
0.999874866009
0.199858786911
0.912841659784
0.926079463959
0.771182245016
0.0318822536618
0.0435178134125
0.0367654892616
0.0278001003899
0.0002051341673
0.0113547341607
0.00190244588448
0.677468530834
0.158634871151
0.616121628881
0.327708792686
0.955363273621
0.729616525769
0.0399686709978
0.933159029484
0.691996949911
0.885646039248
0.924705815315
0.0481146976235
0.00802227402164
0.00174645566585
0.0093550014426
0.592878945917
0.149843829311
0.182394779474
0.892103630304
0.0375457232702
0.688111996651
0.940071338415
0.872742557526
0.744063967466
0.506821753085
0.914053595066
0.810918131471
0.753260880709
0.0163135709707
0.00550587204925
0.909270173311
0.636818164587
0.301471868157
0.751988816261
0.0126698535401
0.00128239743644
0.239781197906
0.737609291077
0.141718158498
0.872173219919
0.697684800625
0.0120026229881
0.14266584143
0.6018309623
0.0922194527462
0.225406687334
0.354003366083
0.205790157989
0.0987084684893
0.567209240794
0.794569158554
0.00173203837185
0.00606225479278
0.76993958354
0.0374112521298
0.568226975203
0.0457945656031
0.000960448955811
0.427643189579
0.996553206444
0.854735970497
0.697659733891
0.163041271828
0.20734307915
0.770891097188
0.00447593598801
0.976629322767
0.229002983496
0.0979886611924
0.105603861157
0.999996399879
0.000583304625798
0.0403437006753
0.493500551581
0.708133602142
0.0142513041617
0.0052508186207
0.998929983377
0.996064156294
0.520611083508
0.197174700536
0.749884706736
0.894394570589
0.88741196394
0.932930356264
0.0789835506584
0.527160167694
0.301041618735
0.0025451183632
0.00264008154627
0.0298110990552
0.979882228374
0.140381197445
0.873957598209
0.093438594602
0.476097740233
0.14898131825
0.113647780567
0.991266894341
0.780210882425
0.689101067185
0.100536072254
0.0444614701904
0.95066421628
0.0995669013355
0.961820995808
0.879012131691
0.968373191357
0.824895346165
0.158286751062
0.00739961343934
0.251427086443
0.77027310729
0.818304747343
0.700608864427
0.660724964738
0.521668406576
0.417905979604
0.981516772509
0.0102297445759
0.552126374841
5.96504433361e-05
0.037715906417
0.0237153567141
0.319214042276
0.954836761951
0.212754970044
0.970785677433
0.909631705284
0.104401340615
0.679030144215
0.680296817422
0.00239458725555
0.004348838242
0.0503599287011
0.993573629856
0.995729768276
0.644645518064
0.00303790092421
0.908860033751
0.96738910675
0.542053440213
0.00596840523067
0.935499417782
0.951389366388
0.145727626979
0.988800477982
0.780388140678
0.745685344934
0.9631914258
0.770532566309
0.272034656629
0.047016049549
0.993817621469
0.47548007369
0.0478262381628
0.945243614912
0.104467740096
0.939407402277
0.898801201582
0.855164963007
0.467122589052
0.0396392490715
0.496158953756
0.990322554111
0.0787009666208
0.00574594445061
0.602971285582
0.155721624941
0.99569491744
0.695631581545
0.0954828575719
0.379189360142
0.026685315324
0.091841106303
0.348302268982
0.162414082885
0.922682523727
0.862437367439
0.999962478876
0.999200618267
0.00171053509475
0.000703206648177
0.0550100828521
0.112529356405
0.231127838045
0.674238270521
0.703885239363
0.525431434065
0.182280896977
0.0564776835032
0.161448983103
0.03363488717
0.279051980749
0.957126665115
0.931095290184
0.834563469887
0.549689075351
0.00114101735016
0.41798274219
0.0498079271987
0.372208581865
0.822076547146
0.586602179706
0.704935854673
0.890225160122
0.867145746946
0.96700553298
0.491554185003
0.473542046547
0.983388674259
0.951624721289
0.760874277353
0.859681779146
0.965155386925
0.952798962593
0.846701383591
0.940558880568
0.881319463253
0.291083841771
0.155279121175
0.0762203633785
0.86712051034
0.0178087243345
0.00433374183485
0.321160339564
0.474575964082
0.0569726267364
0.0748433150351
0.668863850832
0.427476972714
0.0316389078973
0.839827185869
0.00145055354078
0.0126855169539
0.0797412037849
0.711602443457
0.443647390604
0.526428410411
0.0533419506624
0.611916667223
0.902348399162
0.934041517973
0.0848581753671
0.899982124567
0.196257807687
0.623050993681
0.074185035564
0.0215771423304
0.0797389752232
0.00364629676915
0.834485971928
0.812678468227
0.450877314806
0.0343717231415
0.00372696605191
0.00164501272811
0.670422716439
0.0706643925048
0.0831841424806
0.306519046798
0.794307374954
0.0890199672431
0.842982494831
0.974471634626
0.0256450944114
0.235738335177
0.0441585660912
0.582759511471
0.082154901023
0.968278986216
0.0234618292656
0.0668773580808
0.862754362822
0.977395814657
0.895004022121
0.678403362632
0.844409519434
0.286782171577
0.722440290451
0.345469430089
0.873176670074
0.0600728107151
0.0287826038897
0.492725795507
0.757440146804
0.74660371542
0.513813397288
0.0954936007038
0.361235076934
0.962596541643
0.933175879717
0.936227297783
0.012738737301
0.301416057162
0.0624331195373
0.700946050882
0.0211908742785
0.892987257242
0.810201352835
0.066307264287
0.776931941509
0.0283164458626
0.759628969431
0.0515568071976
0.00953419633443
0.0787385823671
0.97648139596
0.0524570111185
0.283505811542
0.283141059382
0.000473175990101
0.962934482098
0.00314658797579
0.94268502593
0.00634310870664
0.972183954716
0.944794982672
0.233113007993
0.0327127211727
0.000588526232787
0.190106740966
0.985566663742
0.600682076812
0.269041877985
0.204336221516
0.10713904975
0.988381147385
0.00812039443699
0.995283353329
0.175990087818
0.00203357113351
0.936938309669
0.137149843946
0.0534437520429
0.781077289581
0.00600244257366
0.249398424476
0.0233801263385
0.019744906947
0.921494948864
0.00711429744842
0.96422034502
0.434681269526
0.0881847389974
0.00469223941764
0.00634872734081
0.216395013966
0.176923245937
0.0319773690775
0.370098982751
0.719974929094
0.00443604032043
0.175608963147
0.989365667105
0.998609012365
0.998129534721
0.0636410063133
0.0326295190956
0.0493683525827
0.00819487727713
0.0359821423888
0.0187172248028
0.999982368946
0.57406630367
0.969757795334
0.00106769894046
0.511862966418
0.141783810779
0.100008821674
0.00894036190584
0.0197291142307
0.028715589596
0.886188173294
0.805717605352
0.385224297177
0.883144176006
0.55029027462
0.598033371568
0.233701244369
0.764509636164
0.573859079182
0.928728020191
0.65254535675
0.998995363712
0.00115248297443
0.858093106747
0.359096938372
0.931925845146
0.989386475086
0.984457063675
0.987298810482
0.270266132802
0.0736440585228
0.817884206772
0.169963877462
0.362865594774
0.00278953886591
0.00623357666482
0.717339938879
0.537406519055
0.871525847912
0.0163504336495
0.582222926617
0.0788109510671
0.000379304261151
0.00600751930615
0.456756649911
0.792898797989
0.155112201977
0.00103459578168
0.00776493117446
0.493897419423
0.760398972034
0.0024406121287
0.0267262567184
0.894558244944
0.0106950902496
0.757094091177
0.201861083508
0.680066984892
0.0223544927314
0.878777611256
0.00839566930663
0.523781500757
0.00156972709774
0.0374575821683
0.873016571999
0.40004696846
0.991540855169
0.703929108381
0.000680440041833
0.418577761948
0.479944941401
0.501166594028
0.00387218635005
0.590449181199
0.00191424329969
0.00502634918084
0.00779806830687
0.931504374743
0.429262423515
0.886626815796
0.0463544303086
0.0375544004375
0.0568523992784
0.157845524326
0.616955703497
0.290793408453
0.956083500385
0.0140226142481
0.988192200661
0.679703035951
0.935170465708
0.970419812202
0.987399417162
0.910864925385
0.651033380628
0.0251511003356
0.155545625463
0.776592034101
0.0589417347801
0.975435966253
0.00639003596734
0.00973039463861
0.133313263487
0.993885922432
0.863341391087
0.71059140861
0.559643906355
0.658967894316
0.0237025626702
0.421474894881
0.133974359743
0.78570022285
0.141279668361
0.450814595819
0.868350493908
0.198497213796
0.123986193538
0.0112621884909
0.0170020374237
0.931324458122
0.983033120632
0.876483696699
0.633551102877
0.705761742592
0.0220030870638
0.477326140553
0.919619816542
0.0102791373851
0.986776804924
0.118879398378
0.834278556705
0.834767657518
0.857630163431
0.00422371535096
0.058367075678
0.566544896364
0.00732161084889
0.875044608116
0.164763881685
0.0138985253521
0.966315674782
0.00716562827147
0.923204648495
0.616086673737
0.191156835109
0.831570148468
0.0167300208239
0.970205283165
0.795221889019
0.878601419926
0.438783425093
0.376921950281
0.7883900702
0.981542801857
0.000643785981811
0.0893485279754
0.0740178173408
0.00912645655917
0.172397536039
0.0079458706372
0.0304760139436
0.756743991375
0.0487500471529
0.000191112275024
0.0221367131453
0.317831900716
0.260528352112
0.332691984996
0.713761431724
0.734775745869
0.0432440846227
0.958386802673
0.0918394969776
0.00976795856841
0.673971235752
0.851051491499
0.0226183149964
0.135297626816
0.0138912150171
0.841010910273
0.0690939817578
0.233095256239
0.443389226496
0.0296802486992
0.0320390348614
0.248965196684
0.472698601335
0.0530490560923
0.0243413659278
0.0124880318501
0.0691662633792
0.22423178833
0.00511328467401
0.00112021387758
0.897736465931
0.961714822054
0.00342577702249
0.144108063728
0.162421562523
0.0154255057569
0.0870445243083
0.361949883401
0.0312207843876
0.940980112553
0.00635544608231
0.443179669976
0.167431479273
0.135851021204
0.0201649117633
0.882444912195
0.0152826878242
0.768667654693
0.984043091536
0.224771745596
0.524037840962
0.159825736471
0.000934783356934
0.942205059528
0.862850868702
0.0369091067696
0.637992832065
0.525426462293
0.000821309158346
0.97627491951
0.98273769021
0.00823479698738
0.745768347383
0.305934729241
0.587682715058
0.0159148146864
0.992962747812
0.0710811347701
0.030369126983
0.113087205309
0.549595345557
0.109678930789
0.00134967451268
0.882611912489
0.00549034791184
0.652119672298
0.0348884502426
0.689311748743
0.00800294616492
0.00481514299754
0.0780994671397
0.84293384552
0.267045233399
0.0030005922541
0.968883466721
0.759898400307
0.073352231225
0.253342071176
0.012513919035
0.494672627002
0.424932017177
0.105452785827
0.0293069302104
0.120606449433
0.0835419479758
0.9140452981
0.784156787395
0.161637366936
0.0248150624568
0.000366662951637
0.807647752762
0.00956218858482
0.0214985589962
0.112953038514
0.00289079236682
7.12543855116e-05
0.00855583418743
0.963259720802
0.0782665238716
0.0162246733089
0.831475442648
0.936096960306
0.0012386696646
0.0413328949362
0.292541857064
0.0648327142
0.307651860826
0.0760314581916
0.323208103329
0.00345513980865
0.346238466352
0.00200436853847
0.0930847234093
0.0114154411363
0.0965317906812
0.0144002508372
0.00105667798671
0.000503830225443
0.0499429725111
0.0251930833329
0.979332506657
0.00534007865062
0.948639518023
0.00621202258644
0.999401199818
0.999580717087
0.999558532238
0.962602245808
0.914111751318
0.00985589169431
0.00371368803462
0.011700335145
0.00271993798669
0.0163975656731
0.871771812439
0.918927764893
0.274396066368
0.59210370332
0.00108365346168
0.100550419465
0.0247200096375
0.415272916853
0.890584015846
0.99949567914
0.999529832602
0.999372142553
0.999527817965
0.57601339817
0.00844342153287
0.018509016512
0.252846194804
0.903344619274
0.16195425624
0.0096757772204
0.33916208595
0.00898493733257
0.00560105424665
0.033615405485
0.0515073769726
0.000500457063438
0.552480521798
0.0344879832119
0.0418893717229
0.126168328524
0.999991667271
0.999985301495
0.999705809355
0.998625820875
0.999604618549
0.00243267156766
0.0224368570838
0.270282176696
0.612103427202
0.00131259620903
0.0218864412047
0.0544252868276
0.992838430405
0.980069893599
0.00166450387042
0.971322357655
0.0261516985949
0.00482771215611
0.00552345996257
0.00147286882129
0.99990323782
0.999526464939
0.0097288035322
0.998712158203
0.989895057678
0.922669035196
0.0503082792275
0.962631958723
0.814142978191
0.111334495386
0.107781145256
0.85905905962
0.00150055459308
0.921760773659
0.0421095927712
0.286371792853
0.601922932267
0.949371951818
0.0255175789236
0.995987039804
0.753505420685
0.939404702187
0.00743423271633
0.843189436197
0.978546971083
0.848582941294
0.451990911365
0.931108188629
0.356866692752
0.542921404541
0.0491640992463
0.940998440981
0.499340390787
0.0938768327236
0.966971153021
0.981730806828
0.889249461889
0.979328781366
0.107538324874
0.404933961481
0.121882736683
0.159213930462
0.759979301691
0.0130428015022
0.157482023723
0.648640942574
0.0149945607758
0.772972548008
0.0118187746033
0.0259989861865
0.00217228434776
0.990791207552
0.0421310885344
0.721952569485
0.642358353734
0.51384524703
0.0373004306341
0.491024580598
0.880030894279
0.234963852074
0.00266265964019
0.94662258029
0.916920167208
0.0712858045474
0.151503747888
0.0148595412611
0.835167723894
0.0610371512361
0.0128194331788
0.79160797596
0.778152000904
0.0505408461904
0.140440087486
0.612731434405
0.798245507479
0.426276531443
0.971289265156
0.687968087196
0.132026477531
0.982918930054
0.989009737968
0.970219177008
0.242301125824
0.00493036945991
0.956832534075
0.0264040451963
0.914165008068
0.00898829215439
0.836949372292
0.96594517827
0.289225920662
0.922720617056
0.455223544687
0.0020803174164
0.984066712856
0.990400379896
0.976990622282
0.79300981164
0.994924503565
0.0465266255662
0.0391092981678
0.0837739033392
0.972702461481
0.974505913258
0.0440144270658
0.604039794207
0.0820256955922
0.527392411232
0.0207797567826
0.341444612294
0.769684922695
0.54392413944
0.101837670337
0.214134592935
0.568757838011
0.676626175642
0.0141370304395
0.0192422423512
0.888035160303
0.928110438585
0.0146966651548
0.0931430560013
0.864720308781
0.00170411262952
0.966226029396
0.0191916643409
0.0989919174463
0.0287106797798
0.871511489153
0.0258532841457
0.922709089518
0.595977604389
0.193166355044
0.0292093480239
0.72302749753
0.00486629940569
0.17726366818
0.0339234750485
0.0145690667443
0.0106890542665
0.0844386611134
0.872239303589
0.29117048867
0.0178610727657
0.00144238053363
0.0281025317498
0.00367314141477
0.0167111441959
0.000719470188051
0.000159997731589
0.0625320320018
0.00537271342473
0.000901934756985
0.269473665114
0.618886503577
0.828709453344
0.00603008344769
0.581590893865
0.393887981772
0.0308795098215
0.535704700649
0.0931642090902
0.0035600678646
0.1018507245
0.177013265714
0.000238640592534
0.0398390588816
0.0209879723378
0.948521965742
0.23192650117
0.0320811709389
0.0409067045548
0.00146092505602
0.203687889874
0.255373767018
0.802755582333
0.135848829523
0.0117118540686
0.0066175114247
0.0167819291935
0.139352530614
0.779958099127
0.763929927349
0.187397097424
0.0141825938481
0.00270945873926
0.0524801785126
0.0851141517982
0.321710886806
0.840313434601
0.0227166807279
0.00378459835774
0.174024474062
0.308885569498
0.0378984926734
0.946542048454
0.208764679544
0.0744266124442
0.0125298127008
0.761227083206
0.0960957648233
0.677926594019
0.501454783976
0.484177625179
0.00626375908614
0.000133837771148
0.513133915514
0.187362475693
0.646729061007
0.191125380248
0.312975235283
0.0546263587661
0.691745147109
0.8262552917
0.952875596285
0.00749907810823
0.0130804217886
0.353914712369
0.725725880265
0.0138055844698
0.376348921657
0.938041818142
0.0472146944143
0.952171105146
0.0478737761267
0.0353375628591
0.0259018888231
0.00291593788716
0.105384367518
0.348321958631
0.109933405835
0.588997638226
0.774399191141
0.179049021378
0.0246754533204
0.368509014696
0.0240734615829
0.0072102192411
0.372147709876
0.0103447002708
0.000256132581126
0.00505436288659
0.0061033029313
0.0025513410219
0.113689364679
0.0342716590036
0.0382580534322
0.00924348833505
0.597228489816
0.722918522358
0.338519040495
0.09497232344
0.61931013763
0.0367242954555
0.0144917746657
0.24443210829
0.587665675581
0.0140765015967
0.0384898947552
0.0144345933339
0.0031284817167
0.00686259732465
0.00859211477218
0.00413552871905
0.00130462757879
0.0223383629927
0.00182776215079
0.783516165614
0.915245550871
0.10302949748
0.00446866910497
0.209563289955
0.00810378631577
0.00234850703855
0.407170307636
0.00924585596658
0.19035156779
0.0100934032933
0.27769956179
0.0332314782776
0.385013813525
0.0211141969543
0.032408513315
0.19604941234
0.913173651695
0.839556115866
0.0750172827393
0.878940725327
0.0112035974977
0.0978011714295
0.061898810952
0.00107583573044
0.0262632315047
0.0237557531334
0.0075345006655
0.250897094607
0.24782211259
0.394848011807
0.202526680846
0.00566443610296
0.00125870435531
0.0007231648784
0.0132449821685
0.000973456778047
0.0120420192368
0.42502194345
0.0528004289139
0.39780677557
0.0934902787209
0.124785196781
0.0701102871448
0.0148246015422
0.240355921537
0.0680944284424
0.303434733301
0.027017016575
0.0112521852949
0.0608975129202
0.341772805154
0.0266609731829
0.349828564376
0.245369354822
0.840424472094
0.289144246653
0.430890350044
0.802467912436
0.155035270751
0.00214097146236
0.0131587184384
0.118031164259
0.0180974951189
0.187398454919
0.353963001817
0.124942033924
0.00509557422192
0.54353980273
0.145201405603
0.0523637331091
0.00205340336324
0.108400651347
0.14216132625
0.0166376131237
0.0195772698149
0.441735215485
0.00536607362301
0.168093102053
0.013441467518
0.0597766503692
0.0390306033194
0.0561445404775
0.354200927168
0.709803190827
0.00418591424823
0.0789075825363
0.102636945155
0.00143338916823
0.00356590750453
0.909066510201
0.400680726022
0.00686501690652
0.00388979488416
0.000538105016312
0.489557317644
0.740807887912
0.00633008957957
0.0216073222458
0.000307388606598
0.0237981362734
0.00582487687207
0.00665748286992
0.125686808117
0.1913701199
0.000664639467595
0.00586480888887
0.29907689169
0.48187367022
0.00126893326233
0.000120424379747
0.0946040537208
0.00495216080453
0.00939789309632
0.00738654846791
0.0462847806513
0.00827553004492
0.0219387473073
0.0444383108057
0.028173495247
0.00569132677047
0.369342078269
0.681513345242
0.00918111390783
0.016020468832
0.129618620127
0.903661775589
0.941318976879
0.646965482831
0.141495330818
0.354107522219
0.0713515911251
0.96769759655
0.112495804019
0.134952050447
0.216128620319
0.888987898827
0.885203391314
0.197687929496
0.350520467013
0.6896968171
0.0413253406063
0.498126992583
0.93783146143
0.0558945564087
0.00178592436423
0.00197122014069
0.835256457329
0.714259839058
0.502820390463
0.731144768
0.0541053815745
0.00152760838973
0.24210377112
0.00729308010486
0.1175861964
0.959925836325
0.943538087606
0.647924813628
0.0195404863334
0.000371073383576
0.105890029203
0.981899559498
0.0100826110807
0.026736814063
0.000340412043698
0.73369243741
0.220812999457
0.0483952334616
0.56936634481
0.108953569084
0.12222309038
0.00310620007658
0.0244012607029
0.252703862637
0.0016498464749
0.110258578137
0.0258344560862
0.022534748679
0.0141779318918
0.0107139060507
0.0117892310955
0.103781159781
0.00473996283254
0.0782029258087
0.999989008904
0.999415999651
0.997089469433
0.0745614164509
0.94971075654
0.948379862309
0.00167607507647
0.000339758432528
0.380724719167
0.613361958042
0.041175492527
0.32178188283
0.000441440137365
0.0713776484132
0.00988528904272
0.00469320506163
0.0144386289525
0.00869408323488
0.232473936211
0.00407415187219
0.0576515205204
0.999993383884
0.999723935127
0.0197294915095
0.578827560693
0.0435938258423
0.0335816166364
0.182819475047
0.503205969185
0.00554460665298
0.0354743285454
0.909882193804
0.0945518888533
0.485229207575
0.699712356925
0.158123138361
0.587758015096
0.0526307850145
0.909445923567
0.108812575787
0.347805265337
0.0249152895063
0.29846021831
0.143341049552
0.00208100484405
0.978344136477
0.119905235991
0.381187238544
0.929237514734
0.0111359412782
0.0340280229691
0.000935012646369
0.385004559904
0.0196830659872
0.00242715023633
0.114186275005
0.376955677569
0.419006377459
0.0944386836141
0.658661752939
0.3843821574
0.269239385426
0.185804648325
0.00167556956876
1.1402285611e-05
0.0544231419917
0.00735024221358
0.0650793629466
0.0530139165814
0.0147322015197
0.0577990964986
0.124190831371
0.0336348185199
0.0087859096122
0.989159560204
0.00151095480905
0.547437682748
0.112934844941
0.00976762573118
0.0266290669562
0.0107622000156
0.0165191845968
0.927353268862
0.00797458000307
0.94313762784
0.92774143815
0.978218901157
0.00240560549428
0.00659455168061
0.00965891898377
0.00152616961022
0.0112657670019
0.0110556387284
0.011135670857
0.0569860885968
0.000834514523012
0.464383156598
0.0712995808572
0.00794587786077
0.00540814472479
0.00507957250811
0.434013333917
0.548534962535
0.614964979887
0.0319596535061
0.211284623668
0.28867425397
0.00628790790797
0.0241643041372
0.0266199132195
0.0225558578037
0.83183991909
0.744971400499
0.000253326186566
0.148947121389
0.404166579247
0.000143859076167
0.00863924757286
0.855115371943
0.00561904663773
0.00413731245208
0.352745502442
0.00869141999865
0.059197980538
0.000348013400071
0.00654479014338
0.0823470260948
0.00483137628762
0.00763300699764
0.0266898237169
0.00322897041624
0.00106712804118
0.127870799229
0.00768356366898
0.0169470768771
0.0576100260485
0.00691672620887
0.00320526302385
0.325566054136
0.0214574567042
0.00108720373828
0.0315660159336
0.656916324794
0.0402625646908
0.00230472970288
0.00262761983322
0.00706139635586
0.088665945828
0.0613420158625
0.0268675534986
0.149838484451
0.00877225681907
0.892754340172
0.994460123777
0.890665668249
0.0572952033253
0.0016358965353
0.890816241503
0.00930989242624
0.0427400542423
0.0149301727302
0.00664314394235
0.998837220669
0.000822471446736
0.015164040355
0.242536852509
0.0949761381373
0.0056008776417
0.0123366290238
0.288290184364
0.563827469945
0.738685142994
0.517970472574
0.669487783313
0.0093703421182
0.00975106662372
0.375562813133
0.439845271409
0.0402896857588
0.0187203598209
0.761882951856
0.0273554889718
0.779539465904
0.25599707514
0.0257806248497
0.989825063944
0.0482980774716
0.628198069334
0.0218828986865
0.672618868947
0.00657750600949
0.0285990812816
0.914343768358
0.0173831826076
0.319135220349
0.0064374611422
0.0330863399431
0.0808978809975
0.00913589752745
0.185324036703
0.0164793145726
0.0270301546436
0.0305012016208
0.0296717602294
0.0619522489607
0.00301729336497
0.993441295624
0.0487452819943
0.00785748837516
0.0418191403151
0.0482508749992
0.00073817543016
0.0822928760201
0.000373933570518
0.504218177497
0.0639210030437
0.12594195148
0.927338480949
0.095536497049
0.354329021275
0.989206326008
0.0714324095286
0.0129404512118
0.10523997983
0.055978640262
0.278399283811
0.117286833376
0.00435957431619
0.0061227186583
0.00627565260511
0.11933693178
0.157840753719
0.802941018343
0.675840345025
0.693530240655
0.048318938911
0.0105434347177
0.00132432594619
0.00234006414394
0.000542851618957
0.00170653679961
0.0420500023291
0.00826426659478
0.462483354658
0.443177261949
0.0235810552724
0.0137983880239
0.0297013766132
0.287234109268
0.0139356750529
0.0465309220366
0.0191373251379
0.0161983979633
0.000749895726767
0.000510408485866
0.124160079844
0.00457737878605
0.00642703887424
0.354560570419
0.165267276205
0.000425253916728
0.0103285950609
0.0100931571273
0.896214962006
0.868913972378
0.273736589774
0.391183744371
0.0210974327056
0.00483729576226
0.0442303027608
0.0254081600113
0.0390291416086
0.273183051497
0.829835277796
0.216085276194
0.00406444509281
0.0203871832229
0.0319459555671
0.000454358935531
0.101824382134
0.0309409816749
0.07081638854
0.049033475481
0.982951450348
0.896196484566
0.00506731704227
0.0151022528065
0.0054785050248
0.0202793439152
0.463773391023
0.748380792141
0.197667147964
0.106943431497
0.0122041380731
0.119401490688
0.221023213491
0.0679337054491
0.145098119229
0.015871231223
0.784846007824
0.245908537507
0.0255518907448
0.00808009685279
0.948413813114
0.322272434458
0.921510136127
0.884659951925
0.501136907935
0.187797382846
0.0179012521403
0.014321948227
0.0150085179019
0.221816485561
0.170256724954
0.408271861076
0.862323516607
0.0363087453879
0.0701273795217
0.00262284287164
0.0182151726913
0.0199180566939
0.0168788037059
0.163013327308
0.908264780045
0.12744906228
0.780441835523
0.00028481668669
0.483439825475
0.155108238012
0.00177783015533
0.78939152956
0.0565919687971
0.854454767704
0.0184475226561
0.34338088613
0.11686046496
0.00593132975046
0.000239634082754
0.174063545745
0.00732960047899
0.020149124891
0.000177179264301
0.288231052831
0.0163102795254
0.137018176611
0.0146489213221
0.955136328936
0.89707801342
0.889967602491
0.00772663415701
0.0502716296352
0.00478184669046
0.169082011282
0.169237549044
0.00776828310918
0.181277810037
0.00179022302618
0.830854332447
0.255475565791
0.0394696174655
0.017531777086
0.717571768165
0.0116068535252
0.711362180114
0.466953419894
0.155736126751
0.871296155453
0.725959780812
0.682011476159
0.0143078574212
0.088451532647
0.0550400318112
0.174730211869
0.0122973774443
0.540238004923
0.00065746833352
0.484717591852
0.00314593012663
0.00408054158324
0.578687942028
0.0230499957688
0.214804469422
0.0377864714712
0.0275977372658
0.298916579783
0.184019551426
0.179445011169
0.0739378517494
0.015785841411
0.0967038081028
0.00355074934778
0.000142004316581
0.115663448721
0.339287043735
0.107550297305
0.0315340902656
0.0102874693868
0.0446245831437
0.00108587460127
0.0207184899598
0.0514157791273
0.0262880920433
0.0940053422935
0.188547880482
0.00234629465194
0.00540994073599
0.057064079307
0.0178559239954
0.119708629698
0.567574486136
0.00251736856881
0.210210382938
0.226860131323
0.62304559052
0.068436072208
0.185434582084
0.109316285513
0.0747057983652
0.0505437297281
0.724096399546
0.735926219821
0.0201652843505
0.0179465149529
0.0556916476227
0.00234299772565
0.118221816048
0.00141566783568
0.381297618896
0.039205532521
0.0425405871123
0.0578019483015
0.0160604360222
0.00169163657993
0.0576804655604
0.0401225959882
0.994953548908
0.92291675806
0.971510219574
0.00173907588469
0.911030626297
0.982263314724
0.00808602829929
0.862668424845
0.00180960568759
0.000386740501381
0.00911622285494
0.00117745485986
0.00705027867516
0.0200808327179
0.105706319213
0.00137387355353
0.0159667584463
0.228207861632
0.521794913709
0.00444293863839
0.999990856647
0.625069278479
0.0358385487663
0.0316618370591
0.0510190714267
0.352101938426
0.736092108488
0.049077496957
0.549967688322
0.000281911272941
0.0121282358421
0.00497184232518
0.00877484320517
0.00852162132505
0.434759179503
0.618949306011
0.348844781518
0.743808084726
0.9832290411
0.965294069052
0.057936256798
0.00238510454001
0.0265057213372
0.00886422173935
0.284547241032
0.0315379060456
0.0205161500257
0.547914280742
0.997330373526
0.881208509207
0.00575090385973
0.0132426378899
0.0671170420945
0.263390686363
0.00288096277218
0.00103634584375
0.253205018491
0.0134548684582
0.355402691476
0.00061403485106
0.344020649046
0.780511748791
0.186638453789
0.0960769319907
0.0420465696603
0.0259280181024
0.787236446142
0.123593541048
0.990366631746
0.0133162081824
0.0272838198522
0.00237805475335
0.0140273070429
0.000292826096938
0.0487740049371
0.195444636047
0.2975172773
0.0922030698508
0.728269156814
0.943383949995
8.89993102646e-05
0.0432727961335
0.268283209577
0.942202717066
0.0356011023745
0.585895015299
0.0127025223861
0.75952180624
0.0431387029588
0.0135281121242
0.620830205083
0.017451522428
0.00217028012266
0.107522009173
0.391753358208
0.751402050257
0.753709229827
0.456590718776
0.345466933399
0.0597121184925
0.0226621714421
0.00597026646137
0.00757338135736
0.000510238782226
0.0438622214133
0.0685873835348
0.19961765334
0.0402087922208
0.0475008252077
0.0335180067457
0.329288003594
0.11306854682
0.0180026788265
0.333678871393
0.00316475143773
0.0142547882628
0.0421930794604
0.0176590605173
0.0588241214165
0.106236295775
0.355204302073
0.453903831542
0.386164382845
0.163003447652
0.935514861345
0.645256218314
0.00812933705165
0.00592623462144
0.00063615963154
0.000667505335514
0.0817721191794
0.826445868611
0.709411327541
0.00254893834208
0.177050413284
0.882347494364
0.32732233014
0.0125838643988
0.00739857738372
0.417146284133
0.00115999750851
0.0496545466827
0.0301850824617
0.947083079815
0.792610776424
0.929955625534
0.0740465450101
0.384684966505
0.0223793250974
0.00152231922111
0.470661903173
0.0318991574459
0.475266484171
0.0196771970484
0.61889320612
0.00993603074457
0.125882026926
0.006668295688
0.0101970393036
0.676009359956
0.00987609599833
0.0184181937191
0.120313013159
0.015377824055
0.0852356280899
0.00189890568872
0.00390225026786
0.771202948689
0.498296248913
0.161518677697
0.45686981976
0.281230089068
0.000359831917638
0.503415874392
0.0322374840733
0.475175994635
0.124660666566
0.885029858351
0.335442991555
0.0134830641327
0.00108697352844
0.0898299891036
0.150718393549
0.0256287150085
0.412737016752
0.729453623295
0.80480004549
0.960851925611
0.956511062384
0.189334440883
0.0157195186533
0.161021461571
0.0130626682309
0.00306819336256
0.883618587255
0.176931756735
0.709312734008
0.0341240833979
0.525440410525
0.0366662836401
0.345645948127
0.906955832243
0.099669057969
0.021577281924
0.0121793733211
0.00822912277654
0.999968957901
0.999327242374
0.0374575843103
0.00652603172639
0.00199361463128
0.516166698933
0.201087530702
0.00976318910834
0.03226768733
0.148202295601
0.00399395014392
0.0678231304511
0.00512143168889
0.524219591916
0.0138581103645
0.217402140796
0.0592330280226
0.00192194063711
0.136158074811
0.260743988305
0.913243287802
0.18673924841
0.163673401251
0.010057316348
0.376737722754
0.398302247375
0.501910045743
0.0366799170501
0.00487770368927
0.108823702484
0.10098576881
0.999994015694
0.99997060895
0.999646049738
0.0101087585383
0.425287783332
0.0328956353012
0.15797428526
0.00976172294468
0.104313082993
0.415448789299
0.00201746404346
0.130193352327
0.49485385716
0.00358616798185
0.143220645562
0.00825597501826
0.00239244437744
0.961420738697
0.670713916421
0.00797948799736
0.40079755453
0.134275069251
0.0190620335285
0.00606715926551
0.157778339833
0.00661208211677
0.0237208891194
0.72913236022
0.919784522057
0.058190056961
0.801744735241
0.389941316657
0.017244052398
0.0169234881876
0.0622346269898
0.975621193647
0.15679316856
0.0877807260491
0.0252468284685
0.055443495512
0.000120239311673
0.706706082821
0.0128305437043
0.00482359497109
0.0391706077848
0.294813524187
0.00929519044003
0.0943688406609
0.572599732876
0.000314356871877
0.022502451553
0.0661977639422
0.00722536420217
0.137757637445
0.31891509667
0.0280759584159
0.398951375484
0.393496165425
0.235529400408
0.764605271816
0.59599390924
0.000403885818105
0.00269843515707
0.0941282739863
0.113213916309
0.0839888524264
0.0586256743874
0.894574737549
0.0992064876016
0.629862444103
0.000621283433247
0.759159320593
0.999577969313
0.998973786831
0.773677808046
0.138120489195
0.0500684387982
0.00186272514693
0.0938694416545
0.488347777724
0.234137258824
0.121230012923
0.0678459924646
0.0659990624525
0.94368172884
0.0201263744151
0.196467002109
0.983275514841
0.00327445963921
0.00633914436912
0.00686099250161
0.987308931351
0.904326122999
0.00798046492273
0.736066871881
0.919772738218
0.913389515877
0.911987054348
0.284589183098
0.00478257891955
0.0151476754225
0.00927117929386
0.778152418137
0.712183859944
0.0227648279164
0.15636803098
0.049818932265
0.698148271441
0.00664898859395
0.913665646315
0.702599683404
0.857692158222
0.0760820708703
0.535638865829
0.212455607951
0.891252624989
0.0688499083742
0.566374111176
4.52039332231e-05
0.795231431723
0.0613363521174
0.00811297476175
0.305685516447
0.00616185867111
0.00273948459217
0.0259740430396
0.987475025654
0.398312442005
0.0357467129827
0.0149896944407
0.857143449783
0.610765816271
0.767438858747
0.714457246661
0.147834435292
0.352764309198
0.0689323611557
0.704425731301
0.0829211019911
0.0262339475099
0.394570215046
0.0947358799167
0.352345219254
0.685618579388
0.404512051493
0.00665790896164
0.706354859471
0.447539576888
0.353963924944
0.00671208852436
0.327099353075
0.567858755589
0.0344094914151
0.000548449327835
0.00203338126521
0.106324268598
0.0533472046838
0.0980156216305
0.00815325938165
0.0302895235363
0.0012628362696
0.861748462915
0.080371772591
0.00555288349278
0.444121684134
0.0328585402109
0.0107087779557
0.0014285507772
0.865186053514
0.703584200144
0.641229383647
0.627116877586
0.872553133965
0.964910131693
0.978518331051
0.937464696169
0.953809684515
0.686245116591
0.999817097187
0.996147823334
0.967549449205
0.987395763397
0.95521043539
0.966119855642
0.00131644406065
0.0168259400642
0.937245112658
0.844704914093
0.0059662692016
0.783761200309
0.902994072437
0.00210095772927
0.0175763756968
0.00932446426013
0.97349998951
0.565577292442
0.145515112486
0.67784075439
0.472448898852
0.381719450653
0.420317567885
0.000566533629535
0.0967727463692
0.0117589893052
0.870146936178
0.779875284433
0.0970184369013
0.00312980712188
0.225254325569
0.458373726159
0.161734200269
0.0209567218204
0.0589083983563
0.771356129646
0.931027793884
0.0099354864913
0.907028746605
0.00622611431172
0.0223012887174
0.799634665251
0.323645367473
0.301291694865
0.0222519117873
0.0637682843953
0.0117020566016
0.00459195415897
0.0260740960948
0.0175036961213
0.570332485437
0.0736929119565
0.883874827623
0.956020271778
0.148413992301
0.737791883945
0.041793422401
0.0429057290778
0.206090233102
0.38333686851
0.00137756416952
0.00556700712768
0.00190647793061
0.00252376621502
3.91454361676e-05
0.00118433181342
0.00935847691144
0.0432058870792
0.168191881478
0.0603661740199
0.0134917921154
0.521682810783
0.0113385692646
0.0707023663446
0.0144169983803
0.0201833956991
0.651499480009
0.315600460395
0.602566200495
0.22751422748
0.00136957802897
0.0173096519895
0.41757683605
0.00508454465307
0.177880501747
0.0211993502046
0.039541856735
0.649082377553
0.000340855822833
0.0102825332782
0.996960628033
0.0559927996248
0.52699482739
0.011546952324
0.845520329475
0.547804804891
0.721796542406
0.62379142046
0.848201352358
0.922320926189
0.0421569933649
0.981812804937
0.797808253765
0.0233762562741
0.255311598256
0.667155532539
0.665551277995
0.0203391118208
0.847553908825
0.0225691852393
0.123214887362
0.56500890851
0.0410719227046
0.0519782632589
0.795086884499
0.00642034412595
0.257046592981
0.246807901189
0.814193195105
0.826306790113
0.407162395865
0.000151945899734
0.924434161186
0.86400744915
0.981236475706
0.493280736357
0.875056481361
0.847566783428
0.00537400052708
0.31844035089
0.447825204208
0.311071747169
0.748211544752
0.318009519577
0.00512706162408
0.0347378883511
0.00885587378871
0.0409255009145
0.0883480990306
0.00205995639553
0.11503122272
0.175660297275
0.129949647188
0.128618605249
0.345516721904
0.00930894915946
0.648620209098
0.139498588536
0.0219590148889
0.0274007853121
0.0133557677269
0.0185923581128
0.0421152113704
0.00275730422145
0.0412016687915
0.143510642648
0.913243055344
0.00154245183294
0.961325883865
0.0956463860348
0.0075126501557
0.966043663025
0.0184008501004
0.937939089537
0.00411931033595
0.950059562922
0.95352563858
0.778198689222
0.821207362413
0.0057920930034
0.0582498590462
0.00158898678201
0.0111491379561
0.103995670564
0.211803058535
0.00697819764027
0.0144599748775
0.139855642244
0.987876600027
0.323524634726
0.204708734155
0.140867612977
0.0135774694849
0.507146832347
0.00600897586555
0.0226854423061
0.00450964399497
0.113600208983
0.458711469173
0.880074840784
0.005216409688
0.63734973371
0.888507407904
0.564623363316
0.527282521129
0.364611580223
0.832175838947
0.584400328994
0.0939350489527
0.0195809058845
0.0131659151288
0.0142428698251
0.0173811793677
0.0326837702654
0.0216853196966
0.00878148160409
0.6005923599
0.501380136609
0.00730761839077
0.0614804347977
0.920771163702
0.908187395334
0.0136601915874
0.0774012392387
0.783763831854
0.336616042256
0.263034131378
0.204373756796
0.000410416703926
0.0494388287887
0.475715352595
0.544421872497
0.974961680174
0.0561308267992
0.0187969739083
0.8556253016
0.00759652871056
0.0076246718294
0.15087437667
0.0248459585942
0.09699107958
0.791630095243
0.852645647526
0.0364587537013
0.78298907876
0.0600385010184
0.00270926938465
0.108070041239
0.00570001064007
0.0349704358261
0.00779144192347
0.00216681069287
0.142432954861
0.968627876043
0.0574815441389
0.0577216140926
0.0173122785636
0.0116263857693
0.00232529444984
0.178402626514
0.099003024213
0.0728696708567
0.154957606271
0.118523864355
0.0066306662251
0.0259118455346
0.811351817846
0.706239834428
0.720605862141
0.00665621903026
0.00342112393118
0.0145881199976
0.0351045198739
0.0165093597781
0.0175630390877
0.99997985363
0.997508645058
0.144055770151
0.0141475285287
0.00991298914887
0.386659994721
0.000742987967169
0.741426470876
0.0230999510386
0.00845111978706
0.185677707568
5.55110829339e-05
0.0653359276243
0.0395345424884
0.00395963494811
0.771490865946
0.0332210742868
0.00364432482747
0.0116943495115
0.155707704648
0.129377168417
0.00252217564848
0.00327927212347
0.999956470728
0.999691098928
0.999723827839
0.273211421072
0.0757136376575
0.610161082447
0.999854052067
0.999173700809
0.0155967199127
0.0239540867507
0.00396814739215
0.742816480994
0.00452393916785
0.00823971475475
0.498946689069
0.0420087217353
0.101599548385
0.0144813976251
0.000790151868932
0.000269679812027
0.00587965924933
0.305550154299
0.734010803699
0.00678037470207
0.0937819961458
0.880425512791
0.0836327968165
0.956687313318
0.962726634741
0.017643737956
0.00804425403476
0.0198648920516
0.0947953037918
0.68455824554
0.61487840116
0.849211442471
0.00779518721392
0.281304330006
0.00684890164994
0.26325102821
0.979691004753
0.990408825874
0.985706740618
0.999890589714
0.44805572331
0.33171489425
0.0196272493806
0.00423598822672
0.993398332596
0.999972045422
0.999794614315
0.387497715652
0.999016875029
0.00316215149287
0.00315730200091
0.968503195047
0.00153993963613
0.0463999208994
0.0135055788269
0.924149721861
0.0243945390917
0.0291637091897
0.0140372146154
0.0377124264371
0.143423232995
0.00192090739583
0.0168784956084
0.0242453154875
0.0182176358998
0.995667761564
0.0301682117162
0.814179289341
0.0362384697095
0.999025046825
0.993386059999
0.848964697123
0.717608401179
0.858187276125
0.098540080525
0.145992222056
0.130610043928
0.0269953452051
0.0281685815658
0.332492526248
0.727662998438
0.841948026419
0.00861077076988
0.0448413331527
0.0709784094244
0.056419105269
0.998792243004
0.00482634869404
0.345828284323
0.251285494864
0.990087741613
0.995538306236
0.999996900558
0.999988698959
0.999962121248
0.999980509281
0.742438429594
0.826875662804
0.0480317871552
0.805639046431
0.35426165238
0.231873144209
0.974324512482
0.0905888731591
0.246433549374
0.0190509358654
0.0243633697741
0.381994220614
0.0366256793961
0.0235333314515
0.0297474725172
0.278187718801
0.0299189402256
0.0115960520925
0.0447600420564
0.624777509272
0.658812971413
0.397160938382
0.0635742407292
0.0946668925695
0.0347441583872
0.0869575368706
0.438561224937
0.765155601501
0.039057549322
0.0443520887056
0.000936294773783
0.12026967667
0.790545403957
0.00655013875803
0.0707872994477
0.368857848644
0.299195346609
0.0132682041498
0.0922999961302
0.982087016106
0.0018199309503
0.00210053693736
0.990515589714
0.993709599972
0.26479591839
0.00280943827565
0.31644686386
0.029292410682
0.566830071807
0.0294292658567
0.474599303305
0.713779985905
0.178633106872
0.0468339422718
0.937983816862
0.849918723106
0.00295182942646
0.195215222239
0.00679780753417
0.251535778493
0.195021434501
0.0239437659271
0.720182624459
0.667305268347
0.601881575584
0.0330617255066
0.384358228743
0.195478438307
0.0538082930259
0.00732956169522
0.00139279293944
0.00293923567078
0.00200213923526
0.00121076318028
0.00418669920764
0.0107088150224
0.00660270195513
0.178443408757
0.00322275281069
0.308348254859
0.0840688893571
0.0860211418942
0.00292501021177
0.0314307733439
0.0601245572791
0.492746460438
0.000706833866934
0.0108185300109
0.000139164953225
0.0342495291494
0.0241181292105
0.0016705450369
0.0036260303852
0.0312285111286
0.127765756845
0.500749230385
0.00885491650552
0.000408886859259
0.000552101904145
0.522449721396
0.00391926204902
0.000217109981349
0.00182055878104
0.00610387511551
0.0186166854342
0.874241751432
0.408437719755
0.849479997158
0.41830701381
0.122156263515
0.00813962457178
0.851018482447
0.0143567265011
0.906655013561
0.43935495019
0.878035318851
0.168391782418
0.02686756365
0.273690071329
0.00331302361737
0.0261299865553
0.184351552278
0.126018964313
0.00433949067665
0.180809499323
0.152504248917
0.00878681011964
0.056702945428
0.0292806458427
0.0161226122087
0.00350144536351
0.00209642498812
0.000157757515808
0.743866401911
0.999862539768
0.998914223909
0.910499048233
0.638925114274
0.00160324611061
0.0141358863446
0.135250899661
0.0294461991638
0.282269951701
0.00265675967967
0.209297321364
0.0260021511174
0.950256872177
0.0196724975482
0.016332324408
0.946044522524
0.175451252237
0.134797067381
0.15626449734
0.049160375027
0.060341431899
0.0941990844905
0.010854466306
0.180813174322
0.00617369010579
0.149629468843
0.244835629314
0.048164129816
0.00694618554262
0.0146395069547
0.0163572384045
0.0349380948115
0.0251517483732
0.364467765391
0.0417303833179
0.0914976148866
0.253123246133
0.00492861025559
0.00270802769592
0.0313752181828
0.274227664992
0.0547044083476
0.0302847628016
0.416526547074
0.00729210125282
0.00130072350075
0.0508455475792
0.0590213023126
0.917338901758
0.194247930497
0.0100098338909
0.00732724065892
0.20888427943
0.504300126433
0.366880830005
0.0116399650578
0.017895696545
0.301705510169
0.0183287667343
0.00557204770157
0.00203579000226
0.000122296940481
0.538976043463
0.14754291214
0.00842717178166
0.082508726744
0.17960837055
0.0969397976995
0.0380432403646
0.354443935305
0.0493118063081
0.492827823758
0.0771512866952
0.497731332481
0.0640597082675
0.013731018384
0.00998645660584
0.393666793592
0.125269199302
0.0260936150793
0.214784045517
0.188211511075
0.0566795176826
0.124194301479
0.0149990737089
0.301615545154
0.189294787496
0.501540692151
0.317968256027
0.0843288877513
0.0209275389556
0.0580811273307
0.0432128583081
0.0571989988908
0.555481280386
0.0611428121105
0.144965512678
0.536011558771
0.232654874027
0.0916959785856
0.0525113604963
0.0701406240463
0.0127889995929
0.0368429351132
0.652379329503
0.0406956980121
0.0161717255425
0.999977326393
0.999796867371
0.999791693687
0.00367001300474
0.00350228275638
0.031160849845
0.948654139042
0.920572537184
0.214373525791
0.452092675865
0.459173363447
0.506593489647
0.207182448357
0.363231644779
0.129732437432
0.833147960901
0.998851186037
0.776970916986
0.0247375613078
0.0741213193629
0.00454843011976
0.0864977939054
0.0112763779194
0.799926787615
0.755684608221
0.224577724934
0.438994632661
0.00930528036552
0.0276129448786
0.00937511739321
0.369165232033
0.265533590317
0.0373198364396
0.110564050823
0.338297738135
0.952866774797
0.517657612264
0.886376440525
0.0110147494939
0.36603128612
0.00488929543062
0.0160431163968
0.896175301075
0.0747367580654
0.00700796865858
0.0696200216189
0.341632963717
0.0153415967245
0.952740603685
0.788048130274
0.674064818025
0.794580447674
0.340308118612
0.208581735101
0.992546349764
0.587867853045
0.00559045965783
0.802969717979
0.247622030228
0.968807137012
0.42804698199
0.269502587616
0.0273582291207
0.031064464245
0.0149744103866
0.171706402488
0.164056482539
0.637249568105
0.0957197956741
0.00171508067833
0.0218957694568
0.149295260757
0.00758503454272
0.0160555416252
0.258618087694
0.0121869829716
0.266902999207
0.636254805326
0.190279272944
0.0362279769732
0.831262844801
0.659765207767
0.118183422438
0.00171036841784
0.931785100698
0.0642378423363
0.616719377041
0.0254557322711
0.553015914559
0.334920220077
0.428341408819
0.0872344866395
0.0101766560692
0.177386695612
0.627447414398
0.0104197290493
0.0128145526338
0.00368897387234
0.10515928138
0.0417490470223
0.914632332325
0.975575983524
0.040836548619
0.272270683572
0.0597499953583
0.0674773782492
0.000951017916668
0.0719296611845
0.00193250178418
0.0150483851496
0.0460794330575
0.834947282076
0.797296407819
0.779894849658
0.985496079922
0.976202863455
0.859580200911
0.823890805244
0.0245734503493
0.00757413704414
0.976541090012
0.758738255501
0.83280838728
0.0102248429321
0.486175860092
0.375567993522
0.0351094888989
0.0029551654603
0.0119350303663
0.85828744173
0.0158729087096
0.000209103936413
0.880954051018
0.659297798574
0.690418559313
0.698882770538
0.0245254847687
0.154690811411
0.1789291583
0.199728343636
0.0321673521772
0.326649442315
0.00179467424314
0.100294256583
0.122747364268
0.402510945499
0.483314281702
0.0285339189693
0.0295091321692
0.629618483782
0.244490375556
0.124212160334
0.0693534269929
0.78514559269
0.0327441691188
0.158728343248
0.181912387908
0.715443342924
0.00236196714686
0.0696101658046
0.726859968901
0.118425854668
0.00111773968674
0.0243765508756
0.0656119104475
0.1347517116
0.326078020409
0.00869708559476
0.733116978407
0.0117742153583
0.137200305983
0.907448291779
0.0133372446289
0.00278811375465
0.100798303913
0.0617498739623
0.0227454857901
0.00151393247124
0.0456978443777
0.0730390064418
0.0194487802364
0.000537401349447
0.216268828884
0.416963879019
0.0439352307469
0.358326121978
0.792945756018
0.0273252055049
0.00125493085652
0.279170731455
0.017091379175
0.00099989303344
0.0142703543301
0.00902897792403
0.0192620065995
0.0654535057954
0.0459435580298
0.000497632818951
0.00274549244787
0.0839207185199
0.00881749168038
0.0109038830036
0.012561023212
0.389050704241
0.0744668275118
0.158868191391
0.97572644949
0.0238138885004
0.0228313608561
0.379315324873
0.00280852494907
0.00538134114177
0.00379927054164
0.164999636076
0.287039932609
0.00471883409191
0.592552570999
0.0185946800048
0.0153372684494
0.0215225856053
0.175020091049
0.00688192249218
0.566199958324
0.0683350337204
0.742968985438
0.696689468622
0.195717154443
0.119388309307
0.285755714029
0.130297213607
0.0269470149651
0.118729352579
0.283389488608
0.0146618939238
0.000818752101623
0.155843667965
0.187966769934
0.712544184923
0.00462465031887
0.0085268246592
0.231755359843
0.00338637306413
0.696478927135
0.1169377869
0.108128136024
0.0689026984386
0.16138499938
0.000229741844669
0.499391122907
0.00781778181554
0.00661191417312
0.0957030145451
0.00109029613886
0.00710795846535
0.0214411818539
0.00340112727208
0.026880495064
0.000211502763159
0.00652702485095
0.425156222284
0.0965121995658
0.524907566607
0.27581223771
0.0229457763024
0.304392771795
0.0935874762014
0.062652420532
0.661842045188
0.260573501885
0.0968935489655
0.0108300605265
0.0103724796791
0.00218131748188
0.290272844955
0.00808026820887
0.392950569838
0.00575295111194
0.0260447860695
0.121867316216
0.994520640373
0.0225953130517
0.0781009089202
0.0549295473844
0.0701736441348
0.000492741911148
5.6436583634e-05
0.00372950421297
0.00430562330585
0.000791968363774
0.0978665594943
0.792798054218
0.00244527143368
0.00356069129484
0.00278193948761
0.000212453210543
0.633623349667
0.25601430703
0.0816757563502
0.490934540331
0.0532831942663
0.562205033004
0.294769418612
0.0014696067461
0.0833554647863
0.159147258662
0.0811227168888
0.00801150704501
0.0335548686795
0.00647433149861
0.0444825043902
0.743972241879
0.66507461071
0.00746067669243
0.0557142760605
0.00826386387052
0.00992881911807
0.124186426774
0.15715772137
0.00837279818952
0.00997000720818
0.00810123996343
0.00104332075643
0.0188291406026
0.00970670023235
0.0251066252356
0.00410013630608
0.00976044022245
0.119465321302
0.00119470759091
0.00182538129739
0.00443547565956
0.0382735636085
0.000673415223719
0.0306181994267
0.0443124236539
0.420111180097
0.476938027143
0.000671836099173
0.00654956563376
0.0223370984429
0.00341927868576
0.00825888850959
0.0193442765856
0.238477016985
0.168474923819
0.0364749351051
0.0816028986126
0.0444183330983
0.0821324868128
0.00259668258441
0.00505952550157
0.0709776905132
0.119464200363
0.546659100056
0.0189801751636
0.911575043201
0.0107660864247
0.0196418497013
0.0223757794476
0.165085276403
0.121464279015
0.0448148604482
0.0188166036736
0.200530767813
0.00320928370893
0.00429395373212
0.00309560706373
0.00558997745393
0.00292467078543
0.0198614995461
0.00426425466721
0.246919210255
0.00774676273868
0.000659705444559
0.000383876377509
0.00721789661329
0.00294057193387
0.000598217164952
0.000413269181445
0.051372218132
0.667214983702
0.0438386685215
0.000998906035966
0.232421719749
0.26951649487
0.593319110572
0.439463044703
0.521863378957
0.141433676518
0.455844764411
0.00634805157897
0.298690474033
0.295177479833
0.0102916127769
0.0429649179801
0.00541704797142
0.024168086343
0.0614959277213
0.0212398391915
0.0304054061184
0.589719727635
0.440259335935
0.0299146120669
0.16652802974
0.125023047067
0.0320739957737
0.0600523595698
0.00514920508722
0.00224666835857
0.0289989173412
0.675588259101
0.917284178734
0.0555138025433
0.0275166824344
0.245086205006
0.144098695554
0.00831323235761
0.0283651304664
7.151523115e-05
0.10525184311
0.317168580182
0.0627832350321
0.0666797537357
0.282128360122
0.000792079534585
0.0655942619313
0.187450178713
0.264480006881
0.43550889194
0.015290085203
0.270589355007
0.243992011994
0.168117659166
0.59978107214
0.00429873477551
0.00463760583225
0.241123144329
0.582186278701
0.386025876552
0.0234899088275
0.720000112057
0.0486966244876
0.00901293486531
0.00359604913247
0.397782376409
0.162875764817
0.01903295964
0.0238279074663
0.0983591395896
0.222480042465
0.0297867182526
0.0269461589865
0.0261444762698
0.0370328723453
0.594249638915
0.00931486727204
0.235296150297
0.232985764742
0.0617587960325
0.0273281991016
0.00459277800983
0.00202039884607
0.0163736348739
0.0310083347373
0.0536743151024
0.0596021632198
0.00093889047057
0.0164739001077
0.000175472121327
0.147310657613
0.0654588776641
0.00335194048821
0.0016399382177
0.0664293176495
0.0052416194696
0.0113641114091
0.598971122503
0.00218614879414
0.048150502611
0.0857650896767
0.207792432979
0.00915299972439
0.0666845431551
0.0173770555295
0.0314827646071
0.227229553461
0.337116926908
0.0186640763306
0.050086215511
0.00063827476406
0.0731595046818
0.486494474858
0.0731902357657
0.459282037988
0.330269624107
0.0162179408828
0.0284956565592
0.118220140412
0.151627938589
0.0420280597173
0.00338960474619
0.00487046208291
0.715986269712
0.338095902838
0.00202386163146
0.0712637977675
0.0735711563379
0.0191729674581
0.134246171266
0.192047257721
0.000643552565816
0.48451513201
0.106352065131
0.334958539903
0.0314546195325
0.00711070164107
0.345240701362
0.0263467223383
0.185585704818
0.836574119329
0.244484426454
0.768443661928
0.0364275266882
0.00515778332774
0.181004187651
0.0104707219754
0.0594541435596
0.0165267489152
0.00956810914213
0.143107946776
0.0533240287332
0.00627866785217
0.732568985224
0.00488300808938
0.199728238536
0.0725673581474
0.00543781244196
0.00645179602434
0.0269891727716
0.207987963967
0.00697702631005
0.00165020439454
0.233801248483
0.0191789891105
0.076043561846
0.11396924369
0.0252785741352
0.000882349017047
0.187337633222
0.275852019526
0.168763855472
0.0015605010849
0.0304295818321
0.0037333461456
0.00136389097315
0.0111459858366
0.00261449114478
0.0169234130648
0.164993356261
0.00611590819899
0.0101556967013
0.0139217586722
0.0103929792764
0.00337074142008
0.23760079518
0.00113177928506
0.0340837278403
0.00291975175787
0.0221562196617
0.571397045255
0.00705731200287
0.00565642784059
0.00697913054828
0.0894420098048
0.0234278729185
0.136456217617
0.0072954192874
0.00181532913848
0.0881101757288
0.0677089042962
0.00488121790695
0.00508739361539
0.00450664699019
0.020854249486
0.00704770477023
0.00652182822232
0.0348689885344
0.134714115411
0.69909479022
0.20782439746
0.166305530816
2.38068880108e-05
0.547079961002
0.00423691899196
0.0107776463497
0.0348400043324
0.311551248282
0.000158567971812
0.00754367060144
0.00427446396789
0.137615893688
0.0233431469765
0.00183427751253
0.395940281451
0.0273525691591
0.112757150829
0.00514997626597
0.0262445413508
0.0111517117592
0.0228830590378
0.00905255613616
0.0103007582249
0.000719167251373
0.00543479712069
0.00636980138661
0.0384041487239
0.544250959158
0.0336252821609
0.0594418360852
0.0124403792666
0.0106704453239
0.302148517966
0.0103435408208
0.461138778925
0.219739552215
0.000681473932218
0.0621142922901
0.103580003604
0.000472516634207
0.0269531846046
0.35939867124
0.0272869971115
0.0103449431947
0.0499355338514
0.00102572961696
0.252003194019
0.583936193585
0.0012494588751
0.00179454556783
0.0273506200872
0.00622497125296
0.0467403886374
0.0361327352235
0.00703303191112
0.0046686180227
0.0190181950107
0.169711397402
0.00129916129663
0.348981618136
0.00616478614684
0.662912014127
0.0060574636329
0.00984773407399
0.168279467896
0.256823094189
0.00140298748956
0.859715870023
0.0831894482486
0.203520815913
0.000424544355701
0.000891479120764
0.299293143302
0.0355766551103
0.0182478234172
0.065575802885
0.857343441248
0.0469614381902
0.418480391055
0.03878362244
0.0780596981291
0.858066129684
0.80496956706
0.0289518436417
0.00862461540382
0.0173122555367
0.251756719872
0.105056767113
0.0842856317759
0.0217031451291
0.446996445954
0.0826829681173
0.0195276858984
0.000684005507355
0.469396644831
0.0255547427572
0.180726805143
0.433440444618
0.0256048686802
0.112938370742
0.00140696814415
0.547006678581
0.0483040107647
0.0272457556799
0.0219103514683
0.000472307624477
0.000161251108693
0.100817567855
0.413050055504
0.36933452338
0.0376790132374
0.00041770253556
0.000380711210164
0.0495793038048
0.0137996940408
0.623317204416
0.172421217337
0.010589401552
0.00699355394463
0.0094080235227
0.102308065258
0.0394181306474
0.0352534061298
0.0104565071466
0.0259292618372
0.142208843119
1.92626241983e-05
0.0643124576658
0.486719615012
0.356900901347
0.0605901820585
0.197783899866
0.0900058715604
0.0566480330192
0.00909053033683
0.0720704438165
0.00435503771296
0.00512558683113
0.0106542198162
0.00147310432221
0.00108673920768
0.0156233724731
0.374419624358
0.0941548192874
0.0263622660888
0.0426575215533
0.00181833242896
0.0210640418343
0.0129467766033
0.055875092838
0.41844940912
0.049411549652
0.0258122839965
0.0234985646559
0.00494918579061
0.220252869278
0.00360086809524
0.757175469398
0.0838451077696
0.0176467585756
0.0068188150879
0.0277287947014
0.000683076617861
0.110385494679
0.0402591437101
0.202523400448
0.0164810911985
0.00936344711808
0.00331531041447
0.0017338784688
0.00494062436628
0.21850869637
0.27601942271
0.0111146982177
0.0304907192825
0.0248971492983
0.592101615667
0.690767022967
0.856545042992
0.454251629487
0.59123904109
0.0262214132585
0.0170798586507
0.0230876806076
0.0507193319034
0.802411729097
0.0219242884777
0.00232733896992
0.0615093521774
0.030997303687
0.304609598964
0.739014804363
0.00102469684789
0.00408385492046
0.00324503269076
0.00576716646319
0.00535825950938
8.3548301518e-05
0.809456384182
0.0923523798585
0.000928421110802
0.0198393243365
0.0847012041137
0.0141176494304
0.174938593898
0.013887273334
0.0471702018753
0.0141709902091
0.0108859475004
0.0083269395167
0.000186141881932
0.000492105874582
0.000139542895795
0.0124649618287
0.000946456714519
0.00547939698445
0.00391565616592
0.0123044255422
0.0586349863559
0.0953955018893
0.00431649243219
0.435237273574
0.00365655640562
0.00990167084383
0.00524351610802
0.0424929100089
0.0159031059709
0.0529365142807
0.0118106592447
0.109646806493
0.00053521557129
0.0155272578821
0.00118404786626
0.514613074064
0.215731710196
0.00453491212684
0.0254048951261
0.00531060326066
0.00321644747746
0.0474398499355
0.367562908679
0.300186454505
0.0417717379052
0.630322100222
0.115502026677
0.0154736911412
0.0496361458674
0.180100126378
0.0064931439003
0.0275365846232
0.0781074546278
0.0861974684522
0.0263871512376
0.00480529466295
0.019557941216
0.00609578241565
0.0182461287302
0.0626221770421
0.0116541715572
0.920315235853
0.0809785491787
0.00143023766286
0.0656289072707
0.764366853237
0.112197384797
0.0176250040531
0.053516365774
0.346106562763
0.151405572146
0.766559046507
0.412761847675
0.00621858696686
0.817871165276
0.110151390359
0.564155989885
0.744128984213
0.00852563691587
0.134787269123
0.00466455616988
0.471031371504
0.0388048606925
0.000623133056171
0.0135983292246
0.0165335425176
0.091934292065
0.0369674627436
0.00532077101525
0.0110516275512
0.137443964835
0.0511844709981
0.0127886864357
0.0599394887686
0.350201003253
0.00123255770304
0.00682545819436
0.00343955190619
0.534604703635
0.114579285216
0.122646595538
0.0599020345137
0.00156021409712
0.0261862432119
0.168220434661
0.0624746136367
0.10597790312
0.0369500428438
0.275572020002
0.0444190101698
0.295411707088
0.420876730978
0.0207396833808
0.0831293916795
0.0397419485264
0.0202759501757
0.513000556827
0.510638222098
0.00314297088189
0.0111847540014
0.332482621074
0.0436231550993
0.0214963480132
0.132670354471
0.0928255046951
0.109056247026
0.00231598346727
0.00493590546539
0.00290776238544
0.00284191202954
0.00519420995552
0.0168834065087
0.00668806094909
0.759858554602
0.00211683567904
0.00326106227876
0.000755227796617
0.245176681131
0.0409125946462
0.0325854608789
0.0491612364538
0.0217683731113
0.00755865073297
0.0286589151132
0.0894234161824
0.000262076881336
0.00102220152276
0.241106750444
0.398257377744
0.263533322513
0.0931314418092
0.0544515851419
0.0908696126193
0.0303557736799
0.435387288034
0.00747624671785
0.64792458415
0.00752350217663
0.00313077094906
0.0122279055882
0.0065265928708
0.0617147857323
0.0184373001102
0.00268207915651
0.0120386804687
0.0191645614337
0.247799558379
0.140466379374
0.00748900491162
0.394060961902
0.00530631281435
0.00258787020866
0.0113424455049
0.135660421802
0.0231023371452
0.221966457739
0.0026169725752
0.00052973684069
0.102325347159
0.000954770871613
0.000467741608099
0.00711878187722
0.0345755037386
0.00819899330381
0.0991558410227
0.0139164345106
0.109963689605
0.144233379327
0.23611579109
0.294903666899
0.0137307496276
0.000390877326572
0.0216911009513
0.00417854686966
0.000388575752004
0.00613087090896
0.0651155098341
0.00178897397418
0.0171512286644
0.0100454962274
0.00210743015487
0.0494208043208
0.00497007017839
0.174313037843
0.0101328398101
0.375524428114
0.00535933296196
0.00529512150679
0.00347793813562
0.0092005301296
0.136274443567
0.255789012462
0.607742927969
0.0830940242857
0.23164621871
0.14761417713
0.0299776124768
0.000654587159624
0.0830061529763
0.00293917723029
0.0190369196702
0.0189337091055
0.00534765680786
0.00571227745386
0.0232257923111
0.00605346235679
0.0144473096821
0.010355847684
0.0446451150929
0.0225105447113
0.00658949620265
0.224792025611
0.00452534286887
0.135056917742
0.37138633579
0.217397093959
0.236072119046
0.00277804876678
0.000126525005362
0.0597502606921
0.00652623871283
0.00268599207484
0.0220304237213
0.0515694689006
0.0528622224927
0.0355155874044
0.00039419833447
0.00158463304397
0.000185993892774
0.000109959414671
0.0182148133405
0.285233704746
0.0505313702859
0.0402852164116
0.0332469256595
0.00252337127677
0.00609542104939
0.730119746923
0.126134346053
0.178901513387
0.661455699801
0.00178900355095
0.00298258675612
0.00195707195089
0.93296854496
0.0233833115897
0.01639336464
0.0705054400489
0.13237685971
0.0227648783242
0.149464152381
0.0850129120052
0.689062345028
0.0100869819522
0.000193378552251
0.0052391585341
0.302201746777
0.00225413201551
0.0140280480788
0.566378927976
0.0103835772374
0.509287959337
0.213429719955
0.000983517430723
0.262081463635
0.056779514032
0.0279676519916
0.00300396450912
0.00223378979426
0.0761097595096
0.0105775788659
0.445827696472
0.014136325242
0.00375027721457
0.177774996124
0.0315289159305
0.069092324283
0.628565895557
0.00297227408155
0.00647740525601
0.0146167424973
0.0261855935212
0.0788061658852
0.00197394039424
0.195189996716
0.00362609812873
0.00715669833007
0.125560220703
0.121805281658
0.000106339315209
0.0086261666147
0.015995090222
0.423436667398
0.671819141507
0.0622542539611
0.00997629225021
0.00778381419368
0.661353984475
0.138045631163
0.149441780336
0.00324792094179
0.00699395736447
0.00574855415616
0.00964550368953
0.00195163607059
0.000373223798579
0.000637195186391
0.00424208940531
0.00753623162745
0.00668987137615
0.00348154029343
0.398614641279
0.00591077536228
0.0932893041521
0.00836723969551
0.02332602893
0.202150243521
0.130609406531
0.217088119686
0.861847919226
0.436700677127
0.0857583329082
0.00948495222256
0.026037858054
0.0225566044915
0.78684643507
0.000684385836939
0.119554713927
0.00783282237826
0.0776166666299
0.0219762569759
0.0066461603943
0.00126701487734
0.0818281735294
0.00381469908752
0.0508776269853
0.158284518123
0.0891040079296
0.00675303015742
0.00516194649681
0.0369493466802
0.0171288254496
0.012037602067
0.0180683060549
0.157363457046
0.144309724495
0.0461402125191
0.0298149441602
0.460313408077
0.132831984386
0.015718212584
0.0102760930196
0.19411521405
0.00190717154619
0.000119238845764
0.000134030431536
0.501633280516
0.00154165104177
2.32377499742e-05
0.149457646161
0.0331161129288
0.12156912121
0.219064675272
0.00467642392614
0.00509884135099
0.118183623534
0.00998297184269
0.383798817545
0.114333901182
0.00317269191146
0.0235816237051
0.0423126017675
0.000434124011736
0.014982746949
0.00431602235185
0.00718787451624
0.0313843697309
0.0246004856657
0.0230356816668
0.743802458048
0.312956485525
0.0340880347183
0.111377816275
0.245227463543
0.00952172821853
0.00759476780659
0.0130961509683
0.0101977392565
0.0185509622097
0.0498725223588
0.134020719025
0.526356077194
0.234260355495
0.00695416695671
0.0176443122444
0.0206776053761
0.0720756266266
0.334731049836
0.00580734639661
0.00365978009067
0.049952095584
0.0294181027915
0.0620524870232
0.152058815956
0.0324533695588
0.00982640103903
0.0352460245136
0.0110035218881
0.0442163664848
0.0203550631064
0.0124270469416
0.000331725630895
0.0808625674807
0.055276353471
0.0639144779183
0.20831679618
0.112255021185
0.000804713674006
0.13155753985
0.00143624923912
0.986089742184
0.479382830858
0.0568879507482
0.00463675208157
0.26687393412
0.0584650536999
0.0517898482038
0.00422230455588
0.0137074969476
0.155602948368
0.00202618280091
0.000477517598392
0.00142381599071
0.0107353034778
0.0200423627626
0.161802686751
0.0334453000687
0.0666890310589
0.0110686438158
0.102288560942
0.00350818063016
0.0159326069988
0.0084385496797
0.0201532131527
0.00301837863517
0.0945050915703
0.176672899909
0.0133347710827
0.146857389249
0.494651907682
0.0494839505758
0.0124901907169
0.063139927946
0.00688012023456
0.0016214608203
0.153725614911
0.121502264496
0.183462409303
0.0276518063154
0.0113770499593
0.0117207085888
0.895129919052
0.0219391644467
0.018809392507
0.125793549046
0.180374397151
0.00989915194223
0.00035150294816
0.00427511209564
0.0075382570154
0.000253710000197
0.596417680383
0.107843985036
0.509285463393
0.417757955194
0.0141489448957
0.0403134549037
0.0360081601073
0.796665906906
0.0526050702669
0.00393946604891
0.0252268502256
0.00822350913659
0.364990589768
0.0104264467722
0.0196798523189
0.0334988693707
0.345566408336
0.0318914326839
0.0217005015817
0.360633951426
0.0449855467305
0.387863887846
0.0488710289821
0.240496336669
0.00131902230642
0.0136048890883
0.0406495434232
0.351065687835
0.0348582752515
0.486082902551
0.0505509953946
0.0396660273895
0.0206392605789
0.0217334310524
0.0585438566282
0.00368270528852
0.00459202958737
0.915040576458
0.0251350868959
0.0227350129979
0.279320123792
0.011086306232
0.135783200711
0.0935522003099
0.172613205388
0.00986221249914
0.123050867766
0.259286233038
0.0176987254759
0.00978671656922
0.506010518968
0.0165976982564
0.00173310310929
0.0124405089533
0.000907800025561
0.000189500402394
0.048914650362
0.0350045205792
0.00448201060062
0.0487144049257
0.00337419756979
0.00494548905408
0.010354679398
0.037014017906
0.572141730785
0.400999560952
0.00292854568106
0.161595545895
0.161572189815
0.00202695287044
0.000496492958519
0.00567170471768
0.0774453815073
0.000886258698301
0.0624055502005
0.0098706034827
0.0302108279429
0.3496025756
0.00339530118217
0.0598824011162
0.278188927472
0.0825185302179
0.0189468713652
0.0160020095296
0.0615702568553
0.00327546678891
0.00244079466938
0.131229154766
0.00708616902266
0.0174068335211
0.0688757658005
0.0163175105117
0.00797769196797
0.116316578537
0.195041875541
0.0455363251269
0.314067025529
0.0266463018197
0.0127398196026
0.0773113710806
0.0818937759846
0.1480656581
0.0115482179855
0.0102535884711
0.0508619844215
0.561638192832
0.00967646690551
0.0118926187977
0.00120227306725
0.17874440318
0.03576614419
0.0186544251628
0.00191175030704
0.012898201216
0.0234417949803
0.174616170116
0.000672723959997
0.142117285077
0.0311717027798
0.0201636304613
0.0172031034715
0.348385244235
5.88220921145e-05
0.31886447072
0.0926820890047
0.00124740302635
0.06325815171
0.0268612295855
0.0329182772664
0.000272597508956
0.289190724492
0.0726372085512
0.0116238587594
0.349285710603
0.00392103330814
0.146594655886
0.0072019465093
0.0469219849445
0.158205945417
0.354365476966
0.00899458683562
0.0183335404727
0.114411669038
0.0852753762156
0.294810624421
0.0033944939787
0.0261743136449
0.00535502247512
0.00735418460099
0.00122425872323
0.00500128222629
0.00119457908804
0.00837674092036
0.0123439475428
0.0111181920744
0.016653289448
0.00752287703499
0.00265797318134
0.00650964148808
0.0465815582778
0.0317554684822
0.0650741357356
0.0572147948667
0.0258664273191
0.0323570378823
0.34382325206
0.0409269036958
0.0805068094283
0.0284747343976
0.627110257745
0.0494603743311
0.00365756606916
0.274895548075
0.239679437131
0.0483181379735
0.63735999763
0.0392322919331
0.78462446332
0.0188824890647
0.000398743516234
0.00675654636398
0.0265293263365
0.549574635923
0.0067372792284
0.00696991849691
0.055394549109
0.0834036088549
0.0148020222317
0.000110510546165
0.0558043315075
0.0113860542187
0.035356383305
0.0581481199479
0.0369951159577
0.0100182902534
0.012577633746
0.00301179694361
0.00627583006863
0.0035318944254
0.115663077123
0.378983753175
0.0791996367276
0.070162890479
0.0176051656075
0.0356517643668
0.00295203710266
0.0527776061557
0.0655159428716
0.000154052168909
0.00236874287948
0.0176738254726
0.0181077408139
0.0174547398463
0.00371678791416
0.00108733515081
0.00847070347518
0.00679841040401
0.0245125048619
0.00580813833512
0.0359880766831
0.38241551891
0.066937047895
0.000281646406438
0.0172061788384
0.000815851028983
0.00320652183436
0.407460736483
0.0108797016088
0.0108126084786
0.0346051379107
0.00306707541167
0.00636522283312
0.0635342562804
0.0110517070047
0.0298357023392
0.00118572590873
0.0126446727663
0.0263869127957
0.00723075336427
0.000763781158093
0.0334167351481
0.0426244472153
0.00942204644671
0.00518414583057
0.325651888549
0.000495237149153
0.0169055895414
0.00173295717832
0.0331410926301
0.107470357046
0.0821203002706
0.0128258782439
0.0598039157689
0.0168552452698
0.00473861928331
0.00527415015968
0.0066853512777
0.427492608875
0.010726380907
0.0137298941147
0.184385783225
0.0349123707041
0.00746245264309
0.0209558368195
0.320210897177
0.0555718621239
0.0121174534695
0.000277227666493
0.00201652006945
0.367724255845
0.757402122021
0.000392688302054
0.0255385440309
0.335728734732
0.0600153486012
0.121247533662
0.0159019784653
0.503571027517
0.015065225109
0.446102613211
0.30494171828
0.0368892109022
0.56411819905
0.0068690848886
0.0683447151911
0.00414585695835
0.0305112828064
0.090945565328
0.00617321071913
0.037378608156
0.00523326422917
0.0239442734513
0.00569990045624
0.000559684079781
0.228524979949
0.119878326729
0.0279392347904
0.0108973888215
0.012727413539
0.0147425265022
0.0083654110058
0.00528738790308
0.00194375959982
0.0026438163477
0.115451968089
0.0663763331249
0.052996168891
0.0145121408859
0.0303909676149
0.0096721790469
0.00298470133202
0.000838175005265
0.0495183138177
0.0284229891375
0.293394916411
0.0181293016998
0.104563380219
0.00277536265639
0.0143011622364
0.0881698602811
0.0324785572011
0.236926794425
0.33923136089
0.00419379857485
0.249280422181
0.220137936622
0.0448288901709
0.0064686363854
0.326028021984
0.0422426970676
0.00149527950707
0.604262396693
0.130981208198
0.0301022652537
0.0588913084008
0.0104430696345
0.239807743579
0.0208099237287
0.08732663095
0.0289643804543
0.0152537657181
0.0293048434425
0.00607570217689
0.185747377202
0.283143049479
0.195820194483
0.124011713825
0.0289793934906
0.000638158691163
0.036890816316
0.0337959104567
0.0130223787855
0.0297215576284
0.0362746534869
0.00423052630504
0.000214051839384
0.0154482245445
0.00358730370863
0.00145548888759
0.0293982613657
0.00552451431286
0.0276813763659
0.00529448744201
0.0805231641549
0.0337512338534
0.0294326434378
0.00732674878091
0.17812876571
0.375832411647
0.3711224325
0.0422054272145
0.0757817243226
0.163580267876
0.238300102949
0.00421503116959
0.0252509104903
0.00851423580898
0.071962797083
0.275019016117
0.0385086117778
0.496403635293
0.00894666478271
0.357863494754
0.0374828661792
0.211416523531
0.0293456598185
0.00387325527845
0.00685079403775
0.109082933888
0.0965442657471
0.205253940076
0.0102383210382
0.00453149502864
0.0896865686402
0.0115842750296
0.3110686481
0.0463246244006
0.00668017065618
0.0262425797526
0.0781316827517
0.000212046028901
0.226140395552
0.00540938914055
0.0164623899385
0.0108681702754
0.0199290822726
0.194567828719
0.0260747939581
0.0280289719813
0.505632033944
0.353173545748
0.0724810267799
0.181265098602
0.0144365807748
0.0042552832514
0.0289075635083
0.559417243302
0.491349661723
0.0085583261156
0.864952081442
0.0584325853735
0.0100286059896
0.0276275303389
0.0226488908287
0.00492657297291
0.0890302455984
0.0827046940103
0.199004105479
0.0221417681314
0.00610767364269
0.00111382189643
0.133688263595
0.289324837178
0.0094025897095
0.0184704012005
0.00350364052574
0.0106041014078
0.00560867741005
0.111352259107
0.528784838319
0.470196503401
0.0522911811247
0.0105798739707
0.00217255821008
0.000461156514939
0.0986453571357
0.0710080455989
0.000323445331787
0.015387814166
0.273721589148
0.829283338785
0.607018846273
0.736807131767
0.704935443401
0.970239472389
0.908979839087
0.786418157816
0.934375578165
0.880740058422
0.879945015907
0.296229864284
0.360784897953
0.321060223132
0.632735824585
0.211769156903
0.436676385254
0.982597517967
0.887979185581
0.63725733161
0.487205754966
0.0674964467064
0.598093721271
0.242955835909
0.285047977418
0.177484178543
0.289167796075
0.0516920942347
0.0636489539407
0.358482249826
0.784071600437
0.212951110303
0.999979376793
0.999972200394
0.999946600199
0.102436625212
0.042457307037
0.737514618039
0.0563723338768
0.989331173897
0.928601574898
0.99998562336
0.0396158521995
0.0107309052488
0.998271369934
0.88838262558
0.728748057783
0.927446693182
0.879495555162
0.89222510457
0.163445859775
0.00863989695208
0.900821661949
0.721366819739
0.99724894166
0.991478151083
0.936250633001
0.91122700572
0.786632815003
0.339175844193
0.0194425701629
0.790799826384
0.31639405489
0.529951114953
0.869161355495
0.972920668125
0.966132712364
0.0473950378597
0.0328842944466
0.0859999563545
0.0900321375579
0.989561569691
0.996520513296
0.665859952569
0.931785571575
0.875588011742
0.791672670841
0.938269633055
0.812400490046
0.987825131416
0.959131258726
0.982917946577
0.998963290453
0.043101316411
0.691366681457
0.845588684082
0.59167458415
0.108109216765
0.000897374103806
0.0371807566844
0.832553863525
0.05502585168
0.0409086984582
0.993623530865
0.940303754807
0.894521290064
0.697021180391
0.840657812357
0.837336528301
0.902064943314
0.926823341846
0.400239777565
0.999932229519
0.999841558933
0.999915200472
0.999898171425
0.88446174264
0.231954920851
0.461188006774
0.991542458534
0.981668204069
0.999914836884
0.252544364333
0.491158923507
0.478044581413
0.990819430351
0.772065854073
0.945573222637
0.826089084148
0.669823560119
0.840669840574
0.974043035507
0.981473070383
0.984143435955
0.108461782336
0.0168537252932
0.0745115255937
0.97921153307
0.650737825036
0.273946959898
0.560108400881
0.611703478545
0.706414993107
0.544179916754
0.0320505047042
0.0235523348092
0.430310260132
0.552675136924
0.158303559758
0.981745195389
0.981507205963
0.935438972712
0.929573398829
0.880061101913
0.872008287907
0.07418151116
0.396930279396
0.342647637427
0.0911065354943
0.828317779303
0.73615578413
0.688023808599
0.69818264246
0.881846058369
0.868111586571
0.863468003273
0.879396080971
0.885021561384
0.341724392772
0.980597633123
0.0482974759303
0.723901748657
0.963286280632
0.7803565979
0.280072575063
0.690854156017
0.873557329178
0.835740625858
0.473453648388
0.907571035624
0.831608885527
0.890633332729
0.999243307114
0.998448711634
0.0502390814014
0.0856673674658
0.749941986799
0.725293040276
0.959474849701
0.572196647525
0.499596765637
0.00312624251383
0.544978307933
0.545662080124
0.967632335424
0.7361944139
0.769689109921
0.608896057308
0.18615963608
0.879698348045
0.872012770176
0.958780151606
0.787415862083
0.930227065086
0.884828048944
0.601382273436
0.711233627796
0.462678834796
0.276658646017
0.179743976705
0.926390510798
0.0548720912077
0.901721858978
0.999854761362
0.109223932121
0.999750190973
0.0512384937494
0.855928903818
0.92130535841
0.965603142977
0.857583671808
0.842099153996
0.415198646858
0.637305524945
0.502781280875
0.980569159985
0.214043246955
0.241175334528
0.97351347208
0.39091956839
0.999700939655
0.998915839195
0.457939489558
0.831291377544
0.153293148428
0.998949205875
0.9901904881
0.943834757805
0.9172747612
0.790464508533
0.833660489321
0.987897723913
0.864874470234
0.605810144544
0.104326666519
0.67958650589
0.980029141903
0.712150204182
0.81662093401
0.705190396309
0.879782932997
0.922602331638
0.943356192112
0.845022302866
0.699290686846
0.215967177507
0.958372628689
0.996171987057
0.995254415274
0.998913186789
0.999790734053
0.999363565445
0.426236062311
0.760109573603
0.964327174425
0.2665732041
0.997080355883
0.744010680914
0.267010551784
0.939573931694
0.544134753942
0.707704907656
0.85027436614
0.0272989843972
0.898297679424
0.886227560043
0.368408232927
0.92855963707
0.893736052513
0.994615060091
0.868441069126
0.730627053976
0.663002969325
0.574306873232
0.997655409575
0.583177679777
0.876897460222
0.0613099562936
0.851086503267
0.55523827225
0.601805603504
0.692511114478
0.96524938345
0.145309304073
0.999987983704
0.999927765131
0.999845129251
0.994875228405
0.0447445586789
0.520991012454
0.5934043549
0.716906917095
0.575649923086
0.719803863764
0.999310159683
0.999990928173
0.999784064293
0.776736569405
0.837697011232
0.992541176081
0.991889238358
0.86878683567
0.957093608379
0.969262725115
0.179519791901
0.89709007144
0.485902831703
0.970978027582
0.998806142807
0.997263497114
0.99992056489
0.788333109021
0.557198537141
0.732623654604
0.865455412865
0.99991081953
0.869738042355
0.777512067556
0.990507608652
0.990401393175
0.998040169477
0.649442213774
0.977523112297
0.309799794853
0.422360807657
0.999335813522
0.998335343599
0.999936562777
0.999730223417
0.919575285912
0.0493828652427
0.989215219021
0.051521031186
0.421720990539
0.776675902307
0.999959713221
0.00778520820895
0.110721433256
0.664373889565
0.337993863225
0.673912921548
0.486380627751
0.936115241051
0.945433241129
0.970931637287
0.841077321768
0.619646279514
0.00789281700272
0.934186905622
0.048687104322
0.232536471542
0.115861718613
0.0354432545602
0.113761550188
0.878679454327
0.911843627691
0.0201013113372
0.598345279694
0.993773704767
0.999089926481
0.966744810343
0.990044546127
