0.623004570603
0.11567507796
0.444736883044
0.175419928133
0.820729708672
0.364248296618
0.13046570532
0.711976695061
0.50594907105
0.696431392431
0.0425318590365
0.422829061747
0.157230358943
0.55273065269
0.172212516144
0.949660253525
0.759163224697
0.139339970425
0.205276817083
0.371542535722
0.267329019308
0.465457560122
0.0551544100977
0.320013600588
0.626604750752
0.365038727224
0.808246523142
0.109650652483
0.551975183189
0.602447766066
0.923875844479
0.736111068726
0.107424775511
0.0528991771862
0.828933817148
0.0594138855115
0.958216232061
0.559086689353
0.04597538542
0.973771983385
0.89066606164
0.827070772648
0.858582991362
0.157637260854
0.62661127001
0.892028474808
0.840229457617
0.827449017763
0.858200955391
0.386137460172
0.815697592497
0.406289184839
0.0193433413981
0.706735980511
0.84047819376
0.68431174159
0.733757030964
0.573355135322
0.67980696559
0.894210422039
0.566162639856
0.963726359606
0.73635263443
0.961048042774
0.0275993959978
0.499312321842
0.0182446576189
0.387183147669
0.0522882339545
0.809027177095
0.65676933229
0.911486810446
0.739761638641
0.532934254408
0.555965858698
0.336923572421
0.154379280657
0.060069866851
0.880741798878
0.0408836996183
0.0110576770501
0.225546202809
0.925095170736
0.168784091622
0.717527329922
0.242741044611
0.205200361088
0.962522476912
0.0994920887053
0.0520569787361
0.450000089407
0.0546166127548
0.354390883446
0.542074500024
0.708928132057
0.545329248905
0.161671150103
0.052527811937
0.961057311296
0.0173729593866
0.350959286839
0.446738353372
0.310717195272
0.0880852323025
0.0764079704881
0.0751121399924
0.354096248001
0.460190820694
0.662745702267
0.763230961561
0.911859989166
0.689606451988
0.334654083848
0.242251536809
0.678167068958
0.0800701398402
0.865326797962
0.0566872440279
0.0826227858663
0.0908261390403
0.0715127576143
0.506271523237
0.00810191589408
0.929744762182
0.870359814167
0.800197279453
0.798462593555
0.717437875271
0.82389151454
0.520593503118
0.100998140872
0.156528918166
0.0414332900778
0.21094630789
0.00324193503475
0.277747426927
0.243009500206
0.00341942730884
0.515787175298
0.311660082638
0.11721500475
0.0160006036982
0.144226560369
0.923752552271
0.100203062687
0.845472455025
0.153827456385
0.577648037672
0.901385712624
0.111236535385
0.888658368587
0.610468110442
0.89231030941
0.766585171223
0.800039696693
0.67161718905
0.00842888427433
0.0024641430995
0.205481832474
0.161610981077
0.695348918438
0.501924747229
0.597308820486
0.0578211739659
0.88186725378
0.184765959531
0.848001098633
0.756172388792
0.974564671516
0.437665516138
0.0158956548199
0.0262935210019
0.301348155737
0.235600335896
0.0231538785622
0.228069975041
0.0906489189714
0.02155079972
0.346897307038
0.889532881975
0.774780493975
0.930672848225
0.958838397264
0.0884470362216
0.353054645658
0.796915227175
0.962194770575
0.943580371141
0.00499668922275
0.143628698308
0.130342237279
0.00717363341246
0.844628959894
0.871989220381
0.425501345098
0.296835014224
0.214984130114
0.133079292998
0.799111312628
0.96714681983
0.0208096536342
0.315547248721
0.0174719847273
0.384423828125
0.933060401678
0.0157863966189
0.092074437812
0.0299206333933
0.0835901100188
0.0573539519683
0.504835289717
0.265857365355
0.836844319105
0.00642823319649
0.0591436484829
0.00402637189836
0.0319202505052
0.774660277367
0.805512076616
0.0354909611633
0.102588423714
0.475908906758
0.194271686301
0.692311024666
0.314818504453
0.943208694458
0.67688947022
0.516130745411
0.918247038126
0.702787584066
0.564505013824
0.221298159659
0.221463937312
0.0541415975429
0.350004121661
0.796113032103
0.266697300225
0.950026381016
0.0190340971574
0.0775545973331
0.0610014987178
0.0282810544944
0.0472574056126
0.0278452568687
0.484464254975
0.456437987089
0.963726973534
0.830803054571
0.457001510262
0.824124401808
0.695598217845
0.752332347631
0.0668641824508
0.0616568286903
0.0605290334672
0.0743944890797
0.0269613614306
0.0253275324591
0.0283885936253
0.16491815187
0.202707093395
0.10052441298
0.294648276269
0.933009701967
0.76791113615
0.168546506017
0.929447305202
0.534174394608
0.72798654139
0.404158255458
0.627251920104
0.0328533802181
0.0831980340183
0.0426993714646
0.406635445356
0.233726684749
0.236788968835
0.543226054311
0.0126510735136
0.232263297588
0.742434793711
0.870945203304
0.936117619276
0.901905721426
0.711088401079
0.827576380968
0.744800913334
0.0202759353444
0.0363048174593
0.931275838614
0.763451325893
0.495260256529
0.70447729826
0.178405513242
0.00938272941275
0.409879919887
0.819627714157
0.30608253777
0.885822021961
0.82374304533
0.104354944266
0.192352372408
0.419156301022
0.1435111586
0.463222804666
0.710080313683
0.386575774848
0.164255329594
0.551107436419
0.898653042316
0.142021404207
0.0734980506822
0.89537627697
0.122620190121
0.539033122361
0.441316640377
0.103753595613
0.236970231682
0.98016718626
0.707081729174
0.660819968581
0.288850966096
0.254012139887
0.819329768419
0.0492712842766
0.92491787672
0.571831333637
0.0488628652878
0.0415760457516
0.949096649885
0.00433521266095
0.0439569044858
0.460876074433
0.789589250088
0.0644778941758
0.0672527949326
0.876657426357
0.641591921449
0.522794225812
0.0216567773372
0.898456931114
0.583864375949
0.937508958578
0.955149918795
0.239954743255
0.82280523181
0.156727018207
0.00672417670721
0.011683812039
0.0200789877214
0.759202450514
0.467822000384
0.701620393991
0.209273810685
0.379190060496
0.142685833573
0.0120567691512
0.65611846149
0.473779651523
0.788580495119
0.0348596697673
0.075934878923
0.946858888865
0.264506179839
0.972240722179
0.823327249289
0.910410124063
0.884386497736
0.441143743694
0.016787764593
0.629162600636
0.359129308164
0.608084610105
0.562486028671
0.388542789221
0.477501752973
0.0884926095139
0.969288736582
0.333026155829
0.271751649678
0.00802836928051
0.203340857103
0.138395651802
0.668636032939
0.972679579258
0.0970712916926
0.958091396093
0.893423932791
0.0202621010132
0.792501139641
0.486425204575
0.0044449182984
0.00899060723605
0.0785325106233
0.915760457516
0.921748787165
0.616021469235
0.0906133261509
0.81618039608
0.917896306515
0.501986926794
0.0215501116123
0.780880975723
0.912096250057
0.12543926686
0.834400016069
0.655060699582
0.584603112936
0.948244404793
0.463342137635
0.281016359851
0.0325732439989
0.980530893803
0.614482572675
0.0982220293954
0.680798459053
0.0694849340245
0.932013642788
0.982314944267
0.715604364872
0.538735049963
0.560840550065
0.517875000834
0.97017800808
0.102388220467
0.025266854919
0.83873693347
0.320621298812
0.97563368082
0.225542398542
0.0186107253889
0.246037878841
0.0341362795793
0.0684482712299
0.220244321227
0.0756359392777
0.844819885492
0.619281384349
0.891373860836
0.812394583225
0.0250442110933
0.000376203165069
0.103862033598
0.558139207959
0.451504871249
0.00535267553641
0.802425307035
0.130937938765
0.237718236446
0.032930760982
0.309341514111
0.0407728007529
0.288546669483
0.804972654581
0.851197701693
0.209050480276
0.78698182106
0.000814567305497
0.232807087898
0.127145997807
0.513970589638
0.588689613342
0.731035602093
0.734421360493
0.742282176018
0.744104632735
0.450099027157
0.336198287457
0.61586972177
0.946272468567
0.76659489274
0.562686026096
0.631506708264
0.816092723608
0.801852625608
0.782235896587
0.570812606812
0.862888073921
0.0433473115787
0.0261347180698
0.0131331528537
0.849117189646
0.0660052550025
0.0169556615292
0.343207062781
0.787338322401
0.0275545318611
0.182461827993
0.315431585908
0.0491941488348
0.0355869056657
0.799202531576
0.0824408704415
0.0133996278804
0.00696441000327
0.80345159173
0.377042794228
0.335764458403
0.246848250926
0.387710382789
0.750864845514
0.959922963381
0.312290027738
0.843179357052
0.254171810299
0.414435771853
0.332082216442
0.0549162214622
0.224970022589
0.104994804598
0.476564535499
0.393044991791
0.128687638976
0.25802327022
0.0372389080003
0.0204083622084
0.850475132465
0.0627318624407
0.17721189782
0.300856751204
0.557327021658
0.286934033036
0.903077334166
0.966323798895
0.0838742354885
0.168344201893
0.0614128648303
0.321679078043
0.451533854008
0.876844531298
0.0935465032235
0.0799542222172
0.84530556798
0.91871752739
0.692184492946
0.46245649159
0.699630194902
0.271196903288
0.433208790421
0.499574235082
0.668630442023
0.0689435190521
0.11999207125
0.567597660422
0.881495058537
0.754341244698
0.286612924188
0.109856511652
0.256344342232
0.724127835035
0.48464962244
0.86268247962
0.109119915031
0.351497422904
0.0588730180636
0.421784947813
0.00900542708114
0.942685723305
0.82414779067
0.044829011336
0.827981865406
0.141054872051
0.938209348917
0.0662246664986
0.00818037419813
0.00437602343445
0.96019846797
0.073904783465
0.447895145416
0.35511161685
0.0719749423675
0.920835030079
0.0122026388955
0.904872876406
0.130116955563
0.936249494553
0.951172578335
0.0794344387949
0.0255187978037
0.0023506007914
0.0986201973632
0.960997092724
0.247434229404
0.0407946815714
0.466680468619
0.0396709034219
0.932828652859
0.0186978343176
0.977865481377
0.130640676618
0.0220436630305
0.950400847197
0.124093293119
0.0170859163161
0.879025822878
0.0124077769928
0.136893232912
0.365297606587
0.0386046998203
0.803110527992
0.102096855268
0.851053166389
0.794198775291
0.0790451290086
0.0373747976497
0.115708062425
0.21050221324
0.241167383641
0.0474523714511
0.436917900294
0.483692912757
0.017813903559
0.297625429928
0.460108341277
0.774329131842
0.637247055769
0.00420509396426
0.0017086699223
0.0474495908245
0.0250864490401
0.0499441262335
0.053489280818
0.951156467199
0.482027949393
0.568622514606
0.0308316111565
0.754354828596
0.100691252947
0.197102813423
0.00738567234948
0.02034331623
0.0398978478275
0.839528876543
0.588071462512
0.410780388117
0.944327646494
0.76508564353
0.454420845211
0.712103158236
0.170902618021
0.599614033103
0.95535569787
0.795705920458
0.968850928545
0.0321510508424
0.933015471697
0.403578172624
0.712989658117
0.884509468079
0.880428528786
0.896929985285
0.268694876879
0.185131882876
0.835782682896
0.448660647869
0.349624817073
0.0787428166717
0.0658693950623
0.502325318754
0.201319452375
0.716783085465
0.105103071406
0.337089690566
0.0870512735099
0.0660335754044
0.0646639579674
0.150123392045
0.517847773433
0.2241666466
0.0614841269329
0.0835597133264
0.433370395005
0.393512666225
0.0336462664418
0.0862115134485
0.844360750914
0.352349603176
0.545108908415
0.189856109023
0.863751417398
0.537642547488
0.597834923863
0.242223175988
0.413397863507
0.0372576829977
0.0388273076154
0.621024388075
0.500381653756
0.931427443027
0.889241099358
0.183356632292
0.253711507842
0.63066470176
0.705596202612
0.129521119967
0.67392436862
0.0129882711917
0.0681396295317
0.069906777353
0.97309525609
0.711456611753
0.934512501955
0.292893774807
0.209442774206
0.057235332299
0.298996826261
0.483703660965
0.21166594997
0.939145082235
0.017114487174
0.867993676662
0.359478224814
0.55771509409
0.886060351133
0.935191506147
0.96550874114
0.120721667632
0.0132528347895
0.456534019113
0.624493005872
0.0184715718962
0.872295862436
0.119039904699
0.0254681185819
0.0501445363276
0.958026564121
0.749241214991
0.958089244366
0.427036806941
0.546350330114
0.0185843962245
0.185052245855
0.0271006162278
0.756017071009
0.0616539726965
0.281925348938
0.666713282466
0.194422871619
0.0556221015751
0.151315089315
0.0444253182039
0.795585519075
0.829549717903
0.75314193964
0.449048885703
0.807599580288
0.041103317216
0.166875817254
0.86821538806
0.115376479737
0.864692085981
0.0427372025326
0.537685677409
0.893974721432
0.415804728866
0.00229955843824
0.313389904797
0.167743496969
0.0430314643309
0.885216724873
0.473805582523
0.088724559918
0.888365161419
0.493747335672
0.937349587679
0.679016387463
0.318554620445
0.974747520685
0.0699858888984
0.74755179286
0.482570043206
0.32254935056
0.154916146398
0.383728528768
0.417168323696
0.963350307941
0.260163332894
0.243305020034
0.0113463831018
0.000822300506843
0.282190613449
0.0280530931428
0.0693517738953
0.956070256233
0.0816287765279
0.000774183998874
0.0165047151968
0.678506788611
0.576853558421
0.252218472213
0.102093750052
0.846262520552
0.278984068334
0.956547439098
0.065366654098
0.0664862632751
0.780319589376
0.903381150961
0.0235310125747
0.0548664690927
0.121254165377
0.955199635029
0.187170492113
0.371092549711
0.578493380547
0.0344959824812
0.0423118991777
0.138990515471
0.510543432832
0.0160579798277
0.0250542643014
0.0592965711839
0.00748375358817
0.0926175240427
0.013616574253
0.0283829274122
0.784567713737
0.618882018328
0.177443500608
0.0210804262431
0.0586037312169
0.295234805346
0.216816275939
0.506145763397
0.0372409110889
0.916320300102
0.0354592798278
0.253874868155
0.0367502388544
0.01275527752
0.0257974455133
0.911613023281
0.170753195137
0.923579162359
0.939585638046
0.525369042158
0.67429240346
0.150081219524
0.0142049886519
0.954994124174
0.752271080017
0.309130299091
0.255817241594
0.271077775955
0.0148809341714
0.937594527006
0.937642681599
0.00924310809933
0.956894463301
0.248436558247
0.44355199337
0.0580897370353
0.973500955105
0.658496230841
0.340943387337
0.199621684104
0.812390977144
0.0301328870934
0.00384759646258
0.877534091473
0.0641166422516
0.754029113054
0.503540617228
0.909515357018
0.00679060597904
0.00189218962769
0.552460998297
0.433265048265
0.0657314835116
0.0184243374038
0.852701538801
0.540148550272
0.0121885882691
0.165480360389
0.0422069799155
0.564871995151
0.470570477843
0.404175058007
0.14216273278
0.109287803806
0.338156640902
0.955019444227
0.90218603611
0.0477170057595
0.115735912696
0.00205544719356
0.181468004733
0.00582028239878
0.0052572040222
0.0526762241032
0.0275853643427
0.00559969563037
0.0383195330389
0.82508713603
0.0194990009768
0.203887853213
0.84964672327
0.91761212945
0.00326914547768
0.55608079806
0.0617121952586
0.0224727093242
0.0273084195331
0.0242774432991
0.0559789897874
0.00464047056157
0.14745513089
0.00199945769273
0.132797133923
0.00823289193213
0.0240469057113
0.0359434885439
0.00807167487219
0.00287011477776
0.0583414770663
0.0649273907766
0.835563117266
0.142854521796
0.882360845804
0.0784999624826
0.83747164607
0.888850796223
0.786640363932
0.589257194102
0.873354393244
0.362418393791
0.115695682541
0.0110020493041
0.078470211837
0.0192901088798
0.660539266467
0.847688412666
0.346080614626
0.475947399437
0.0780218021944
0.217044214159
0.0923806477338
0.19318325147
0.328574848175
0.787567687035
0.586739444733
0.716121053696
0.666025546193
0.520815572143
0.0166055414127
0.0284233111102
0.105804558098
0.973689711094
0.205732250214
0.028566249134
0.234319400787
0.0200511838775
0.0309373857453
0.038812017045
0.0635841013864
0.017687975103
0.464558848739
0.0954170503654
0.0497710905038
0.123865630571
0.908687061071
0.904391986132
0.793366873264
0.512804146111
0.656086629629
0.00844174071972
0.0305029601441
0.0380130847916
0.313740979135
0.0162549530505
0.0587622623192
0.0376183529384
0.849510294199
0.466439047456
0.00160988148418
0.824809938669
0.062941395957
0.0230147087481
0.155487010442
0.00163446148581
0.927381855249
0.754381835461
0.0182635129429
0.944554448128
0.848828977346
0.965182495117
0.188552824222
0.819370657206
0.907723134756
0.294791469164
0.13951592017
0.948323810101
0.00632671411149
0.916188490391
0.0272137077525
0.0826383126434
0.158376596123
0.568491907418
0.00650982328225
0.961972469091
0.862247377634
0.909197586775
0.203830318898
0.792665952444
0.966516762972
0.971009200811
0.255635287613
0.977914595604
0.253188672662
0.541231819987
0.0769451169297
0.980229258537
0.227788354456
0.415584641695
0.951388084888
0.970327460766
0.918181967735
0.866918241978
0.0637276943773
0.579250845313
0.232852001488
0.209843160212
0.782012617588
0.14182083644
0.536730417609
0.500652258098
0.548604419827
0.897778749466
0.15728013292
0.144822197966
0.0907117659226
0.938834905624
0.0834496972151
0.360377964377
0.336090309918
0.322397901118
0.29340146929
0.407133616507
0.929068022966
0.254066799581
0.0551487035118
0.791542726755
0.897970861197
0.365819429979
0.397684404254
0.0979404984042
0.583671683073
0.230965330452
0.183647895232
0.89055274725
0.617173472047
0.212531389296
0.806635671854
0.72359008193
0.85714468956
0.184453781694
0.590694773197
0.669114437699
0.202279534191
0.942421299219
0.948669010401
0.890250188112
0.222406195849
0.0738807787187
0.972413730621
0.267011031508
0.727564203739
0.174403689429
0.774979186058
0.857855135202
0.293377169222
0.533495345712
0.632055994868
0.259055928886
0.95206195116
0.964018714428
0.912297856808
0.751926082373
0.967372500896
0.325899319351
0.220059014112
0.172241290659
0.93738873601
0.895285159349
0.0280134515604
0.60382001102
0.101508580893
0.414599457383
0.124854544178
0.362897798419
0.615302988887
0.332717501372
0.227412910014
0.544304141402
0.785187894106
0.900352716446
0.0751839293167
0.101425138116
0.84006922245
0.786926412582
0.0710298640653
0.183393942565
0.833754110336
0.017108961381
0.930644375086
0.0752876134589
0.294548179209
0.00751361078583
0.924427950382
0.208643428609
0.951245594025
0.715596929193
0.111471079942
0.0032668880187
0.5982347399
0.0105273994152
0.0288544054143
0.0017312525044
0.283046697453
0.00311219307478
0.00528418996837
0.61676222682
0.115199456736
0.000256190018263
0.0914677903289
0.0848037880845
0.0837783674709
0.00822905276436
0.0273646194721
0.0261221393244
0.12106478652
0.006995437562
0.00058038521347
0.177127749473
0.243975502253
0.276792351902
0.00571133432095
0.409836547077
0.568642091751
0.128618787602
0.0381516895723
0.0543905004859
0.0290833380073
0.0657458074391
0.0559496470727
0.000894646986853
0.0122695030412
0.0402081609238
0.853150749207
0.21800891012
0.0215273620444
0.0218009375036
0.0182402124163
0.0220345004927
0.0155996032991
0.577083009481
0.051170555409
0.0136096414877
0.018385546736
0.00361678294721
0.175250924751
0.489894396067
0.543382194638
0.045088058291
0.0234891366214
0.00626121725072
0.0322472724132
0.0139200320467
0.0257621102966
0.426875320077
0.0239712072071
0.0878503929824
0.00780046861619
0.0771332148463
0.0236097624525
0.875217235088
0.0192568266764
0.0144218944479
0.0117806904018
0.820950871706
0.0328126937384
0.225992257521
0.408962020278
0.292730200291
0.00346582543571
0.0107325825491
0.244199065864
0.209641718119
0.0911196935922
0.124115220178
0.680004063249
0.37597271204
0.822002756596
0.307149218023
0.540313068032
0.0289021937177
0.0154525344376
0.0425791102462
0.405306313932
0.0324328152463
0.308250568062
0.972326928377
0.547585910559
0.909744668007
0.0290153402369
0.0507922070101
0.0310845048632
0.0763407964259
0.0193339427002
0.545943629742
0.0274015352596
0.260689030215
0.15646533221
0.379985322058
0.0374401472858
0.0325695801526
0.0017227649776
0.136780012771
0.105338744447
0.0211512836628
0.00518010636442
0.00575855177594
0.00830710607115
0.0229270578362
0.0342897464521
0.283075642586
0.0255188067444
0.0394592516124
0.766311359406
0.305675666034
0.541525432467
0.509437698126
0.122057103179
0.111863158364
0.119415484369
0.20714064464
0.20174645707
0.0527174198069
0.0367326023057
0.0288378729019
0.0250121187419
0.00422861255356
0.0129664532345
0.0189944112033
0.00806098789908
0.0335060785932
0.0392524686991
0.693445730209
0.645269364119
0.200848015398
0.0707247957122
0.137044901401
0.0771017165855
0.0216971238144
0.452523963153
0.0778097705916
0.158604417741
0.0502711784095
0.0738528694957
0.148750735819
0.380116024613
0.0942379845306
0.158453664184
0.165439370275
0.752339178324
0.453263765574
0.0812348133884
0.435103291273
0.0272087109275
0.568503037095
0.0780992901884
0.0125410070177
0.00860035297228
0.018080088729
0.039843672514
0.0880546359345
0.0952509699389
0.346535129845
0.0953429181129
0.0989400696009
0.00459851803607
0.00845781927928
0.0111947327852
0.00449148677289
0.0230397470528
0.375988319516
0.0786722027697
0.230704300851
0.0575337198563
0.146666532755
0.284786455333
0.0594453994185
0.229979658127
0.214408245683
0.216034504026
0.0504317116924
0.266176353395
0.00449054369237
0.309908735752
0.0183718515909
0.178828276694
0.294297112525
0.355876655877
0.00870973602869
0.131385651603
0.896997308731
0.227747352421
0.0587615619414
0.0441535742488
0.183205802739
0.0595944752917
0.0159642631188
0.20020766519
0.175118470192
0.092001382797
0.0651436406188
0.305279695988
0.175345216505
0.0720044386573
0.0827479577623
0.138931831252
0.00285698155349
0.0244007299189
0.0917040925473
0.00229298761114
0.0395242585801
0.0302060031798
0.0073209136026
0.0674137462862
0.0022988245415
0.176313281059
0.125371052697
0.00617252237862
0.0606167900376
0.436338172853
0.0250488766003
0.0454608596396
0.34095928818
0.151672608033
0.0301136252005
0.0199601349537
0.0129756071023
0.274944607913
0.19136646837
0.00202426442411
0.00594454387901
0.00300947623327
0.0238523976179
0.0428803702816
0.135872339271
0.435825815797
0.0283703599591
0.245110223442
0.268498573452
0.372653952986
0.455779457092
0.00589701269055
0.00105466689565
0.101513490826
0.00964678646997
0.0540582614485
0.0439087339677
0.131950656045
0.0174915289273
0.0313174744137
0.039871540782
0.0595518878661
0.0010609724035
0.0531407112256
0.0819110095501
0.00878713786369
0.0716112491209
0.0795488137752
0.900631326437
0.0338019724004
0.453351065516
0.097288947925
0.403288699687
0.54630561471
0.956541514397
0.077109297365
0.0702021148056
0.110442474112
0.720856279135
0.829968857765
0.35218680799
0.137854109704
0.28670155257
0.00973625350744
0.365631659329
0.791507941484
0.0147610814311
0.0274340439122
0.0106855216058
0.723134732246
0.686154568195
0.286099885404
0.136979712546
0.0568992262706
0.00640846402384
0.181516750529
0.024557351321
0.129547704756
0.694466072321
0.594995036721
0.473984456062
0.0306460669264
0.0679313259199
0.308837115765
0.247362682223
0.0233959871344
0.0170433659572
0.0214750918094
0.451198226213
0.133014288172
0.0585877813399
0.211573494226
0.0275430730544
0.315127213299
0.0168448319659
0.186155656911
0.106966864318
0.00828430017573
0.0138769461075
0.0258022995404
0.0555087634362
0.100224856287
0.0117344912607
0.00450548675144
0.231204958819
0.118245629221
0.107500311732
0.932405400276
0.804957300425
0.716268676519
0.0852796392515
0.831291145086
0.87733976841
0.00842371845501
0.00345318733598
0.313505288959
0.262120045722
0.0187726524659
0.0383963407017
0.00484833367227
0.0656423669308
0.050239416142
0.000767967198044
0.0685618076008
0.00929647112498
0.111477625743
0.00633268987294
0.0219978441484
0.928606677055
0.83178217411
0.165137740225
0.673492184281
0.0425484177656
0.0386722170282
0.369919392467
0.514507716894
0.0205568988342
0.141311300546
0.800259673595
0.0670493918471
0.20931731239
0.732234376669
0.070116086863
0.507798025012
0.0536457777023
0.55511071682
0.0671275081113
0.919442766905
0.0825891186483
0.0599574331194
0.0113168989192
0.00888800493849
0.633277967572
0.17752499925
0.0839841534384
0.555358272791
0.00328683350235
0.0509079178795
0.0090646835044
0.177171763405
0.0544825024903
0.00508880799171
0.142224702239
0.16599586606
0.353738479316
0.05206550695
0.774534720182
0.647080627084
0.15519114472
0.0970472984016
0.0776778709143
0.0239159181132
0.165941060334
0.0441232373938
0.0149882449303
0.0153663320467
0.0437254391611
0.0685884774663
0.1203906551
0.0463692346588
0.00878317544702
0.795438861847
0.0437289183028
0.609274613857
0.286466982216
0.0149111349368
0.055323566962
0.0196369596757
0.0424568496644
0.453955230117
0.00398333731573
0.834690475464
0.786403882504
0.91700284481
0.0531050899997
0.0196514516691
0.00453775693895
0.00268014232643
0.0627369134687
0.0251166006201
0.0969779688865
0.262065330893
0.0345406610519
0.286804118752
0.0196030005347
0.129304283578
0.0188863834832
0.00729329704773
0.723552638292
0.515473744273
0.236644993722
0.165733135492
0.0804614352062
0.130232041329
0.0197828037199
0.00975684868172
0.125899972394
0.0558702310547
0.669077575207
0.70121755898
0.0189271227922
0.252406209335
0.470026829839
0.000728661199537
0.0419362766203
0.535804241896
0.00229522045993
0.00250080030237
0.194219696522
0.0202973306645
0.0813429566566
0.0206391235813
0.00809748739703
0.0644061844796
0.0118990400108
0.0135297013447
0.0103106055874
0.0347673131153
0.0275013576262
0.110566867143
0.0156814064831
0.247068330646
0.0472187377512
0.131916065514
0.0332956002094
0.677806153893
0.0203946339083
0.00225306484062
0.479405210912
0.149704068713
0.164502101764
0.0182375884848
0.0029989968054
0.0477693812922
0.153988677263
0.3440421924
0.00651498021325
0.116245632991
0.0446821350139
0.815970307589
0.849760949612
0.499707019329
0.11129700467
0.0692348007113
0.72442085743
0.00993151308503
0.00649102154421
0.0392597690225
0.0420558887534
0.773640292883
0.00178566080285
0.06205897443
0.0213312364183
0.0097728842753
0.027215440385
0.0336746127345
0.089421387203
0.0871424324811
0.564210444689
0.0786320203915
0.125360348076
0.103243313916
0.0838434621692
0.477585858107
0.769428217411
0.017292441288
0.0195788152167
0.827128827572
0.158613979071
0.596096929908
0.262659817562
0.116266700439
0.669490408897
0.00771363285021
0.551080289483
0.037809792487
0.391248460114
0.0466237684712
0.170515847951
0.769343650341
0.108685537335
0.408914972097
0.0237759616226
0.323859742284
0.293845275044
0.017623738409
0.106929867342
0.0158065029536
0.0321558782831
0.00551916669356
0.0123856187623
0.0134928560816
0.0491236489732
0.554862236977
0.154819734208
0.0756439290941
0.0363462277688
0.0353891085833
0.00637010508217
0.0602810828947
0.0834944662638
0.888773274422
0.018916687835
0.17511062175
0.4765166834
0.0140994881047
0.313677022979
0.492170782387
0.000695682362857
0.0065173019655
0.0716076787561
0.114238967746
0.110112396628
0.0426099749282
0.020507034706
0.00489759830525
0.0170553559321
0.293186726049
0.258766291291
0.797870755196
0.649606597424
0.577836099267
0.093913105689
0.0497209412046
0.088793046819
0.00570786587195
0.00909562604502
0.00817152813543
0.122946224548
0.157460640371
0.37754240483
0.190970501304
0.0840086709708
0.0123655884992
0.035409196699
0.332619829476
0.0259654754773
0.0189975398476
0.0326109978836
0.00243902678485
0.00781804046128
0.0057788367616
0.142262104899
0.0173269634019
0.0272250230657
0.224830437452
0.020348586468
0.00408345124451
0.0353314135224
0.0354220614769
0.369082981348
0.367941502482
0.0836257348768
0.471296663582
0.0284265723079
0.0592165003531
0.131987307966
0.0893688916229
0.00885792607442
0.0570468868595
0.486710703373
0.133807171509
0.0268450663425
0.00865105108824
0.12783962395
0.00373567104107
0.0289331266424
0.102692194656
0.0464145276695
0.135070720501
0.74516197443
0.475112819672
0.0685342721641
0.1017252611
0.0483242319897
0.0460841464112
0.0911822866648
0.19599500522
0.171655702777
0.130506303161
0.0607755501755
0.0314593329094
0.200407166034
0.0652720985003
0.129486733302
0.0791613559239
0.489948384464
0.0438420407474
0.00924394649919
0.00816419054754
0.943755638599
0.250662056357
0.794670981169
0.476482641697
0.583989429474
0.096510254778
0.106664607301
0.0570797045715
0.00519079921069
0.114450073987
0.0832911004312
0.227789940685
0.309578567743
0.00251309310552
0.0370366439223
0.00374831313966
0.0096013575152
0.00825883179205
0.035114538949
0.0615670232102
0.781003242731
0.0519365589134
0.341667740047
0.00256673168042
0.522047951818
0.0363196767867
0.00385111134383
0.482910627127
0.119015557878
0.54716270864
0.108341246843
0.121020685695
0.188437986374
0.0731877010316
0.00203883959912
0.0886984661222
0.0723446189426
0.0317455458455
0.00235556182452
0.313379211724
0.0784940263256
0.0352321826853
0.0571065328084
0.963658070564
0.73937856555
0.872707271576
0.0308498739265
0.0931253215298
0.00610106851091
0.151439403556
0.0564428213052
0.00144075742573
0.092482348159
0.00135437882273
0.466723439097
0.315937499702
0.0309100890998
0.0298654217273
0.270925142616
0.0472197925672
0.203769849241
0.496802154183
0.125707332604
0.873993784189
0.745061796904
0.173927207664
0.00664782099193
0.0424911743961
0.186021257006
0.397535005212
0.00545173815335
0.568052774668
0.00356427005609
0.139037640765
0.0133992438437
0.0448311443441
0.347259950638
0.0434669677168
0.113200291432
0.0570502241142
0.101555127092
0.354827422649
0.0510743021965
0.119525748678
0.29228669405
0.0168732071179
0.083618761925
0.00679718046449
0.0044563600386
0.0265188161749
0.0215834615286
0.0368401977234
0.117136871908
0.0656058456749
0.0833482356742
0.00176392295252
0.354850269854
0.160396862403
0.0112572746119
0.0168402583571
0.208030252904
0.0120395235484
0.0420137719251
0.0785440505482
0.0105237018084
0.196272930503
0.086222599633
0.0644718996482
0.0110857564374
0.270377892256
0.380962336063
0.0221465116716
0.210508101806
0.0999605043791
0.111344486475
0.0429712348618
0.428174255788
0.20769687742
0.0756784653291
0.00767853510333
0.0091953555122
0.00652510315413
0.102585208416
0.0093553635932
0.533259236813
0.125503049418
0.0889443516731
0.0377798874397
0.00361144733615
0.0149505522102
0.14148294935
0.062137772562
0.90631300807
0.761143791676
0.732187187672
0.0206388883293
0.511702051759
0.492980617285
0.0242679074872
0.300594471395
0.00386320420075
0.00515830446966
0.0361441189889
0.0536673999508
0.187319714203
0.0263093243353
0.109194197133
0.0061733043025
0.00164888711006
0.247243903577
0.102121671662
0.00424069976434
0.971425920725
0.658442294598
0.055587119516
0.00483363918029
0.0223475044593
0.213204824924
0.540714660287
0.0904012106359
0.313856051862
0.0168951188214
0.00796481291763
0.00823606397025
0.0397224179003
0.0372693726793
0.0853426946327
0.955054539442
0.397558227181
0.716972821951
0.75167529583
0.711872965097
0.135293892026
0.00418416848406
0.0239110069349
0.0391789342742
0.126949765906
0.0216139277443
0.0353895522188
0.183841447532
0.4889403373
0.152775730938
0.0108296099352
0.0337891094387
0.243926455826
0.547701829672
0.016169639118
0.00311941402906
0.17282140106
0.372715721279
0.073476388678
0.00497458655736
0.0832760082558
0.887466621399
0.0999592913315
0.0621169149876
0.499341844022
0.379273054749
0.0759749498218
0.0355576791335
0.936615520716
0.026540558273
0.024365450209
0.00520397708751
0.0536212416366
0.0257486242801
0.0214305674657
0.0550908544101
0.315270946547
0.108389861137
0.298685117066
0.778552877903
0.000547018258658
0.0242808990646
0.381773455441
0.888963681459
0.0131776029477
0.253564178571
0.000623666626052
0.107970375102
0.0804427303374
0.00358878334519
0.684360939264
0.0421662611421
0.00223680534109
0.10389502272
0.0972579561174
0.423440822959
0.225253808498
0.101222734153
0.00446497235971
0.0854462567717
0.0128809932619
0.0216258566361
0.00260903434828
0.0175136365928
0.00344526972622
0.162330955174
0.203432324901
0.0406662997557
0.0376888247207
0.0720959960483
0.0990208307281
0.0474328696728
0.032290166337
0.184164263308
0.00572046882007
0.0258358369116
0.0577533204108
0.00393077736371
0.0392400531098
0.0335961505771
0.0744636468589
0.397514703497
0.276580748707
0.147458844632
0.504845458269
0.4772416085
0.0767758483067
0.0053675796371
0.0971510092728
0.00290437823351
0.0514608551748
0.448416794837
0.202691926435
0.0117611021473
0.112317308038
0.457990834117
0.205767300725
0.0361103209667
0.00964035796351
0.319932889938
0.00534603447595
0.0335432119668
0.014524193242
0.67682120204
0.300464069098
0.830552309752
0.172563918307
0.471983394027
0.0152552042156
0.138246446662
0.326421764493
0.214379130676
0.452855996788
0.0355818355456
0.518476438522
0.0619986954145
0.0175426618895
0.00456066734041
0.0163418669021
0.0837804796174
0.0599441148341
0.0628044750541
0.0864619135857
0.146083174832
0.0061937255552
0.00276963276556
0.0052466519759
0.73076261282
0.386117696762
0.245493462682
0.279347862303
0.102986099012
0.00451173612382
0.25271576941
0.0360486944206
0.13350244686
0.01664328404
0.554629850388
0.0576963516884
0.144377116207
0.0738216541708
0.036601647269
0.00514588102815
0.0348568148213
0.225776381046
0.170196405798
0.386661627889
0.483758169413
0.433528503776
0.497003045678
0.0977736435831
0.0234533345327
0.0362224030308
0.00473180858535
0.588685235381
0.092380044423
0.0417037568055
0.0580294902902
0.601736712456
0.165535853058
0.125004382432
0.70486907661
0.302765800059
0.030761171598
0.00190571597486
0.0446644523181
0.850139540434
0.551559835672
0.290023703873
0.0218091267161
0.0233342686668
0.284830829501
0.166340698674
0.0277616835665
0.125388299953
0.126996429637
0.00364219596377
0.00259640724689
0.00910733619239
0.240256854892
0.00461781849153
0.0580766422674
0.0716717932373
0.00118121002743
0.0892568176612
0.0538661399856
0.547094604373
0.150166621059
0.0429503664374
0.134777424484
0.158518969268
0.239576950297
0.14955999516
0.00628713762853
0.0493333121762
0.159531198069
0.0915324156173
0.911367958784
0.871046167612
0.796454679966
0.00353342138696
0.238011952117
0.0736875096336
0.0401788923657
0.0238866974367
0.0341120970435
0.1901673235
0.0085564456298
0.11024884209
0.374036680162
0.00492691940162
0.0851400753483
0.015070166951
0.00388988505583
0.695535665751
0.168957798928
0.022371519357
0.151385835884
0.0902973208576
0.0308352461085
0.05101271905
0.0596621479839
0.007009629393
0.291309298202
0.424737861753
0.648883751035
0.028381383745
0.0686523519456
0.0508002173156
0.00214058397687
0.193539170548
0.00675606188597
0.649043479562
0.027532064449
0.0913830056787
0.00998128657229
0.0534309547395
0.0275472532958
0.24160711877
0.0277776993811
0.0205206649378
0.0478599664755
0.14152351208
0.0242551061325
0.137640882097
0.22198151648
0.00901003167965
0.0181425502757
0.0634708887432
0.00747836547671
0.0372439472005
0.0216773852822
0.00478249923326
0.0861684346572
0.324496231973
0.211028527468
0.76473364234
0.604594260454
0.00914183669374
0.0111004506238
0.18725759536
0.144486592337
0.00957317054272
0.0525936229154
0.50752671659
0.0950860653073
0.322915741801
0.00609856574447
0.0454627027735
0.553859731555
0.634892007709
0.299708016962
0.168194599822
0.055488366168
0.0809597250074
0.162812113389
0.766196638346
0.242074973509
0.16211521998
0.0552370283287
0.199965719879
0.476126603782
0.0208871551731
0.198531834036
0.973316305876
0.0318036312703
0.250049350411
0.043651998695
0.813453185558
0.369487982988
0.107994012628
0.260071049631
0.182873553038
0.137915248796
0.595540073514
0.471656274796
0.000349506556449
0.569787968695
0.230392280314
0.287305670977
0.105470008403
0.00291067446233
0.320937019587
0.343654425442
0.314667612314
0.00955883914139
0.33180539608
0.57793970108
0.8203358531
0.0349155797157
0.516225880384
0.478273516893
0.521951439977
0.0365051021799
0.115145144612
0.0476985840127
0.581438064575
0.0228187341243
0.0193240696564
0.218077424169
0.302697563171
0.103360311687
0.0573607431259
0.906862300634
0.034859446669
0.0553380432073
0.147732137144
0.947080492973
0.311084699631
0.267994481325
0.241438923776
0.0180541697424
0.742205458879
0.0354719472118
0.460279130936
0.0154485832434
0.120163220167
0.378920814395
0.0982304237783
0.163336317241
0.633955162764
0.107228670549
0.00812397967675
0.525032618642
0.0961493102834
0.270795024186
0.0188812361564
0.27700773254
0.298291288316
0.040232035378
0.0248996512266
0.000502676026372
0.0298418765888
0.0388906432781
0.0829445254058
0.136228006706
0.0398455791175
0.0286628001835
0.387244237959
0.628666430712
0.0751898501068
0.299821609259
0.0985037880018
0.0663837532513
0.00402275517117
0.771281701326
0.185898137093
0.206729545444
0.244455999881
0.311847397685
0.779190260172
0.720963031054
0.774853509665
0.464658492804
0.305638798326
0.533824661374
0.779125010967
0.545717272162
0.612788149714
0.578287768364
0.427385053039
0.0440098594874
0.119447956607
0.602781635523
0.607253572345
0.00635913276346
0.738355576992
0.568638521433
0.00998328509741
0.00765986171318
0.0164730820456
0.713109230995
0.67527872026
0.0285682170186
0.865395092964
0.339714244008
0.131619570404
0.285502649844
0.00344619414536
0.435559442639
0.0772928161547
0.952347511053
0.793512707949
0.137458767649
0.0300992979668
0.219703884423
0.0339109647088
0.0297477959655
0.129557839781
0.171908259392
0.453727068007
0.286821742356
0.000241107568218
0.131675259769
0.00888210032135
0.0415745423175
0.40095153302
0.132248065248
0.12337669339
0.0941115064546
0.138816782739
0.00898485342041
0.00779362925095
0.0363609855296
0.00151920406934
0.315674047172
0.277230319381
0.512484207749
0.789344137907
0.115151742101
0.432470850646
0.0495054891333
0.0340577987954
0.236605417915
0.389540737867
0.0182304906193
0.0219207678922
0.00166495729281
0.0438698263373
0.00219349581748
0.000260560385323
0.017199870327
0.152182507794
0.285815637186
0.139607815724
0.0230330330669
0.233714476228
0.0254134562798
0.0649530662224
0.0167028876953
0.262583483011
0.372022655606
0.212945655361
0.727078425884
0.0292042735033
0.227025927603
0.0551250034012
0.228128708899
0.00307854349958
0.297000616789
0.0205882063136
0.0844938188791
0.57511266768
0.0559696199372
0.0531310662627
0.95750721097
0.0231198737398
0.388149252534
0.252131835744
0.33748434037
0.653728544712
0.448203697801
0.334403588623
0.483276244998
0.37200056836
0.200708369911
0.824780631065
0.68203715086
0.0819025618955
0.378283526003
0.86709292531
0.427852615714
0.0730069600977
0.517106735706
0.00985898956424
0.261063159257
0.719310855865
0.0717402203009
0.0586990784854
0.327616290748
0.00186718276527
0.282666353136
0.156903282367
0.395083373785
0.223196130246
0.0459879348055
0.0051967504085
0.830057227612
0.718861877918
0.798979657888
0.141979350522
0.495788127184
0.473800933361
0.00466518692556
0.0693994709291
0.322815683484
0.199872822315
0.409080564976
0.241225014627
0.0489785218146
0.0230090439669
0.0105224437604
0.186284884065
0.0417798553128
0.00152478725504
0.0979850508273
0.0992531514727
0.0272567183245
0.191035332531
0.0833784633316
0.0413921898929
0.523569786549
0.319823782146
0.00353431471158
0.0708980008494
0.00512746537279
0.011364407395
0.103478194028
0.0525579405017
0.0195554325357
0.22378291674
0.740128871799
0.00824565188959
0.908230143785
0.104137376789
0.0198711305798
0.969078725576
0.0175998957828
0.827498632669
0.0208230040735
0.927156984806
0.807255804539
0.456558679044
0.863977712393
0.00101714048797
0.122797791287
0.015524346754
0.0242902850499
0.223433308676
0.646117627621
0.0873791242018
0.0646434154361
0.327177773416
0.644382739067
0.168758066371
0.243251003139
0.0400140947662
0.00945836200844
0.787299668789
0.149526778795
0.0412002468482
0.0875279452652
0.0213296097238
0.543882849813
0.956797152758
0.125406504981
0.563260778785
0.981809544563
0.764186644554
0.12276997976
0.593765358627
0.811229801178
0.405087701976
0.00789377344772
0.00877405741485
0.211135631613
0.0294518833281
0.046223515179
0.0815300778486
0.103281692788
0.00571401196648
0.660741907358
0.294065216929
0.0100570920855
0.103144921083
0.486069530249
0.326134200394
0.0265640891157
0.0932196997106
0.623028707504
0.577897067368
0.192858003825
0.720827770233
0.0159605186433
0.00779929914279
0.0875577629544
0.733253768086
0.906010639668
0.0709791260306
0.111242381111
0.836983466148
0.152247883379
0.0127685799729
0.062502046302
0.168189781625
0.043677290855
0.0999963141978
0.271146618575
0.0479498545639
0.150151230022
0.0284181206953
0.00696078529581
0.140578557178
0.0450564305298
0.0602369846776
0.0365505415946
0.0166025600396
0.147151880898
0.258679170534
0.00483643683838
0.0236353393178
0.110811025929
0.0013853588498
0.0155337911099
0.18675500378
0.0511650020257
0.0114146582084
0.236765930057
0.030006532697
0.00837878594175
0.069672259409
0.683396920562
0.378012701869
0.719009235501
0.0618788440712
0.00510990638577
0.572678494453
0.0134393171174
0.122072201967
0.000819915171451
0.956938540936
0.815996450186
0.161890171841
0.156242351979
0.0469799785875
0.492375913262
0.00121109223255
0.111887567863
0.00237628729083
0.0229038209422
0.0530830832198
0.00199067046633
0.0610834863037
0.0429405674338
0.00377861859743
0.0425103571732
0.0480668427423
0.00402587167919
0.00768953678198
0.0512020016089
0.158069049008
0.0136882470921
0.0113834565971
0.74586263895
0.417319564521
0.590733763576
0.213994529471
0.0699627448805
0.327058692276
0.883472758532
0.84194637537
0.0480325790122
0.0505484115332
0.0195180100156
0.344825573266
0.000653400071315
0.108483158052
0.103503223509
0.0489901486784
0.0313517605653
0.00302158180857
0.0848187921569
0.00342096266104
0.00769634873141
0.371509724855
0.575675210357
0.0311048232019
0.0203217184287
0.383736552298
0.0492718320573
0.787255531549
0.812017184496
0.159250681102
0.023744194489
0.387472001463
0.0212279614061
0.0756895460188
0.480816854537
0.389345693588
0.00827378288377
0.17387721166
0.00512134226155
0.0423177053453
0.271157113463
0.58668422848
0.416151185334
0.869557970762
0.0669292009901
0.163722452894
0.0314663867
0.0153547946829
0.641337192059
0.831382322311
0.775128757954
0.233364570886
0.583346620202
0.00453048702911
0.00585972922854
0.782517915964
0.00970443338738
0.0462041883729
0.010906559159
0.84427806139
0.0303988854401
0.0242490487639
0.0341540955007
0.00615605893545
0.0881890568882
0.00236033160472
0.0363141272683
0.0588143210858
0.00954474427272
0.631477218866
0.125083751604
0.533311189711
0.0621195579879
0.883133006096
0.819689333439
0.86350056529
0.922917115688
0.310553179681
0.188862331957
0.643382906169
0.505071654916
0.384408129752
0.239009194449
0.272024273872
0.742119318247
0.947760504484
0.583718255162
0.277855412662
0.00775015401887
0.525387400389
0.693179821968
0.00970667476067
0.697575113177
0.487749192119
0.733944237232
0.745591783524
0.962538695335
0.86568608284
0.890078234673
0.862982922792
0.67714228034
0.833207523823
0.535042323172
0.556580075622
0.0896756708622
0.300729930028
0.316159001738
0.0581374469679
0.306981880218
0.0211757101119
0.0558284411207
0.514101079106
0.197699999809
0.155636092275
0.233427200839
0.227169658989
0.164251682162
0.0310302781407
0.0246184977237
0.138594567776
0.205226653069
0.605421805382
0.127629398182
0.053957474418
0.00578695032746
0.0729356426746
0.0416935651563
0.552294817567
0.0639071688987
0.108915193938
0.0114619970089
0.0530251060612
0.728789508343
0.0296200848243
0.0116034466773
0.0472696844488
0.00411445285426
0.00584829229629
0.0102459159913
0.909549337626
0.00384570787428
0.0569523114711
0.936846464872
0.93805591464
0.531453710794
0.00767442614306
0.519843870401
0.114497533068
0.225278684497
0.0403197784442
0.402919070423
0.702198898792
0.0579757658299
0.0519898185506
0.506499937177
0.377181014419
0.193134502321
0.138456846774
0.0778666255064
0.168330179155
0.0149825652712
0.0213932234328
0.808509463072
0.540585318208
0.460069382191
0.0409320376348
0.356563256681
0.0529600612819
0.00446770149283
0.0481331713498
0.00441840050626
0.0119226834853
0.0183636871981
0.0343540577218
0.00277691757656
0.0321251848945
0.0214998556301
0.108992137574
0.0176428604871
0.21549994424
0.213252348453
0.0397606447339
0.00280693524983
0.0169931273442
0.104706612183
0.32345636338
0.0040452519781
0.0575003501959
0.00575188247021
0.0229503217968
0.321144396812
0.0222176183946
0.00741476621479
0.131468765065
0.140008251369
0.602564370632
0.0270843115635
0.0318450254388
0.0163428577827
0.0153930343455
0.0102403369849
0.0247247591265
0.0152407691348
0.158826168627
0.0281894332496
0.844721031189
0.0769131911919
0.618162971735
0.210679748468
0.175443787128
0.0452595899813
0.782245236635
0.00381159804529
0.496507167816
0.114038776234
0.359774437547
0.0595010561869
0.0540277498309
0.685706391931
0.180897944048
0.00152364688984
0.440902405232
0.333681707829
0.342182859778
0.303483511321
0.05188541268
0.0040413151175
0.0187403617427
0.0981246436015
0.0073157899431
0.00998513436643
0.106220941711
0.0281452233437
0.175698441267
0.787794327736
0.679126742482
0.667303490639
0.219059324265
0.00706490586745
0.0946895584464
0.0173141818377
0.0316347976914
0.0062514680787
0.0639327527955
0.151018330455
0.0256416568998
0.535074719787
0.0005284750172
0.0126719997963
0.529093888402
0.368471027911
0.0373679039069
0.00733400369063
0.00715068587451
0.00705236953218
0.0370340624359
0.00776734800311
0.0417017230764
0.0127888262738
0.0733467468061
0.441063301265
0.0616083602421
0.00430267262273
0.0273824835662
0.0293833597563
0.0351699817926
0.0190179880708
0.329578870535
0.00769226405537
0.0414451444522
0.0631645839661
0.0204939365387
0.00117538952327
0.0122276524577
0.09111656975
0.05135497991
0.0146526785567
0.642043176293
0.0440378081985
0.0122023366974
0.123330956325
0.202608557045
0.826345491409
0.213423284888
0.162416256405
0.00121505524148
0.185130828619
0.207730112225
0.1088055484
0.00458960080432
0.00800824619946
0.078114723973
0.120609393716
0.00385593609099
0.00496496878914
0.00570583837107
0.161116652936
0.0347368661314
0.0326513158157
0.150639553368
0.0433749105781
0.220271454006
0.185187083855
0.0219086508732
0.0176037699915
0.251074813306
0.0587512776256
0.16893553175
0.11676057307
0.0512148493202
0.146957804635
0.0586551547982
0.244962193817
0.25064669773
0.126151048206
0.0373150786851
0.0301385465544
0.0580364454538
0.0193791143131
0.108282121271
0.360591436923
0.139203201234
0.0581168215722
0.0369069779757
0.00858728832682
0.0589774979511
0.0275028785225
0.00107145349903
0.275199923664
0.126553710923
0.0694452067837
0.302792003751
0.047600286454
0.143867819011
0.0452755566221
0.124768064544
0.0132496103644
0.0706631716341
0.139590287954
0.0344223908149
0.00822180474643
0.796793377399
0.73377596736
0.759422433376
0.0288827063516
0.0951217502356
0.037855562754
0.515433749557
0.464085517824
0.108363073692
0.202498356439
0.26573458612
0.553769683838
0.236662496626
0.196984867752
0.0736866502091
0.966791933775
0.904915761948
0.216279070079
0.0390687347855
0.0546819871757
0.0834578063339
0.0802073511295
0.0643521200866
0.884048122168
0.52850984931
0.164119728655
0.0133444577223
0.0178369196365
0.00746995179798
0.0506748680957
0.0160853271605
0.142085209768
0.0135046904674
0.290413442999
0.11818298623
0.582348483801
0.199883612245
0.322881669551
0.0662817522883
0.0103612838313
0.0172729416285
0.0271538753062
0.260667122155
0.234291633964
0.011028585746
0.270308601856
0.248954357207
0.019728613086
0.969142496586
0.555405843258
0.536628347635
0.708921229839
0.306914631277
0.33876170069
0.909327119589
0.584214693308
0.000677867677587
0.500777795911
0.13245591186
0.390526142716
0.0957030225545
0.0763998322189
0.0395245912718
0.0344868246932
0.0283173089614
0.139354610071
0.17261916399
0.067662550509
0.0309173151851
0.00302571307984
0.00588468172355
0.137718135491
0.0222248717211
0.00287962661241
0.0192974279169
0.00882106274366
0.0632170572877
0.163466858864
0.191389024258
0.0426369863562
0.558215078712
0.240090597421
0.0481481134892
0.00762302905787
0.438487885892
0.0699109185487
0.110150890052
0.0180324179586
0.0536137714051
0.0151741210837
0.319406214356
0.114659279771
0.0675345090916
0.0379632193595
0.0700544958003
0.0281274863053
0.0119704727316
0.0336107902694
0.416713349521
0.0392459883355
0.428936187923
0.689466261864
0.03084233189
0.0661482965574
0.253070336953
0.0983327247202
0.000830604029761
0.0945583309978
0.0012484964871
0.203553664684
0.0269229191937
0.859368127584
0.601846206188
0.334950648248
0.651700890064
0.633584535122
0.570662966371
0.353126512468
0.450615555048
0.015527975047
0.386157283187
0.657530504465
0.745329290628
0.0409326250665
0.292346175015
0.244524801522
0.1764795525
0.0420632597525
0.0118541318341
0.601317286491
0.182944209501
0.00610036547878
0.624846333265
0.237295463681
0.420305177569
0.651724439859
0.0282363403239
0.317570365965
0.149673720077
0.332085972279
0.140943107381
0.764088582993
0.185053374991
0.134038580954
0.412753434479
0.701378414035
0.660271003842
0.220489959791
0.113201129809
0.329757919908
0.17697305046
0.18174944669
0.134619565681
0.239329620451
0.074823630508
0.0347227839287
0.0360328486189
0.498144605756
0.0116527325008
0.158085903525
0.467709498107
0.0795918214135
0.00839317061473
0.301115636528
0.629431957006
0.205510050431
0.363756556809
0.0498901435174
0.526030609012
0.0484623845201
0.0665363832377
0.705892813206
0.0722952522337
0.018400732358
0.257903508097
0.0103053202009
0.262671380863
0.0784675833769
0.0599546805024
0.182227066159
0.041347956215
0.10338147413
0.105319974758
0.266062866896
0.0453076097183
0.321469305456
0.161153316125
0.195170991123
0.0134240513202
0.361178453267
0.373384474218
0.015130465047
0.0636611301452
0.153659501299
0.371664690971
0.135072493646
0.0347120898776
0.00351814733003
0.0049213359016
0.127494439483
0.0285569972359
0.0334869415266
0.0459448436275
0.0564807666466
0.135711997002
0.0897368356586
0.639044374228
0.173867537454
0.138223754801
0.308513847739
0.0123195013963
0.00299526476301
0.0201759228017
0.0912307117134
0.26453217119
0.00953979315236
0.227282619476
0.0394027825445
0.0385814994108
0.00564684004057
0.0600291706622
0.0773286361247
0.187814584374
0.0421683038585
0.593614459038
0.633352008462
0.0844388004392
0.159374824353
0.455763733387
0.318366347998
0.0353659193497
0.139222032437
0.527966541052
0.148864328861
0.0191944646183
0.0338161437307
0.0105130846845
0.787214159966
0.0750614687335
0.0681603554636
0.432795344293
0.027412751643
0.902731692791
0.296065875888
0.228421514668
0.152712232806
0.0163604425732
0.000793608142703
0.436764337122
0.00213840956567
0.00240431546699
0.0951031394303
0.0027217408875
0.0249741659034
0.00962446104968
0.0357979735825
0.208037081361
0.0103479625075
0.00190452870593
0.144444802776
0.0814162351191
0.152317528054
0.507361966372
0.189907582849
0.295226067305
0.0241443137638
0.0189999034395
0.367831918597
0.206816867739
0.12776465104
0.0242385015823
0.0322507495992
0.00329833124415
0.0572686281055
0.00617022281513
0.243980676681
0.104015351459
0.045554422494
0.0456595890224
0.918027687073
0.00658664439106
0.224121043179
0.0294230003841
0.0854341058992
0.0457024857402
0.000628567470994
0.115093143005
0.235334674269
0.00242376453098
0.0953988200985
0.716861903667
0.0125409682936
0.0657386916922
0.00639126379974
0.0109321666649
0.754786223173
0.0483099003322
0.0877466421574
0.48348672837
0.0842728815973
0.195552160591
0.0908029023558
0.0196118288673
0.0925440102816
0.0462242539972
0.0937320202589
0.00899908293504
0.128263241798
0.0942584801465
0.0331964992452
0.465451818705
0.547558549047
0.0262056021951
0.35236826241
0.0905689943582
0.473602634668
0.102281295881
0.0670708088204
0.0867589546368
0.0303866004571
0.00185413675354
0.00594918697607
0.0703399898484
0.105239377543
0.0286899967119
0.010793547635
0.0212699686643
0.140260337852
0.0441420752555
0.0314651766792
0.12677457016
0.204542243108
0.00525382966734
0.0112246686127
0.205910404772
0.344909486175
0.253499631956
0.0268018220086
0.107453522505
0.0228248507949
0.001543278803
0.0117241829168
0.089810707001
0.132219055761
0.425001209974
0.0176668174798
0.380949019641
0.0351910926402
0.391369847953
0.0545424973592
0.016778734792
0.060068724677
0.168240641803
0.44418195039
0.0051471978426
0.66689722836
0.0349112035707
0.0302652404411
0.14216699712
0.18155784905
0.234893205017
0.125779724866
0.0407014436089
0.130165025964
0.00569062632858
0.0156321664108
0.0511720335111
0.0730135953054
0.0438203685917
0.0152273219719
0.021777005773
0.314150031656
0.0926867779344
0.0785689286888
0.164583260566
0.0585206294432
0.0389860574156
0.0251170920208
0.00398098974256
0.0749254992232
0.761919760704
0.274341201037
0.014528133464
0.112439423986
0.0594472014345
0.865288960934
0.319283589721
0.222291676328
0.0265080585144
0.0753264524043
0.134308984131
0.67308344841
0.0887121344917
0.00269206787343
0.0635535700247
0.0218772602268
0.0580155352131
0.217116016895
0.141716967523
0.00615858518286
0.448872300982
0.441048446298
0.0347710795701
0.0792159117293
0.102638036571
0.249858961999
0.211911539733
0.0198045594618
0.011388148996
0.00313547479454
0.509515336156
0.417982639372
0.10510205226
0.0219834376127
0.0317473666277
0.565793381631
0.0222479613498
0.0275443802588
0.18759611398
0.441736903787
0.656746208668
0.207267758995
0.193681672588
0.524364367127
0.00478882147581
0.146888886765
0.0337786730379
0.0101394874742
0.134252347797
0.0322443654295
0.0393301913515
0.0620931576937
0.0632697474211
0.336852419376
0.00637297797948
0.00926507036202
0.0308574309573
0.406770308316
0.133484570775
0.140498132259
0.574905276299
0.0644636537414
0.00708503611386
0.0505899330601
0.185769467056
0.103752356395
0.125553355552
0.195429913886
0.326121852547
0.0579545497894
0.0023942513857
0.0247745128348
0.122505581379
0.128197121993
0.846873348951
0.0117235523532
0.167478917539
0.0435500279535
0.0850689205341
0.0439261293737
0.0276024537627
0.0339830150828
0.0279423472472
0.0355636006687
0.0640175703913
0.02305149124
0.00524714150233
0.0223020132864
0.0220545272343
0.157080086321
0.203434972093
0.00874483461957
0.0398828514037
0.0131233747816
0.00354124963505
0.0656115543563
0.780986618996
0.00579163549701
0.0247710390948
0.0332397934049
0.148123376071
0.0210142819444
0.210591180623
0.159815473016
0.0819518091157
0.0153695754474
0.711407595873
0.00656782649457
0.0487627856433
0.0137039688881
0.011899508303
0.0814991373569
0.437665338814
0.666202139854
0.233795014024
0.318804243207
0.0835004999535
0.280479973555
0.0997566116042
0.107278670184
0.055178819038
0.111101746187
0.655490908027
0.126657271385
0.00550526559819
0.139001638256
0.266688349843
0.43395665735
0.276243536361
0.238797896355
0.097134048678
0.139000311121
0.0362395477016
0.61388425529
0.0602294687182
0.0254480304429
0.21495154053
0.0465552728623
0.109951759502
0.736252629757
0.369137868285
0.521786171198
0.0522068006918
0.010974567011
0.0969686925411
0.0184099550359
0.0536438116804
0.0368354169186
0.0115583131555
0.024144764524
0.0188286800869
0.0187800737855
0.854312384129
0.0020220862214
0.0125800900161
0.0578299278393
0.0142529246747
0.0024987170822
0.00560058015399
0.0316174247768
0.067434527725
0.0324249485973
0.0313417760655
0.067531836126
0.0208422340802
0.145462983847
0.0367708929814
0.00138543182402
0.159383521229
0.0986285430379
0.041744142957
0.00284323167871
0.00463123320951
0.0051516975509
0.00636090515181
0.0813149146736
0.00308641917945
0.0187456778716
0.0273116531316
0.0706823833287
0.0164029001258
0.0168590019224
0.0276002184488
0.00379930521594
0.0751494031399
0.0159335259348
0.00315069381904
0.0827389226295
0.0509545926936
0.333866077662
0.0338431446347
0.035567943193
0.0106623843545
0.0171837846749
0.0160460212966
0.0846583772451
0.0348140231799
0.0911031553522
0.205444520712
0.5615517959
0.0218640954583
0.0397604428232
0.013658777019
0.0295412039384
0.0145111344755
0.0469796145335
0.0234317770693
0.0479313590564
0.189191679284
0.669311112165
0.0840288988315
0.0036223463947
0.388407447934
0.00195125082973
0.00413471905049
0.0210940129589
0.154336503893
0.00560544297914
0.046034338139
0.0101423349523
0.182240081578
0.0195489556179
0.0130725580733
0.0276239261962
0.0126410096243
0.105649953894
0.079947114177
0.157212765981
0.0209371902514
0.0122333546286
0.0174930889625
0.0499972263351
0.0109504516004
0.053264392633
0.015995092853
0.027741302317
0.128292254731
0.00430784595665
0.0273378706537
0.0352408353705
0.00769856947009
0.253548786789
0.0676073972136
0.345145702362
0.162745829672
0.0135127262212
0.178948271275
0.120160474628
0.00276808972703
0.0259855050826
0.0864465514198
0.159108157828
0.00676650773967
0.0123558596941
0.00392734812922
0.0649576425552
0.371158321202
0.00418863387313
0.0110968247522
0.0141457621939
0.0400258308277
0.0870269825682
0.0779035242274
0.0132541162428
0.0111024133163
0.118409706652
0.0148848474957
0.0369605143555
0.0483335002325
0.0134626196523
0.117353550717
0.0146546534728
0.022077439446
0.530911490321
0.027139188291
0.0274061331991
0.264673997462
0.117439000867
0.101548102871
0.0117052366259
0.0432424902334
0.419294595718
0.265925095603
0.00118059609667
0.10707468614
0.634198075533
0.0454999925569
0.00556662660092
0.0955773803405
0.0619361191522
0.41804305017
0.700830596685
0.00959429531358
0.148944685608
0.00934051654767
0.0256809428334
0.0285448934883
0.0210622143932
0.0128698333283
0.117847114056
0.042667417042
0.0787005528342
0.000820275817023
0.121474419907
0.00489584320458
0.0291943268501
0.0122106654686
0.278468919545
0.0820816194639
0.00493926864583
0.468300577998
0.0516550512984
0.0487162318081
0.0131066445727
0.090022270754
0.000457719209226
0.072942003794
0.164594748802
0.264275464416
0.14327525571
0.0415366725065
0.0047539495019
0.0413292604499
0.0608202589676
0.815772408247
0.0760391883552
0.0130210324423
0.00739917458268
0.0743793020025
0.0462278619409
0.0297950791428
0.0171604514588
0.0105294868583
0.0790707109496
0.562163721025
0.000995843682904
0.178405051492
0.13586117886
0.0374951783568
0.0999672194012
0.0267914617434
0.00482598510571
0.143047213554
0.0210814842954
0.0340727836825
0.0122606174555
0.0105829434469
0.00279490396024
0.0157421743032
0.0515502889641
0.0290169397136
0.151160696149
0.338115926832
0.039294011076
0.0724618392065
0.0168542504194
0.101279051229
0.0226847082842
0.00441915595438
0.346883168817
0.195476081967
0.0738684384152
0.045173340477
0.0219873340451
0.106722093932
0.0170849674381
0.857088434696
0.287364833429
0.0177675276063
0.0285706034396
0.0392664624378
0.00646162995254
0.0338027252117
0.169707315601
0.217027529329
0.0223570796661
0.0373158366419
0.04780770652
0.114316928759
0.00590691193938
0.219704329967
0.105220343545
0.00989685438108
0.0270565240993
0.0150421595201
0.228318604827
0.0804120756686
0.289153920114
0.332591309771
0.102908319607
0.00898963102372
0.011870911601
0.0166311954847
0.0357587499544
0.304367237538
0.196867279708
0.0318156396504
0.0575906581245
0.0107016714523
0.221399614587
0.364207375795
0.00625791250495
0.0932199830189
0.210997925699
0.00277029452263
0.00646171564586
0.00286938549252
0.256965279579
0.139717734605
0.0023465317121
0.0320576961618
0.0237765275873
0.0109120986424
0.164202112705
0.0272949120961
0.0187179444823
0.0940909348428
0.141537261195
0.0238085886929
0.00468624936184
0.0161801121081
0.00782467545941
0.200256700441
0.0068796581123
0.0463628266007
0.0022135559062
0.0750504289754
0.0261620826554
0.069227042608
0.0067967977724
0.291345680505
0.00188372849952
0.0335173485801
0.0127948514186
0.0635081190616
0.0370654749684
0.250063855946
0.00444351903279
0.227647938766
0.00432474278205
0.00188282065792
0.104979066784
0.207292737812
0.238880562037
0.0474198569544
0.0907922230661
0.00735276502091
0.0505069952458
0.00711614966858
0.163076544553
0.119775526598
0.0187658313196
0.0577055664733
0.048792152945
0.0133115628967
0.0384784172289
0.156750597432
0.0128635882633
0.0318032269366
0.0540765617974
0.169290919602
0.0191552712582
0.0243012207095
0.0198199983919
0.016546612652
0.012497904012
0.405306340754
0.0602401408367
0.530517077446
0.404701134562
0.0440645735711
0.0726855171844
0.216285553575
0.260538710281
0.000751329585182
0.0123414753936
0.021584519255
0.0739406655543
0.672118467093
0.429943215847
0.0179300796706
0.693442681432
0.07747437004
0.269913095981
0.380094513297
0.00832524257712
0.106594765931
0.0195601526299
0.330234500021
0.00670783130918
0.0222577410634
0.00146588707721
0.0159056762699
0.109614315443
0.0310274312273
0.0204747381853
0.0118211611174
0.0603873653337
0.0633505122736
0.0288105609827
0.182834237814
0.252324727923
0.0170097163413
0.0110957009136
0.00557658154285
0.699664717913
0.131257698312
0.0814634621143
0.0138350326102
0.0702481330838
0.0210396841168
0.168507730216
0.0317318427376
0.0374381873757
0.104191519693
0.091078035906
0.0433885917533
0.743791157007
0.151571394131
0.00504906019196
0.189095755666
0.149250799417
0.0507679817267
0.186954716593
0.623111137748
0.00417870664969
0.0565412231721
0.183660770953
0.145092073269
0.157402440347
0.448735541105
0.0356835620478
0.00852023075568
0.0337922736071
0.013851531921
0.0169529297389
0.0282745653065
0.00146684046922
0.0564945532475
0.0697082309984
0.14663311094
0.0031935797364
0.0163155309507
0.0097369343508
0.0425204116851
0.0139064373216
0.405831819773
0.0129716534255
0.0111066378711
0.0157361804275
0.0552425203845
0.280649081618
0.0311162243597
0.0161630432587
0.0275063083624
0.232950109243
0.655598607659
0.1849590078
0.0111430552672
0.00733174159541
0.0168326135958
0.113671132177
0.00624970041681
0.103512066975
0.038204866508
0.031030479772
0.0107326732861
0.00270014643029
0.256030766666
0.0192371155281
0.0189362902194
0.0262377626961
0.0222810640931
0.0300922155846
0.239077627286
0.00285695687635
0.0563562199473
0.00992170742247
0.037199193798
0.0107301634969
0.169287524931
0.00975209663156
0.0601406319067
0.00824621715583
0.0156211982481
0.0963487863541
0.00590005345875
0.0289763571462
0.0110557985958
0.0602120133117
0.00252859305183
0.0095768233994
0.14223074764
0.359670255333
0.179155947268
0.0298971820623
0.154497342557
0.00245963925991
0.00181082687341
0.166971026361
0.0261518602027
0.00366249993094
0.0112411000766
0.0467536399141
0.010524697043
0.0476797988173
0.0760557901114
0.0303815993015
0.0371504995972
0.0178282535053
0.180225858465
0.185868571326
0.179030085355
0.0179194407538
0.0230146234855
0.0113984039519
0.00956259761006
0.121115466952
0.198338299245
0.0292112953961
0.0599785171915
0.0101759767858
0.0104931075592
0.184649980813
0.00726794716902
0.241747900844
0.0283195390366
0.0446992803365
0.109228388034
0.0278673192719
0.0267551462166
0.0116611044738
0.00602540897089
0.0174335484451
0.0104169439524
0.0714766909368
0.031417096057
0.000485947231937
0.00453742474201
0.0632096973248
0.0304982497822
0.154713592306
0.0440003771801
0.124405810982
0.00434046327136
0.0308091566432
0.00654374484438
0.0679637197405
0.002070207012
0.00767022250802
0.10338535778
0.0948548478074
0.115918745846
0.0234571492299
0.0395926895551
0.00518835588009
0.00782777419081
0.219607558101
0.0514271999709
0.0185418980662
0.0324537383392
0.0334066236857
0.0286854676902
0.00794109893031
0.368290364742
0.143477349356
0.0293881943449
0.125466635078
0.00463862437755
0.00445956253679
0.00459416310478
0.443189553916
0.0482505885884
0.00371485109208
0.042135319626
0.338965988904
0.117150240764
0.229261124879
0.0410729872994
0.208339197841
0.121992646344
0.0764431481715
0.0202765180264
0.174996412173
0.00762815472553
0.0334287395701
0.075126975961
0.00578161623562
0.388402155042
0.0697802629322
0.010966829455
0.180115142465
0.0181548942113
0.13534781076
0.00752099504462
0.0106417951873
0.0453409475973
0.0191479528323
0.0977335929871
0.0120684115682
0.0209509402514
0.0873564912006
0.130789458938
0.0782826866955
0.139571820945
0.00225289398513
0.0596293731127
0.0648425444029
0.0455736711621
0.0132440304849
0.00217830405745
0.0402999990154
0.00315370786702
0.00755605651066
0.055744908005
0.0208016406046
0.00162767832808
0.0188287053723
0.00537096056796
0.0758859034628
0.0474561462179
0.0504813115112
0.132421350107
0.00894658342004
0.228465977125
0.129967334494
0.122583275661
0.0237645533402
0.0253980408655
0.0357117892243
0.0166865138337
0.0331253918819
0.0182750610402
0.00518809212954
0.0189316328615
0.0165788237471
0.012589408597
0.0171676012687
0.0287595476024
0.0413700256497
0.453899160028
0.0433453658596
0.00783601489384
0.294843648374
0.0331448744982
0.0601243697107
0.133451783285
0.186826487631
0.128901434317
0.0107799024321
0.0168666034937
0.0426700364798
0.361357563734
0.0202158974949
0.053262355784
0.0775135573
0.0605943576666
0.051391248405
0.0845249090809
0.0111221491243
0.0293050576467
0.0484389353544
0.00256675468409
0.121218583733
0.197706380114
0.0199608261697
0.00553647510242
0.0310353524052
0.0165319247171
0.0327873387141
0.0769491888583
0.0153829510091
0.091393199563
0.0395102973096
0.0114009825047
0.0442091601901
0.0105294596404
0.0944261176512
0.017910723621
0.129455943033
0.0801365023013
0.0406938501168
0.0202270405251
0.188481023163
0.00342212687538
0.0142495401204
0.240398297459
0.125386532955
0.124284713808
0.217308345437
0.00896828251425
0.00770061786752
0.0241835797904
0.000921877206565
0.408207111061
0.286586865038
0.0120584137272
0.0189008382789
0.0599629240576
0.0192750026123
0.12190258503
0.0431532937102
0.0144422891317
0.00751792071387
0.0691747790901
0.0171004087199
0.42369903326
0.0380038932897
0.070906053856
0.125221021334
0.0148574650288
0.0344751038589
0.051980493404
0.0557015825063
0.00450376428198
0.0518738999963
0.00464192433865
0.0429552773014
0.176451740041
0.0971123240888
0.0456844846718
0.196468078345
0.0161283125984
0.0101621669077
0.193554214202
0.120880470145
0.0135098022874
0.0691404283047
0.0173595186323
0.0223630982917
0.0269172858447
0.01021122518
0.0199341666419
0.0116918843356
0.033875913173
0.205554746464
0.0173025138793
0.0404079828644
0.00098437340057
0.19223655723
0.0345636709593
0.146314416965
0.0697896235157
0.015938773239
0.0186861131224
0.0234449029202
0.00920783302281
0.745195478201
0.184195065498
0.00840559350327
0.0125758270733
0.202842336148
0.0119920119992
0.0935906304047
0.0037302666693
0.0280346955173
0.111109565757
0.0520689259283
0.0255122927018
0.0595166191459
0.0941581362858
0.0222079919418
0.03924759035
0.0873437551782
0.110372535512
0.0183014915325
0.091524348408
0.00648686499917
0.0184736130759
0.00813076214399
0.0169762976933
0.00181342392607
0.0632340332493
0.0529443753883
0.0211245941289
0.192953459732
0.167009974644
0.130779719306
0.175619829446
0.237041829526
0.0398286744487
0.00919552152045
0.164176765457
0.152709916979
0.0380459113047
0.0179581376724
0.0648892618716
0.0356905942666
0.726367157698
0.0659771471983
0.0127782233758
0.0486018543132
0.384853876382
0.00535370240686
0.022726773005
0.00107802761631
0.0199263965245
0.0239587038755
0.210954754055
0.00648697686556
0.130021645874
0.153838293627
0.0787318829447
0.0286137168529
0.0630493277684
0.213241775334
0.0238656821195
0.00181533841678
0.099650073424
0.00464480352239
0.00959388323827
0.0121281753294
0.0478698824532
0.035500288615
0.2528003674
0.0724182587117
0.0046810011263
0.433483113348
0.16897085309
0.285179209709
0.0608266391791
0.200263470039
0.0230012476211
0.0214429813437
0.011063206871
0.0109402544796
0.177275143564
0.0237498596776
0.0360746957827
0.220083013177
0.0805510398932
0.100074886158
0.328887077421
0.108566577546
0.0161728461855
0.885763835907
0.114913381636
0.0119740960596
0.108844051696
0.305532573909
0.100936324196
0.166086723935
0.0867933296598
0.149972065538
0.158138937782
0.153146759421
0.0201718273573
0.0085709491279
0.0394978656434
0.0329160995781
0.00200096347398
0.0439582387451
0.0162882829551
0.00212642451515
0.0823778410442
0.00836711002048
0.00660082387622
0.0100089998217
0.0129544822965
0.0117288042326
0.0277802347671
0.0136912436807
0.254861592501
0.0867956364527
0.0122933134669
0.0692308925092
0.103369549289
0.00235465730802
0.000580629597243
0.0009111093721
0.0423956423998
0.00967915600631
0.0138189174584
0.0443389890715
0.0531939702109
0.386324773729
0.0159661915794
0.0325061659329
0.156319650821
0.0122363974573
0.0386759075336
0.0792841192335
0.0276256943587
0.0247780581936
0.0465455119498
0.0788945690263
0.0302645533811
0.00564001527382
0.333954036981
0.266948017851
0.00543213709898
0.210082983226
0.0725570969284
0.0131879925262
0.054752604384
0.0324514363892
0.0426899112761
0.0094825061271
0.00567488948582
0.00857482765568
0.0342422805727
0.00640589866089
0.00953468189109
0.224260506779
0.0260317802429
0.0134325138992
0.00630255771102
0.302611830831
0.0810740888817
0.119164224807
0.0190750960959
0.0569943681359
0.00791284648003
0.0375833189115
0.0184681505896
0.0388282709755
0.01718705495
0.0114255848457
0.00339062437415
0.470860654116
0.00773115386837
0.11121435985
0.261503306404
0.0238452099729
0.0156025139149
0.0102512483834
0.0165411340189
0.00901628036518
0.268137354404
0.200859054737
0.0269514345098
0.163022761792
0.166736148298
0.10433896957
0.0762197608128
0.271156552434
0.0708451053128
0.309127818048
0.027199551207
0.0778827372938
0.220100959763
0.068581370078
0.0307090244954
0.00244290083356
0.00470503356773
0.00551726132398
0.035893891193
0.0200041189091
0.0274662101641
0.0419449593173
0.0111763885128
0.0254921121523
0.0190213648486
0.0112733013462
0.0431451624259
0.0106699645519
0.0150505341589
0.413631954789
0.0292223981814
0.166706061363
0.0223713973071
0.135609180108
0.306823973358
0.0855184640735
0.124611381069
0.245768941194
0.128371632798
0.523238870502
0.0384517094586
0.0749681502581
0.18442610465
0.117947100103
0.210421834141
0.280523799732
0.0487320048735
0.544275173545
0.00701019398402
0.0013048969151
0.0148583266651
0.0194139502477
0.248912474513
0.178172043338
0.114236924239
0.0115835095174
0.0168227320421
0.0180445710197
0.0118822189979
0.0480476036668
0.0153143265517
0.0482784427702
0.00452462001704
0.139478391409
0.0150468308944
0.0420292441733
0.00747874266235
0.0247105484479
0.065482771676
0.118764194101
0.0416814518161
0.0796164860018
0.102451264858
0.0304697447456
0.0361554145813
0.00563133936375
0.0200473013334
0.368600548059
0.00074597470666
0.0028998195703
0.0105301921139
0.0562335700728
0.00281442210689
0.0104442524607
0.0332103592344
0.120223536342
0.0677058011293
0.00158416825579
0.0250079152174
0.168226405792
0.13583651036
0.0784967776388
0.00203256374807
0.015204393852
0.0301824401133
0.0593601724133
0.104343762994
0.023041361291
0.0179207829526
0.00955491811037
0.00773869531695
0.00700075693894
0.0833870261908
0.0121830859222
0.0676827540621
0.00343182504148
0.220341624692
0.0286533505539
0.0405544270412
0.105400621146
0.050615212135
0.146286690235
0.0910961130168
0.00728868026054
0.26869455725
0.00995862460695
0.00400111917406
0.201427015103
0.071463913098
0.248167597875
0.104287669808
0.0511728996411
0.0354657148942
0.0311849448364
0.0714529604651
0.068580213422
0.0464519323781
0.42292394191
0.0837950351648
0.26097926572
0.0669386489317
0.155784840696
0.0289306714199
0.0452385602519
0.139127772301
0.208885660581
0.119581175596
0.0436866829172
0.00139425671077
0.0944242047146
0.467136827111
0.0147180126514
0.170325119421
0.0712413519621
0.079971030727
0.0505752725527
0.0223898941418
0.055631789146
0.0723039885052
0.0753876440227
0.0549785584211
0.0206235480495
0.674333560467
0.0671669597737
0.0693553509191
0.00329569890746
0.0755555722862
0.183160449192
0.000105825076571
0.135348541848
0.0632749486715
0.0182798420079
0.0153761050198
0.00619575412711
0.0137825997954
0.00093474842688
0.00332570500905
0.0981658319011
0.0426717855968
0.0636380804703
0.0526276089251
0.0121273301891
0.00489961069543
0.00859946343116
0.0645270985551
0.0874162642285
0.0441002069041
0.00420603261446
0.129454260692
0.00212964217935
0.0112870460813
0.00715293245157
0.0160670178011
0.0117452127626
0.112249518
0.0172983404947
0.0877458710223
0.0327057224233
0.135094249249
0.000654081488028
0.00247659538436
0.0435965692624
0.3143594414
0.0445674904622
0.0293626045343
0.148175027221
0.012345382839
0.000989650335396
0.0229004452471
0.200436115079
0.0179524234729
0.0608917543665
0.125081334077
0.015026291355
0.00580462579383
0.00468464549631
0.197425753623
0.00857075244421
0.0499376328662
0.0349570651539
0.0169361677254
0.00614294449333
0.0197211652994
0.352116838098
0.21986375507
0.0774036027491
0.107469483837
0.0435270721093
0.0161541611422
0.0232278050389
0.00495952300262
0.00601844174671
0.0287960302085
0.124632577226
0.00642223722534
0.00790184817743
0.00795279794838
0.0313481796533
0.0101878522197
0.0637669767253
0.00357398808119
0.0131963566295
0.0392214178108
0.069025577046
0.0108839286491
0.0157236855244
0.0101932881866
0.0958356481045
0.0392640946433
0.220229223371
0.0626518390141
0.0601739693433
0.0432229809463
0.0761910522357
0.020355749689
0.00323963891133
0.00337697111536
0.0302182664629
0.157557822764
0.182547847554
0.406272998452
0.153519560536
0.36836302802
0.00384854748263
0.00764110549353
0.0299446109682
0.0288429314736
0.0978870638646
0.0172005146334
0.0159050234128
0.02982141393
0.045044872351
0.00769025742775
0.0679907118902
0.0330938131548
0.396934443712
0.0341756365495
0.00599450571463
0.0401918791234
0.0500395201147
0.00265249798831
0.0192818352254
0.0339560298249
0.0163316258229
0.0996480407193
0.0539067024365
0.277392200381
0.0251532819122
0.0105391538702
0.0225983350538
0.108313249797
0.0430005508475
0.769889616966
0.0134950391483
0.00926700595301
0.148774851859
0.36781797111
0.281867716461
0.000857814282062
0.599073839188
0.289020767808
0.015624538064
0.0765526125208
0.08881147746
0.0483156186296
0.134809220955
0.0532624248415
0.0379481893964
0.273252449185
0.0239018204156
0.00358496221597
0.00980720876832
0.282000430673
0.0481474175467
0.248855085671
0.0776397364214
0.0350279091392
0.0595602739602
0.208069194108
0.344214953482
0.0415203595534
0.149239087012
0.0110614647507
0.158591829613
0.00463304443983
0.0854639630765
0.0834193145856
0.00592235883232
0.0136763325427
0.422983017564
0.651036971807
0.271880400181
0.732792520523
0.245988434926
0.958605766296
0.846414369345
0.630680480599
0.682354611158
0.846548080444
0.931804186106
0.251942392439
0.600710088015
0.0173173365183
0.143002161384
0.337207297981
0.0402278569527
0.964853435755
0.741375058889
0.552956822515
0.169814118743
0.0650348314783
0.81366147995
0.38251972422
0.3034867974
0.442510212213
0.0221772599034
0.309103953093
0.00941831981399
0.306618461013
0.846191608906
0.282210367918
0.848473447561
0.879644596577
0.878836518526
0.132218715642
0.056447416544
0.762072581053
0.555146166682
0.886365288496
0.852220207453
0.940390330553
0.068485460151
0.13484080527
0.82222956419
0.614189112186
0.917458754778
0.812972337008
0.719820249081
0.632305192947
0.639358744025
0.198569411039
0.543567100167
0.263256086409
0.906909698248
0.929733234644
0.456084768474
0.734638163447
0.378026521206
0.0932461922057
0.0685463672504
0.398532710224
0.299271538854
0.287125858665
0.811934417486
0.851086992025
0.859564584494
0.0257758264197
0.0187389262137
0.1279882567
0.557161764801
0.938069820404
0.952935564518
0.40457405746
0.953559166193
0.726595699787
0.789416456223
0.788942939043
0.594475492835
0.758915859461
0.923382484913
0.917272293568
0.881398653984
0.0143304636236
0.484505164623
0.940092045069
0.340911367536
0.203331719153
0.0831078325864
0.242425893992
0.721653294563
0.0109172287863
0.00754030256066
0.967287969589
0.899457913637
0.844844150543
0.503002673388
0.308736143634
0.300180994347
0.776055520773
0.255153022707
0.74787093401
0.885653579235
0.766142511368
0.93896433115
0.932864540815
0.77138389945
0.255755016953
0.230629913509
0.699310329556
0.847422993183
0.864796441793
0.534912240505
0.611816304922
0.535740280151
0.909529167414
0.414918397367
0.681800460815
0.864102602005
0.506666332483
0.790002685785
0.932292062044
0.922188216448
0.946793681383
0.266129048169
0.0458828195464
0.324488717318
0.905975335836
0.330050756037
0.0998743254691
0.0873879587278
0.0392397910357
0.0333229921758
0.0261927517597
0.384966373444
0.255976620317
0.236116158962
0.457119628787
0.109842099994
0.957923859358
0.957306957245
0.624520066381
0.750153565407
0.40799228847
0.398294347525
0.197689183056
0.115882850438
0.157196699828
0.151984989271
0.427890442312
0.391404891759
0.162869594246
0.274667803943
0.267845565826
0.209493985772
0.623726096749
0.759980809689
0.102432984859
0.0742925468832
0.544012075663
0.307792360336
0.904918795824
0.979345226288
0.157574626245
0.070883009024
0.542104247212
0.763180994987
0.226848106831
0.386036658287
0.728356084228
0.474575567245
0.69513759613
0.749806165695
0.593536582589
0.460294273496
0.00764848635299
0.479749420285
0.334354091436
0.522787424922
0.220213084295
0.325242364407
0.021133931377
0.291980312765
0.0707772854716
0.944338107109
0.457530713081
0.544312039018
0.236288550496
0.115971251018
0.859986031055
0.918046182394
0.965024352074
0.396456421912
0.563104993105
0.850044745207
0.140862251446
0.0827930213884
0.0716785180382
0.0223880931502
0.311790290475
0.250160258263
0.135846965387
0.742137676477
0.975048583746
0.0638154476881
0.614905616641
0.0458601932973
0.141631263867
0.450657126307
0.53569868207
0.675503399968
0.388540062308
0.0344296849798
0.101542233862
0.173381115124
0.821377360821
0.146537104622
0.210302396119
0.410720568895
0.56354251802
0.771177846193
0.714881137013
0.149971925467
0.461717560887
0.00859615709633
0.727985602617
0.558491352201
0.489063125849
0.592792606354
0.477728003263
0.479978358746
0.845826011896
0.283418103307
0.538052982092
0.182680989057
0.751512801647
0.981053328514
0.564017596841
0.875863415003
0.418789412081
0.649552822113
0.55173047483
0.440478795767
0.83428171277
0.493997952342
0.633543387055
0.713253828883
0.890603321791
0.553790795803
0.552303478122
0.756967359781
0.808482247591
0.368452745676
0.883291876316
0.857553637028
0.154389751703
0.972884327173
0.592562232912
0.481268495321
0.922291660309
0.159095321596
0.296232753247
0.490096643567
0.0944148343056
0.644860571623
0.546326650679
0.0962884169072
0.83566506505
0.295692546666
0.964733612537
0.878247672319
0.608512678742
0.851615512371
0.632759287953
0.622602912784
0.757157796621
0.896863991022
0.124104717374
0.375469742715
0.315039813519
0.14922663644
0.439449489117
0.932605361938
0.285533300042
0.859615701437
0.628637632728
0.658201724291
0.20139020402
0.327146071196
0.278508752584
0.18713486474
0.0385181720892
0.536729761958
0.474919585884
0.452634751797
0.952223646641
0.851132851839
0.361789162457
0.47779969573
0.436949953437
0.28843511343
0.972536855936
0.914217835665
0.618798533082
0.338421532512
0.890983855724
0.681086948514
0.707637089491
0.846421045065
0.831359642744
0.918932157755
0.381204544008
0.321710620075
0.734640723467
0.762371009588
0.775299727917
0.896858417988
0.20514574945
0.90277852416
0.921658694744
0.831483262777
0.290848557651
0.438368245959
0.753037416935
0.629595270753
0.573713713884
0.600310230255
0.851197957993
0.749689245224
0.734534102678
0.130103701726
0.799007844925
0.0541047010571
0.415993079543
0.301728144288
0.750010216236
0.00752410234418
0.026319792401
0.311162376404
0.195217883587
0.507786521316
0.136441647261
0.592185339332
0.852543604374
0.648132616282
0.72728022933
0.550320038199
0.0205500352662
0.429209257662
0.103995831683
0.319156809151
0.00846534727607
0.101376641542
0.0587552402169
0.519354966283
0.369389100373
0.0482495154254
0.698275366426
0.539594125748
0.791848021746
0.398485095799
0.457811909914
