0.404186
0.151083
0.282956
0.132821
0.674924
0.359091
0.149532
0.24044
0.278684
0.619751
0.0368853
0.163022
0.229922
0.791972
0.144799
0.901651
0.760759
0.203545
0.396368
0.0850568
0.28046
0.463871
0.163427
0.102381
0.596204
0.0447488
0.293525
0.181372
0.300003
0.423866
0.840101
0.830219
0.150431
0.264608
0.677233
0.112027
0.917341
0.659386
0.138637
0.881874
0.833788
0.522162
0.589134
0.282478
0.586139
0.877587
0.833731
0.4399
0.774453
0.599795
0.694802
0.350369
0.0447471
0.488878
0.543019
0.448077
0.508703
0.441962
0.108089
0.667154
0.362287
0.960599
0.837716
0.83197
0.095553
0.179115
0.0534702
0.627061
0.255907
0.637179
0.717096
0.822913
0.554962
0.627477
0.151003
0.258706
0.0317324
0.0768692
0.914821
0.0485029
0.0471947
0.304475
0.568955
0.302277
0.703531
0.40465
0.436389
0.977566
0.114748
0.115208
0.308345
0.0891536
0.445534
0.790842
0.375735
0.666583
0.402059
0.302931
0.955451
0.0975716
0.395363
0.127711
0.207457
0.0362632
0.0639515
0.268346
0.535189
0.363633
0.810339
0.76828
0.912453
0.685757
0.253111
0.0825152
0.586558
0.207253
0.819887
0.0632217
0.0625517
0.0813777
0.0398934
0.531027
0.0331072
0.869031
0.383302
0.932365
0.952309
0.940567
0.962913
0.721956
0.101436
0.145827
0.0885525
0.363427
0.190427
0.520727
0.381347
0.328505
0.481714
0.151861
0.144046
0.0655102
0.0419814
0.954395
0.137512
0.905354
0.0837558
0.375536
0.916811
0.235266
0.664605
0.275001
0.926679
0.860898
0.227264
0.591271
0.0885501
0.150949
0.153439
0.148696
0.293918
0.639033
0.079325
0.0634368
0.450368
0.0413863
0.796103
0.614807
0.918874
0.483466
0.225248
0.259778
0.38208
0.415459
0.0523605
0.143746
0.0933049
0.0755945
0.354979
0.598273
0.433251
0.897776
0.957652
0.0177564
0.309448
0.878014
0.934664
0.604792
0.0583445
0.11536
0.287356
0.0391085
0.786377
0.45177
0.187534
0.336441
0.138081
0.0737629
0.840837
0.972357
0.0395321
0.154956
0.0232981
0.381883
0.925728
0.0886994
0.134672
0.139529
0.210123
0.0933868
0.148458
0.118293
0.92152
0.0615326
0.149832
0.0319526
0.0448402
0.236105
0.787295
0.206196
0.0453639
0.614898
0.0669393
0.842532
0.37489
0.975748
0.778375
0.318146
0.838067
0.611465
0.260582
0.131793
0.678364
0.16753
0.331316
0.432492
0.0581465
0.825954
0.0413539
0.126308
0.0850575
0.0698209
0.0319472
0.16512
0.526661
0.686403
0.989515
0.970714
0.556551
0.449892
0.819821
0.438149
0.0698981
0.280539
0.319835
0.161545
0.0603644
0.118636
0.0776238
0.15874
0.0869549
0.213043
0.321782
0.911819
0.470222
0.0794755
0.835187
0.232992
0.823425
0.281093
0.268923
0.0847391
0.0563862
0.0463068
0.22456
0.0962491
0.116589
0.646992
0.0613968
0.430826
0.958717
0.577093
0.750786
0.756795
0.36659
0.594191
0.466336
0.0644847
0.202104
0.90367
0.621397
0.266421
0.730796
0.275885
0.127731
0.54073
0.909476
0.0790603
0.66828
0.266898
0.314537
0.0869121
0.493738
0.195373
0.690469
0.109291
0.0733462
0.270348
0.701397
0.824681
0.170935
0.0449942
0.442469
0.0626205
0.468812
0.310093
0.251358
0.256085
0.899068
0.28338
0.501049
0.124447
0.249921
0.416645
0.0988232
0.853766
0.261772
0.0533155
0.108031
0.955767
0.0852925
0.0595016
0.435173
0.496193
0.26369
0.0389531
0.952356
0.858167
0.174004
0.0589035
0.844061
0.765761
0.913395
0.94261
0.329104
0.185052
0.0826762
0.0329939
0.0465076
0.0667524
0.474731
0.369232
0.280992
0.184163
0.259018
0.197408
0.0376144
0.859588
0.221009
0.907288
0.17283
0.167929
0.950851
0.27312
0.933885
0.857137
0.673998
0.512783
0.112303
0.0342036
0.518842
0.584783
0.565208
0.166309
0.724588
0.329039
0.423072
0.92671
0.136731
0.288256
0.03178
0.265014
0.17446
0.740607
0.943215
0.264042
0.814158
0.431685
0.0911315
0.534312
0.254478
0.0165843
0.0162803
0.0367884
0.850834
0.889858
0.48695
0.393786
0.415182
0.639416
0.269836
0.0722208
0.689351
0.202172
0.234877
0.935545
0.391969
0.26616
0.932103
0.403391
0.145007
0.0895791
0.84388
0.69707
0.153373
0.296117
0.0630761
0.828886
0.881703
0.611236
0.36491
0.159927
0.61224
0.611658
0.0423644
0.0641438
0.53654
0.43127
0.981229
0.475707
0.134082
0.176793
0.0288904
0.0909659
0.321009
0.115336
0.544491
0.518804
0.97557
0.887597
0.0184137
0.0505734
0.225461
0.158655
0.460209
0.281891
0.684159
0.0704027
0.243339
0.352315
0.243633
0.066095
0.251804
0.815559
0.730485
0.561481
0.444761
0.0296088
0.213984
0.119738
0.136555
0.272598
0.794667
0.303073
0.466094
0.707109
0.331403
0.17091
0.116384
0.830612
0.311311
0.422448
0.536942
0.783124
0.589541
0.684672
0.401828
0.667698
0.179533
0.0780208
0.0373769
0.902181
0.0957075
0.0360759
0.109655
0.1552
0.244183
0.176344
0.0970754
0.185673
0.135386
0.75429
0.0615426
0.0553619
0.107773
0.682089
0.232908
0.254081
0.0721233
0.6082
0.628687
0.747196
0.13297
0.485879
0.260736
0.371776
0.315443
0.11926
0.145379
0.103293
0.589203
0.357931
0.294304
0.0882837
0.127029
0.0564315
0.727199
0.0474673
0.0881852
0.120792
0.817286
0.216381
0.934305
0.931313
0.0943529
0.159701
0.148555
0.820309
0.749394
0.798929
0.258964
0.172112
0.81806
0.759268
0.386142
0.478539
0.501592
0.418452
0.181185
0.377327
0.154178
0.279951
0.219003
0.454832
0.911939
0.837352
0.346478
0.0692106
0.286467
0.816125
0.325528
0.694728
0.0363848
0.26179
0.186656
0.333354
0.0736541
0.856299
0.8632
0.0557403
0.643721
0.330817
0.620935
0.0541618
0.0397926
0.0314545
0.853173
0.0662817
0.365955
0.203502
0.0817825
0.923774
0.0373628
0.751473
0.379866
0.578967
0.945198
0.403821
0.0681245
0.0438795
0.102547
0.883675
0.314545
0.209918
0.292862
0.283951
0.708717
0.0426942
0.695463
0.0643885
0.03343
0.734298
0.0914172
0.0705772
0.243544
0.0264799
0.0663183
0.070623
0.247425
0.616524
0.115894
0.590601
0.359854
0.102943
0.0273011
0.11623
0.32972
0.381385
0.219709
0.258338
0.190357
0.0564085
0.395962
0.756635
0.872115
0.822946
0.0379178
0.0248862
0.149125
0.0229788
0.0833571
0.0492247
0.96508
0.318468
0.664016
0.258651
0.568146
0.112837
0.144859
0.0294294
0.0746056
0.190241
0.626527
0.663794
0.190962
0.854916
0.45216
0.219937
0.551727
0.152873
0.261329
0.965127
0.460574
0.953082
0.353089
0.884131
0.344036
0.660556
0.918663
0.886691
0.913299
0.287632
0.14247
0.7251
0.47356
0.38634
0.0632729
0.108713
0.60848
0.521006
0.422581
0.0591339
0.312539
0.0708563
0.0816186
0.087859
0.335637
0.396143
0.385081
0.151837
0.18567
0.15723
0.481999
0.103185
0.374363
0.745643
0.0411302
0.139506
0.0365689
0.384983
0.317421
0.709192
0.177398
0.359899
0.0556381
0.0473446
0.577796
0.597745
0.867469
0.599974
0.0178519
0.192731
0.738843
0.576553
0.362078
0.322562
0.0401281
0.0462353
0.0548853
0.90267
0.561974
0.768378
0.172979
0.038996
0.243544
0.450372
0.364259
0.222858
0.904587
0.129643
0.943259
0.298265
0.346252
0.858351
0.926895
0.906904
0.547426
0.237269
0.120201
0.600665
0.152796
0.827148
0.0523206
0.0358432
0.115935
0.856271
0.373928
0.797403
0.259191
0.493449
0.123741
0.0811477
0.0412434
0.4872
0.0591127
0.307615
0.475556
0.100721
0.0736548
0.231062
0.28046
0.518082
0.5364
0.72552
0.384335
0.749862
0.136177
0.37702
0.697632
0.123536
0.765871
0.166848
0.288607
0.913301
0.540139
0.0206543
0.364201
0.405465
0.0813238
0.726959
0.164276
0.0740806
0.41757
0.495115
0.883425
0.780187
0.204348
0.900578
0.0884117
0.566223
0.112829
0.368037
0.338291
0.392404
0.247876
0.954994
0.172261
0.243511
0.0934431
0.0986469
0.161073
0.0545878
0.171508
0.802473
0.165501
0.0490067
0.0548279
0.204065
0.168126
0.0985393
0.59508
0.342294
0.165302
0.871808
0.169744
0.086056
0.230785
0.491928
0.0480737
0.103836
0.161312
0.813957
0.168631
0.248251
0.54899
0.0158844
0.0213895
0.366665
0.564253
0.0459819
0.1807
0.0732695
0.03933
0.230692
0.0729205
0.064766
0.327988
0.333137
0.334284
0.163639
0.162244
0.176536
0.211484
0.323746
0.0580345
0.879971
0.0345255
0.313492
0.164784
0.104227
0.0482009
0.429825
0.161889
0.688246
0.556259
0.226342
0.262792
0.0831519
0.0233009
0.922049
0.665507
0.0781355
0.0468844
0.192096
0.0302601
0.701868
0.956191
0.119803
0.760719
0.275369
0.312197
0.0426707
0.960708
0.520407
0.440846
0.172224
0.770751
0.0538202
0.0347844
0.843656
0.0502397
0.872086
0.404651
0.634079
0.0313371
0.0261666
0.371212
0.492965
0.293
0.041131
0.71385
0.413763
0.0264808
0.0836761
0.046076
0.841021
0.929947
0.261613
0.227342
0.0604506
0.155977
0.879536
0.473118
0.115641
0.303461
0.0210908
0.74533
0.104354
0.0928513
0.146643
0.0496065
0.0342108
0.0810683
0.847516
0.103574
0.146195
0.492969
0.917962
0.133998
0.272744
0.0348414
0.102295
0.231611
0.0746036
0.16553
0.105684
0.299185
0.0555146
0.214558
0.0209803
0.0281163
0.0294848
0.0117403
0.0113623
0.0393194
0.046095
0.553433
0.139241
0.529391
0.17734
0.930427
0.943368
0.927982
0.793485
0.382093
0.109224
0.0929087
0.0558433
0.0942186
0.0369072
0.233239
0.867095
0.293234
0.282192
0.129363
0.41328
0.0685109
0.157475
0.219659
0.948008
0.948879
0.955964
0.950205
0.397241
0.0788782
0.0412691
0.0737679
0.910176
0.13871
0.0751049
0.0510622
0.0495324
0.0985099
0.0513123
0.0635669
0.0381241
0.259421
0.209402
0.127319
0.331035
0.967887
0.972316
0.95861
0.916603
0.960816
0.334835
0.0854632
0.0606143
0.311915
0.0802005
0.0582576
0.0871282
0.926103
0.759151
0.0422584
0.552961
0.0413517
0.0438282
0.120881
0.0129063
0.955126
0.929574
0.105031
0.967998
0.924968
0.913262
0.202343
0.731778
0.463046
0.217137
0.121217
0.838111
0.0181507
0.9491
0.0380173
0.0738833
0.276518
0.41365
0.0496067
0.937527
0.727997
0.346736
0.100999
0.723057
0.940156
0.873891
0.208325
0.919705
0.227666
0.431989
0.12821
0.936349
0.269172
0.168676
0.891031
0.93357
0.889553
0.801573
0.102473
0.692103
0.11565
0.298631
0.615445
0.0624338
0.124418
0.407573
0.157216
0.590392
0.0679709
0.15782
0.115905
0.918929
0.161701
0.629477
0.515596
0.391471
0.175279
0.281809
0.835949
0.248236
0.1891
0.865257
0.853997
0.396281
0.281897
0.0865527
0.351526
0.202501
0.102455
0.284305
0.353491
0.235
0.322095
0.109497
0.63586
0.267188
0.283103
0.564949
0.372287
0.848009
0.942659
0.539175
0.331557
0.0849248
0.936032
0.53034
0.604557
0.110298
0.539397
0.690299
0.380854
0.321762
0.393039
0.284118
0.940768
0.944777
0.839706
0.731972
0.961369
0.161612
0.197538
0.188529
0.52943
0.516697
0.0570592
0.172122
0.132206
0.562285
0.162358
0.29545
0.640491
0.529561
0.362347
0.427764
0.11791
0.89358
0.119026
0.267827
0.396874
0.276087
0.0399848
0.175731
0.543476
0.0188302
0.665394
0.0339677
0.259879
0.129982
0.74683
0.156891
0.798477
0.554237
0.0675904
0.0135676
0.786957
0.0275181
0.0747291
0.0224897
0.128894
0.0843352
0.0768218
0.317796
0.100738
0.0359603
0.0889056
0.0671375
0.0378021
0.0542852
0.0744865
0.0409822
0.10816
0.0412659
0.0122132
0.103023
0.0944094
0.108259
0.0667353
0.250439
0.283219
0.1233
0.30692
0.135879
0.0262668
0.363598
0.424801
0.0418106
0.0819382
0.0688509
0.683148
0.144256
0.17669
0.176426
0.0607863
0.0407193
0.144149
0.332385
0.0943404
0.0992599
0.0379695
0.0746281
0.0861366
0.486445
0.446537
0.187183
0.0674951
0.0623716
0.0533046
0.0983975
0.0421022
0.492965
0.190272
0.0754193
0.113862
0.201652
0.0534617
0.831441
0.0731816
0.0348655
0.0559406
0.617733
0.0803292
0.349385
0.199676
0.122723
0.0473345
0.0343244
0.128543
0.0929925
0.43477
0.087256
0.429416
0.377346
0.62776
0.238368
0.832197
0.0286398
0.107693
0.321706
0.491516
0.114017
0.669041
0.939527
0.496703
0.605996
0.114687
0.0865106
0.140165
0.0806118
0.028787
0.41488
0.116063
0.325657
0.0520923
0.055312
0.0468064
0.203686
0.0146775
0.0415354
0.136149
0.0663762
0.0459465
0.0631156
0.0490335
0.021106
0.112743
0.272788
0.0663908
0.02216
0.625845
0.289526
0.246721
0.173597
0.162699
0.184981
0.0610355
0.164225
0.375157
0.0263144
0.0655558
0.0931725
0.0513832
0.0805949
0.0382821
0.0480801
0.0417804
0.120569
0.0475817
0.377998
0.610117
0.0845191
0.0506476
0.555566
0.0519373
0.0267072
0.147106
0.139749
0.233815
0.150862
0.186255
0.0845868
0.288915
0.122781
0.0809767
0.0896998
0.226544
0.280293
0.134297
0.339182
0.0913859
0.299679
0.0356425
0.0366465
0.0516348
0.108737
0.145853
0.17797
0.142002
0.156268
0.162918
0.0198444
0.0424579
0.0509619
0.0876376
0.0476254
0.133142
0.135095
0.0942021
0.113632
0.0855968
0.134891
0.112242
0.0816653
0.189308
0.153709
0.237842
0.149046
0.158902
0.127768
0.0640788
0.0881584
0.199297
0.192999
0.228759
0.0338447
0.0880306
0.860876
0.0945755
0.0842992
0.0820749
0.113776
0.103319
0.0881671
0.129274
0.130027
0.396787
0.144548
0.303336
0.444481
0.0817389
0.467638
0.211101
0.1092
0.0447336
0.422663
0.0245257
0.0780781
0.120693
0.0354197
0.121961
0.0546756
0.175615
0.216319
0.0370423
0.211406
0.267892
0.0723887
0.129202
0.338205
0.111411
0.0485732
0.0185657
0.0229199
0.146833
0.185318
0.0428663
0.0315129
0.0344035
0.170286
0.021232
0.066314
0.0763867
0.051983
0.15134
0.175864
0.209323
0.37853
0.061639
0.146963
0.121368
0.0393198
0.174415
0.111373
0.149403
0.0528409
0.123879
0.0441998
0.0640124
0.0481513
0.274247
0.0764296
0.0563863
0.0870913
0.295416
0.726721
0.612041
0.225229
0.153702
0.375038
0.279944
0.941489
0.0335145
0.0882358
0.132715
0.566934
0.678047
0.230848
0.153583
0.442898
0.0251853
0.342866
0.546714
0.0649017
0.0205459
0.0266072
0.528135
0.571751
0.368618
0.339602
0.0947393
0.0722307
0.344984
0.0558667
0.0738131
0.431614
0.452302
0.121813
0.0549295
0.12514
0.294555
0.229455
0.0526336
0.157961
0.0449431
0.627335
0.270498
0.272055
0.0636033
0.073782
0.192256
0.0413582
0.154786
0.0971208
0.0330302
0.0620169
0.0873606
0.0509947
0.0311213
0.0264517
0.0874249
0.26451
0.288116
0.0933058
0.977717
0.968723
0.791659
0.0378647
0.731998
0.872424
0.0518253
0.0278376
0.666893
0.110749
0.091448
0.0576064
0.0261548
0.385128
0.0818747
0.0312444
0.245469
0.0691959
0.0736814
0.024969
0.136347
0.983274
0.942276
0.145997
0.581346
0.0752847
0.203576
0.149237
0.155183
0.0519513
0.174934
0.398803
0.233451
0.246398
0.374163
0.0755623
0.378201
0.0809373
0.384185
0.10253
0.571106
0.0603583
0.0495613
0.0979527
0.0365814
0.52696
0.0532765
0.0839432
0.28633
0.0815256
0.0795471
0.0340949
0.176031
0.13734
0.021061
0.0926279
0.23412
0.361927
0.164091
0.548497
0.228078
0.262783
0.0452517
0.0359712
0.0355841
0.0970603
0.147056
0.0531566
0.0289592
0.0796223
0.106175
0.0640723
0.164781
0.0721023
0.863434
0.027078
0.262772
0.203859
0.240902
0.0799001
0.0238515
0.0475551
0.852003
0.0236841
0.546487
0.505793
0.923387
0.0678019
0.0621578
0.0405343
0.0250843
0.0360794
0.0598305
0.031207
0.170628
0.0586707
0.284455
0.0706604
0.125518
0.0956672
0.0527898
0.466188
0.337548
0.432578
0.133243
0.163486
0.0630297
0.0587658
0.0173463
0.144163
0.0456612
0.759598
0.642237
0.0199076
0.100131
0.280214
0.0110773
0.0429277
0.256465
0.0814
0.0832238
0.242856
0.0855212
0.15563
0.0440951
0.0461
0.0970695
0.023055
0.0421394
0.0370397
0.0679189
0.0111436
0.0610812
0.0841377
0.154423
0.095436
0.0802191
0.0685684
0.363753
0.150571
0.0187386
0.0697038
0.482279
0.0427988
0.0556472
0.0785862
0.257384
0.0693867
0.195313
0.0261608
0.0403629
0.0513609
0.58363
0.936329
0.712232
0.164004
0.0327851
0.457505
0.0273505
0.132567
0.0406163
0.127292
0.847903
0.0352992
0.0810239
0.0380258
0.111133
0.0418263
0.0578692
0.0749354
0.127708
0.88212
0.376802
0.291661
0.149042
0.109962
0.261696
0.741723
0.0711626
0.0722829
0.796411
0.481978
0.803997
0.626892
0.0693178
0.947793
0.158809
0.198051
0.0122925
0.242825
0.100801
0.418623
0.650238
0.208782
0.235819
0.0316015
0.125905
0.144362
0.18376
0.147382
0.121772
0.0770531
0.0436213
0.0438472
0.0345597
0.0392802
0.853659
0.0676129
0.0435989
0.11181
0.0760106
0.0192459
0.243815
0.0942611
0.593772
0.0499926
0.105801
0.844632
0.0484284
0.203298
0.901252
0.0827048
0.0491473
0.129274
0.146949
0.0694339
0.110099
0.024123
0.0261603
0.0936414
0.406368
0.267314
0.802327
0.589524
0.554409
0.137154
0.0444564
0.117687
0.033611
0.0173178
0.0318349
0.108856
0.152338
0.343818
0.436273
0.227134
0.0538358
0.0200579
0.1453
0.0279859
0.162266
0.0348061
0.0407824
0.0183731
0.0287152
0.113367
0.0753477
0.0521827
0.164079
0.160272
0.026662
0.0530031
0.0518968
0.93448
0.847946
0.145337
0.118934
0.139656
0.167545
0.0805912
0.104623
0.044276
0.106103
0.699203
0.0978223
0.0396254
0.0331427
0.091528
0.0315757
0.0507812
0.13968
0.065061
0.0482244
0.773599
0.220309
0.0722675
0.0817945
0.0605664
0.0434476
0.314059
0.173888
0.0240863
0.033299
0.102912
0.0484836
0.139823
0.0460126
0.0962548
0.0662828
0.30401
0.0991816
0.0578541
0.0354079
0.607987
0.257301
0.430575
0.365359
0.278404
0.0411096
0.0240118
0.0416168
0.0530969
0.188634
0.0840218
0.244646
0.183916
0.0356839
0.10702
0.0217849
0.0403032
0.0823791
0.0566708
0.155075
0.793573
0.0273126
0.286471
0.0215101
0.608617
0.141001
0.0173994
0.2865
0.157059
0.557981
0.0549067
0.474358
0.148239
0.061638
0.0370231
0.152944
0.0997847
0.0576437
0.00989337
0.0842404
0.0395935
0.0893542
0.064694
0.887629
0.395737
0.861362
0.0304859
0.182683
0.0265758
0.164289
0.0300497
0.0197879
0.0789565
0.0206908
0.0970753
0.137437
0.0937686
0.0160225
0.228225
0.0647869
0.188225
0.230447
0.369587
0.702061
0.811895
0.151996
0.0451883
0.064339
0.11472
0.124909
0.0594452
0.465324
0.0399898
0.19889
0.0283276
0.0420866
0.0993857
0.0515371
0.117231
0.0552167
0.0797646
0.447082
0.07335
0.0818453
0.116723
0.130058
0.290691
0.0612599
0.0182276
0.131675
0.229119
0.0573233
0.116217
0.253516
0.0500521
0.0785506
0.195064
0.0866553
0.0610926
0.0382551
0.100306
0.0505216
0.0212287
0.103859
0.0477334
0.407404
0.124749
0.055223
0.0607249
0.282879
0.162203
0.0429287
0.295875
0.153116
0.0560251
0.0632258
0.121204
0.264424
0.0293838
0.0780381
0.0754084
0.0571646
0.0967549
0.0401688
0.140285
0.140065
0.100475
0.0644257
0.0212894
0.0712606
0.0848435
0.0497982
0.804121
0.485385
0.584379
0.060516
0.595871
0.62402
0.0249592
0.14616
0.0269519
0.0295544
0.020021
0.0659143
0.260097
0.0713672
0.115219
0.0276107
0.105121
0.545653
0.395421
0.135458
0.992081
0.9401
0.0996214
0.0188821
0.0335139
0.055147
0.812058
0.104042
0.440271
0.0648287
0.096886
0.225803
0.138966
0.0360725
0.292431
0.954116
0.0715616
0.61888
0.758321
0.771985
0.0571368
0.0490498
0.0547595
0.0896702
0.128346
0.0740244
0.0524445
0.0848478
0.395598
0.215143
0.0275034
0.02742
0.132995
0.333418
0.0336275
0.0210205
0.117624
0.161425
0.189695
0.0211582
0.129915
0.961855
0.0942587
0.0602696
0.216306
0.137574
0.147789
0.0579699
0.919546
0.113236
0.0397198
0.0525455
0.0629004
0.0415194
0.0389773
0.0800314
0.197319
0.145534
0.233921
0.667552
0.022258
0.151669
0.297832
0.442131
0.0661844
0.257672
0.0300877
0.287162
0.0368491
0.0431299
0.120136
0.11759
0.0732077
0.162683
0.031161
0.54452
0.507007
0.0954472
0.19286
0.0451578
0.0886224
0.0275746
0.0422238
0.0773839
0.0476342
0.053949
0.0946759
0.105957
0.0457865
0.0817465
0.25656
0.163794
0.134173
0.100247
0.0536859
0.0661473
0.0520658
0.0216312
0.15355
0.0373726
0.0513751
0.340348
0.200678
0.115672
0.378519
0.377252
0.0640131
0.0707577
0.0951815
0.0546028
0.115744
0.824045
0.299449
0.0740042
0.177175
0.263374
0.0948089
0.0400662
0.142991
0.474944
0.0489788
0.112263
0.0731013
0.542541
0.280595
0.91773
0.19741
0.143459
0.0899568
0.100623
0.259008
0.136563
0.208524
0.0588709
0.739539
0.114241
0.0604813
0.173219
0.0387568
0.164382
0.0347099
0.0586029
0.118183
0.210302
0.0456842
0.0371322
0.0352009
0.639312
0.336254
0.123097
0.301871
0.161199
0.0380814
0.345104
0.102954
0.280551
0.0568709
0.271083
0.182843
0.196009
0.24067
0.116883
0.026574
0.0758316
0.145799
0.275847
0.388751
0.549047
0.448023
0.302336
0.0341805
0.0664808
0.0327664
0.135067
0.369766
0.0400767
0.0606361
0.0438903
0.120522
0.123556
0.183003
0.346452
0.0896382
0.173402
0.0444882
0.0936244
0.957078
0.861836
0.258044
0.0547311
0.0332078
0.218747
0.209753
0.0595276
0.46197
0.106696
0.0346277
0.0632171
0.0743001
0.113195
0.0781596
0.120625
0.0976332
0.0262401
0.14835
0.0495435
0.35013
0.100546
0.285783
0.0865315
0.299382
0.355036
0.212483
0.126035
0.0674368
0.0981993
0.0802186
0.9785
0.987699
0.930733
0.0284598
0.805886
0.0654089
0.0280198
0.0295193
0.159089
0.163928
0.0349784
0.0881657
0.111955
0.0857274
0.0434822
0.0634295
0.0270697
0.589631
0.201064
0.0351683
0.145115
0.157471
0.0472856
0.0648758
0.207421
0.0473678
0.0968463
0.146355
0.56166
0.0586787
0.283292
0.0398334
0.0253558
0.119
0.115479
0.492573
0.0752224
0.0613529
0.109016
0.136901
0.0303392
0.418748
0.0972066
0.0718315
0.128248
0.123713
0.039028
0.245615
0.132583
0.0168252
0.0541931
0.0722895
0.0362354
0.263238
0.120364
0.0353601
0.0413775
0.268815
0.163527
0.166962
0.273597
0.0399975
0.013802
0.0855148
0.095151
0.0732228
0.0757593
0.229608
0.0355448
0.155783
0.0205221
0.131386
0.819721
0.880259
0.666321
0.23096
0.0384902
0.0354417
0.0871658
0.626265
0.144762
0.142315
0.134911
0.0865643
0.102911
0.0282952
0.104843
0.972073
0.0769428
0.0612318
0.0420615
0.775821
0.70366
0.0558749
0.604197
0.270699
0.291791
0.195265
0.26725
0.0266866
0.430181
0.158733
0.443547
0.300286
0.0293669
0.0936154
0.0849197
0.260586
0.131265
0.122532
0.625105
0.355751
0.0811694
0.413441
0.470548
0.317644
0.0946109
0.124708
0.0460235
0.326913
0.249756
0.08954
0.167366
0.106339
0.0562383
0.110632
0.805583
0.380405
0.134592
0.0429411
0.953215
0.229132
0.277191
0.310479
0.0514093
0.667706
0.20802
0.333963
0.106883
0.048574
0.178611
0.0422416
0.078908
0.399667
0.120015
0.0196696
0.536773
0.337822
0.0890005
0.0781263
0.128462
0.142406
0.108233
0.0343408
0.0224411
0.0887201
0.0766
0.0255566
0.0601658
0.100536
0.21777
0.204871
0.237247
0.0642977
0.881437
0.0482997
0.103111
0.0369805
0.529216
0.188184
0.189391
0.118518
0.277311
0.867249
0.862895
0.930277
0.555471
0.385955
0.846391
0.863171
0.652969
0.771463
0.597278
0.76505
0.0751227
0.123421
0.619564
0.364724
0.0799974
0.677493
0.582496
0.0425332
0.0986533
0.068942
0.599779
0.655724
0.0942
0.281016
0.252121
0.172721
0.178486
0.0256881
0.444292
0.0281794
0.92917
0.645563
0.211539
0.0730761
0.077047
0.129506
0.194289
0.16916
0.201001
0.354616
0.118551
0.0248195
0.0743013
0.0462887
0.0386804
0.679135
0.465081
0.217335
0.144458
0.202013
0.0350785
0.032222
0.0569738
0.0308471
0.190589
0.134836
0.605486
0.759217
0.245248
0.36821
0.0823193
0.027853
0.101566
0.128274
0.120407
0.0778043
0.0381613
0.0676577
0.00712028
0.0221314
0.0533102
0.0489561
0.446992
0.552222
0.0340273
0.144408
0.0169631
0.0553627
0.0349315
0.254931
0.146475
0.127357
0.266713
0.42912
0.059197
0.0710366
0.24831
0.029085
0.172848
0.0225927
0.0344651
0.611675
0.0801119
0.023732
0.91522
0.0819048
0.695951
0.083901
0.669815
0.132599
0.524342
0.384745
0.200462
0.267191
0.187146
0.839857
0.364902
0.0746195
0.390361
0.921401
0.499087
0.104808
0.35383
0.0172968
0.161189
0.163782
0.150654
0.0271772
0.427162
0.060127
0.237283
0.270583
0.127549
0.198021
0.0704025
0.0165019
0.260555
0.597606
0.458229
0.26232
0.216358
0.468383
0.0300876
0.118617
0.319734
0.109314
0.38754
0.152344
0.0349453
0.0232916
0.0259556
0.0992447
0.156067
0.0348576
0.140423
0.0521601
0.034998
0.0601692
0.0819482
0.129434
0.15967
0.0836958
0.0237658
0.106044
0.016304
0.0828285
0.164966
0.0486148
0.0347039
0.274911
0.513082
0.0327778
0.76548
0.111273
0.169904
0.947695
0.127863
0.81679
0.0346776
0.949266
0.566843
0.393178
0.576456
0.0845858
0.0592567
0.0607684
0.0485301
0.136063
0.288041
0.0471829
0.0809637
0.125503
0.845087
0.607489
0.179951
0.0289295
0.0740366
0.824224
0.0535939
0.104388
0.0468459
0.117347
0.689632
0.913643
0.0588041
0.582461
0.899407
0.666113
0.263666
0.27979
0.576603
0.130945
0.0490278
0.0408751
0.159747
0.0639364
0.0507936
0.0837324
0.123706
0.0170116
0.364785
0.595035
0.0165655
0.0796347
0.327308
0.157556
0.0679199
0.241819
0.696252
0.474385
0.352462
0.877028
0.0198742
0.0344471
0.0998078
0.195963
0.794869
0.035485
0.0626967
0.935243
0.291632
0.0610507
0.0493598
0.108891
0.0490777
0.218935
0.316272
0.0360117
0.239493
0.125263
0.0411095
0.473782
0.315315
0.145402
0.0534417
0.0358268
0.140351
0.906148
0.14536
0.0564766
0.0885037
0.0432063
0.065442
0.140536
0.0360174
0.0971565
0.185337
0.0751816
0.0521941
0.167818
0.383482
0.338947
0.156033
0.120814
0.0793286
0.4654
0.082122
0.0332077
0.021382
0.985959
0.943256
0.309464
0.107033
0.0807899
0.179903
0.0149512
0.453574
0.0215448
0.0551927
0.300952
0.0486637
0.067255
0.0376043
0.0414388
0.102968
0.201568
0.0800764
0.0204972
0.0564421
0.089311
0.109617
0.0589693
0.893324
0.805866
0.843075
0.127048
0.0533396
0.297458
0.951972
0.925546
0.0636182
0.118959
0.0433977
0.818298
0.0175254
0.0657766
0.164307
0.0439062
0.0984382
0.0125936
0.0244589
0.0304166
0.142071
0.307431
0.166581
0.027662
0.0476203
0.5114
0.0986861
0.845947
0.904313
0.0768051
0.0521832
0.0878044
0.0492568
0.0643666
0.47528
0.292349
0.029373
0.0399532
0.0388928
0.0543601
0.784585
0.871359
0.622945
0.977497
0.139365
0.0552551
0.0182935
0.105456
0.854292
0.959884
0.923093
0.491806
0.673187
0.0348434
0.0400559
0.908193
0.0238202
0.0845675
0.0694218
0.886879
0.036409
0.0251639
0.0598781
0.0227289
0.117093
0.032657
0.0618474
0.0208456
0.0343629
0.861919
0.071502
0.611244
0.0441491
0.902387
0.963726
0.693353
0.785483
0.438171
0.113669
0.447497
0.163926
0.389031
0.0849124
0.225988
0.467103
0.874722
0.32148
0.180678
0.183308
0.0306958
0.888113
0.0438727
0.474615
0.122171
0.904326
0.811926
0.989981
0.968802
0.97557
0.967371
0.232561
0.333737
0.0718491
0.40865
0.0683199
0.196512
0.472013
0.100427
0.195191
0.0577233
0.0657275
0.45816
0.202786
0.154984
0.289801
0.239701
0.043597
0.0361236
0.0371102
0.0880441
0.117443
0.218036
0.0896976
0.0499906
0.045048
0.072338
0.152338
0.230482
0.0803993
0.0885469
0.039205
0.24672
0.357121
0.0387561
0.0440175
0.118533
0.132887
0.0411859
0.171544
0.53596
0.0312343
0.216052
0.920988
0.95005
0.222627
0.0372195
0.128865
0.215444
0.333804
0.0661296
0.144869
0.850164
0.063277
0.0685625
0.476811
0.355233
0.0427591
0.0426555
0.0411378
0.190439
0.0922882
0.0258693
0.565107
0.513514
0.116246
0.042695
0.289221
0.234805
0.127588
0.0223542
0.0223079
0.040828
0.0358755
0.0568321
0.0509851
0.0854261
0.212022
0.0613268
0.0526313
0.115095
0.078971
0.0671958
0.0281882
0.144189
0.0408072
0.151497
0.0250167
0.068295
0.0100448
0.0472273
0.077974
0.0909979
0.0367531
0.208091
0.0533135
0.623203
0.0742986
0.106307
0.0304071
0.177322
0.0449649
0.0197322
0.0165288
0.0611601
0.0489454
0.906665
0.103254
0.554822
0.383734
0.258627
0.0517795
0.341685
0.102109
0.352134
0.0992437
0.406595
0.154749
0.279161
0.702663
0.160806
0.0192931
0.314813
0.258929
0.136948
0.173174
0.0558561
0.109446
0.213563
0.0553838
0.0312053
0.0180585
0.0429476
0.0296835
0.308372
0.896525
0.86708
0.310125
0.221183
0.164181
0.0747189
0.0877021
0.15964
0.0299052
0.140814
0.0979657
0.0316872
0.617134
0.027082
0.031707
0.912499
0.059052
0.0508468
0.0523733
0.0513012
0.0739684
0.0290229
0.0701087
0.0798618
0.0448418
0.0870876
0.302092
0.0964047
0.0282631
0.0516304
0.0124901
0.16433
0.0308554
0.296493
0.0194461
0.0550524
0.231307
0.0691537
0.00817663
0.0464506
0.117268
0.116938
0.0864757
0.518233
0.0572563
0.0450298
0.201479
0.321466
0.834106
0.287067
0.109211
0.0349038
0.537664
0.237433
0.20362
0.0637322
0.0322091
0.248977
0.131684
0.017139
0.065864
0.0558316
0.322907
0.0424873
0.0582249
0.0704198
0.0574699
0.143477
0.264795
0.0452417
0.0431055
0.0919898
0.0537071
0.122562
0.065198
0.0307314
0.0723017
0.160321
0.329985
0.134901
0.171795
0.135999
0.132365
0.149437
0.105931
0.157872
0.118988
0.344485
0.22653
0.0449727
0.052817
0.182695
0.0220735
0.0339698
0.129177
0.0814782
0.192653
0.107838
0.100393
0.0429383
0.060966
0.0705868
0.00940104
0.024518
0.164835
0.0981101
0.0452539
0.966412
0.901142
0.972929
0.0354726
0.134903
0.0579742
0.268805
0.310931
0.0726624
0.348906
0.283469
0.643683
0.230219
0.241342
0.0781174
0.611743
0.83233
0.343018
0.0455611
0.0994144
0.117168
0.0472491
0.0791975
0.57489
0.231766
0.05027
0.062381
0.20602
0.069315
0.0399573
0.251752
0.0777257
0.0733503
0.250225
0.290935
0.373058
0.147452
0.278515
0.0419496
0.206951
0.159995
0.0356896
0.165675
0.234873
0.0577997
0.228909
0.369385
0.0280609
0.931481
0.325306
0.117219
0.623848
0.105405
0.499679
0.918124
0.335095
0.05776
0.555227
0.0722788
0.497196
0.203892
0.26754
0.0856164
0.0596095
0.060486
0.108045
0.100605
0.0938359
0.126154
0.0194942
0.0393549
0.190921
0.056006
0.0498678
0.0821168
0.0358669
0.146791
0.414628
0.277733
0.069681
0.364198
0.380325
0.063956
0.0401345
0.496109
0.0952328
0.264579
0.132458
0.192787
0.0889402
0.55019
0.0626238
0.0475764
0.041736
0.207187
0.0552142
0.0504752
0.0317543
0.247104
0.0740609
0.349484
0.635234
0.105261
0.0442943
0.229262
0.0480272
0.0337154
0.128351
0.0333963
0.185116
0.103315
0.804394
0.232405
0.324045
0.730365
0.51974
0.39942
0.429837
0.0942805
0.129235
0.706487
0.832895
0.54253
0.0438541
0.0769417
0.132099
0.0733276
0.0286903
0.0654044
0.258519
0.406374
0.0567317
0.825136
0.247827
0.244636
0.447602
0.0512877
0.270987
0.0816504
0.250442
0.170852
0.696824
0.107827
0.180369
0.249067
0.598976
0.530689
0.0788578
0.0887067
0.252594
0.232868
0.0499686
0.128045
0.19342
0.128038
0.0602522
0.0785841
0.400217
0.0305019
0.243443
0.686758
0.0887511
0.0271577
0.158377
0.385812
0.351374
0.217101
0.150588
0.284597
0.2425
0.178631
0.692632
0.15035
0.133855
0.0956712
0.0319856
0.151507
0.122375
0.124052
0.366867
0.187899
0.151601
0.125276
0.114579
0.219553
0.361705
0.132858
0.0423401
0.0809385
0.147892
0.271263
0.098396
0.110366
0.119422
0.0954554
0.0571842
0.140938
0.0480524
0.021466
0.150543
0.0997279
0.264013
0.128093
0.313664
0.0340749
0.151922
0.857907
0.255759
0.0898367
0.428832
0.0367671
0.0324137
0.037812
0.247168
0.155996
0.0152204
0.560538
0.0479546
0.0410427
0.0303003
0.0399158
0.158482
0.339952
0.0907585
0.464256
0.679784
0.0594271
0.381016
0.132677
0.205911
0.0505286
0.121937
0.222667
0.0485589
0.262995
0.094895
0.174565
0.703256
0.0583885
0.112745
0.365852
0.0595489
0.660416
0.264544
0.233508
0.227868
0.0710394
0.022102
0.348126
0.0641153
0.0459111
0.0975213
0.0441172
0.0496708
0.0626869
0.106718
0.122721
0.038816
0.0412089
0.351403
0.252445
0.298798
0.106424
0.137605
0.0426344
0.156018
0.0957338
0.258936
0.0853376
0.238551
0.0611745
0.074095
0.0441557
0.0957906
0.0253341
0.141355
0.0740335
0.157205
0.224499
0.49488
0.0611472
0.0969578
0.0920171
0.0777501
0.0318163
0.0385168
0.0839734
0.193356
0.0199038
0.285573
0.667174
0.336268
0.181083
0.0335837
0.0316137
0.239792
0.0823647
0.115005
0.347207
0.0989403
0.200228
0.135767
0.0396557
0.165074
0.142789
0.0492198
0.0264945
0.166385
0.180854
0.185579
0.338593
0.4367
0.0840835
0.1499
0.283008
0.303324
0.078753
0.0504841
0.0337961
0.128714
0.0419514
0.0245806
0.145659
0.0628905
0.0604144
0.0208817
0.0227217
0.0402139
0.0471121
0.0965125
0.409533
0.142762
0.0362133
0.0882778
0.24969
0.319704
0.144582
0.0179501
0.139311
0.11231
0.101242
0.043632
0.0992837
0.129995
0.251126
0.0963027
0.178541
0.114123
0.111383
0.135864
0.145114
0.328763
0.205345
0.358955
0.0365597
0.476756
0.0546726
0.098772
0.47662
0.100662
0.0988863
0.154289
0.206584
0.128381
0.123399
0.111938
0.0475958
0.056243
0.0492618
0.159013
0.147115
0.420438
0.105441
0.0171521
0.0870186
0.0769093
0.042211
0.0201634
0.0521917
0.130497
0.45456
0.175182
0.0297308
0.25595
0.0629076
0.572312
0.30748
0.597563
0.313306
0.342254
0.153835
0.45882
0.178633
0.0294662
0.0820917
0.0382155
0.0223762
0.320689
0.0636692
0.092887
0.150999
0.517034
0.0542184
0.0546279
0.119884
0.071653
0.120735
0.0408346
0.042586
0.0434564
0.214351
0.781543
0.0488228
0.0383204
0.101029
0.248343
0.0397817
0.0520078
0.0752646
0.113289
0.288992
0.183848
0.238854
0.364329
0.0465337
0.0896656
0.0694171
0.0508252
0.0401817
0.0209268
0.0244024
0.218236
0.0215135
0.123595
0.061961
0.0312731
0.0630292
0.476624
0.338194
0.0788634
0.59415
0.0727998
0.0318085
0.0550976
0.113977
0.105613
0.146895
0.180083
0.437605
0.0692544
0.0335394
0.182312
0.0633042
0.103303
0.278944
0.0346015
0.253894
0.130618
0.164122
0.0304357
0.0255158
0.0242785
0.0367108
0.0368105
0.117454
0.0522005
0.0133545
0.0388904
0.027452
0.0674298
0.105619
0.0125759
0.080593
0.0433345
0.0425158
0.072386
0.408341
0.0609153
0.169173
0.126885
0.120072
0.0495448
0.0943191
0.215171
0.0813979
0.109726
0.158016
0.0177627
0.0583303
0.0372927
0.149011
0.282637
0.513756
0.50661
0.0373624
0.154273
0.241481
0.0960863
0.14894
0.0811929
0.0865677
0.124355
0.343361
0.187384
0.0425232
0.128229
0.166049
0.132147
0.128249
0.157019
0.0528907
0.261965
0.131988
0.231551
0.180634
0.0722405
0.130258
0.0989832
0.089533
0.708989
0.218544
0.378199
0.0511747
0.102177
0.204907
0.158269
0.129051
0.0504398
0.0261426
0.0640604
0.0493063
0.0634377
0.492796
0.0259765
0.0630578
0.0319066
0.040123
0.0827161
0.0328184
0.149506
0.131813
0.129283
0.0731082
0.0467489
0.0584307
0.0800366
0.0658427
0.0816683
0.213901
0.203738
0.0716317
0.035853
0.0649332
0.0626822
0.0847098
0.0408276
0.0227995
0.0717034
0.129632
0.0596982
0.0157205
0.0265356
0.0344699
0.0255469
0.190849
0.0381706
0.0855863
0.0570517
0.0497432
0.632764
0.0603939
0.0250358
0.0333878
0.122724
0.123336
0.044964
0.0320043
0.060131
0.134144
0.477006
0.0270116
0.0486776
0.0313854
0.113322
0.0886773
0.0915301
0.0872862
0.0802489
0.111665
0.227596
0.114195
0.0236934
0.410426
0.0171188
0.0567631
0.0750047
0.223049
0.026303
0.0169856
0.0282884
0.233883
0.107607
0.0531704
0.1588
0.0360137
0.0877824
0.117623
0.0599019
0.0536016
0.0459198
0.0397288
0.0530625
0.0135725
0.0591019
0.0237719
0.0990071
0.068827
0.0164985
0.0588625
0.11031
0.0467321
0.0719555
0.0888511
0.100652
0.138431
0.0423015
0.132964
0.0610514
0.0393653
0.112615
0.186862
0.0974441
0.0687022
0.0564267
0.0845634
0.158254
0.196537
0.0337287
0.0401372
0.041372
0.0360301
0.101186
0.0383393
0.0715592
0.0244281
0.113675
0.216813
0.0548407
0.20637
0.0413308
0.199239
0.0684334
0.0567849
0.253295
0.0839109
0.0150875
0.415815
0.08925
0.318959
0.04837
0.074646
0.236599
0.229663
0.0902137
0.0838316
0.270366
0.0777372
0.0697493
0.0480374
0.169966
0.182939
0.402103
0.0169001
0.0554665
0.043474
0.107666
0.0915072
0.114006
0.15118
0.0593937
0.100205
0.471082
0.0345982
0.266019
0.0661371
0.118612
0.209701
0.291093
0.109373
0.0514146
0.1674
0.326703
0.0421221
0.0606182
0.0748913
0.0365958
0.129519
0.175649
0.330668
0.0720948
0.0689409
0.106515
0.069425
0.0452703
0.416236
0.156645
0.0550536
0.0418997
0.0231738
0.0691955
0.0295703
0.170801
0.0523039
0.041194
0.0674259
0.0146429
0.151473
0.0962597
0.181644
0.0705994
0.145293
0.0870687
0.0642026
0.040679
0.07167
0.110063
0.0489963
0.0676708
0.0161248
0.0477151
0.0704363
0.218688
0.143001
0.0752136
0.0300202
0.0171935
0.0415442
0.025097
0.0212888
0.0985468
0.111142
0.0308992
0.0317174
0.0260526
0.425924
0.031726
0.527202
0.227912
0.0321884
0.028496
0.0372287
0.0387431
0.0613007
0.0319308
0.0791434
0.0242178
0.125886
0.0563238
0.0434624
0.0185295
0.0911707
0.226282
0.0621554
0.18944
0.0556455
0.195385
0.271979
0.40113
0.200869
0.15034
0.0227395
0.0195633
0.0968922
0.106143
0.624207
0.0730043
0.121697
0.0186631
0.114735
0.260863
0.0588658
0.0164295
0.0786201
0.0523312
0.02753
0.0760976
0.0346074
0.592498
0.0965146
0.0399754
0.0409495
0.118281
0.0641134
0.0730934
0.0718507
0.220238
0.166155
0.130448
0.0477998
0.0351719
0.0581082
0.0664131
0.0990172
0.0410962
0.0438075
0.0323391
0.0647518
0.040506
0.0349
0.0232899
0.398607
0.0274908
0.0209629
0.0412319
0.125157
0.0209096
0.125703
0.014472
0.0617404
0.0619288
0.060018
0.507264
0.311419
0.496259
0.0236745
0.0487191
0.0306636
0.0520215
0.0340386
0.126531
0.0989705
0.0907147
0.14444
0.187509
0.0185108
0.0542448
0.06547
0.0251447
0.05881
0.0917551
0.0513016
0.0187036
0.0478253
0.085424
0.0403381
0.0317947
0.0708391
0.135364
0.252369
0.113954
0.0163624
0.0464459
0.181998
0.111837
0.0522725
0.0378435
0.201538
0.0851399
0.532509
0.49565
0.0369487
0.33664
0.0479522
0.474376
0.221094
0.0589788
0.13285
0.0879362
0.140785
0.0688426
0.0355836
0.0353146
0.0392813
0.365395
0.0757343
0.0933837
0.0489964
0.0852375
0.0873714
0.0544741
0.430946
0.397244
0.0259314
0.0233859
0.0152606
0.189867
0.361526
0.128477
0.0588603
0.0492254
0.0371062
0.0518017
0.0595533
0.037558
0.106279
0.0553254
0.215734
0.236458
0.10469
0.0132732
0.0355412
0.0562039
0.0964926
0.104707
0.504597
0.0253397
0.0540878
0.146701
0.0558908
0.107842
0.165576
0.045454
0.0847827
0.0634677
0.0260159
0.034594
0.110002
0.0277042
0.0408212
0.0268985
0.330123
0.0435328
0.0922329
0.0165921
0.0405655
0.0272967
0.317419
0.120128
0.103597
0.126281
0.156488
0.112179
0.0598135
0.0330908
0.0513184
0.169489
0.260136
0.0350588
0.0715506
0.0342347
0.112592
0.153448
0.0324838
0.0580383
0.0596719
0.0312977
0.156669
0.0305368
0.175209
0.0375035
0.0593928
0.0208989
0.0714829
0.0877995
0.0499877
0.0877587
0.365665
0.0380684
0.0740109
0.040038
0.171775
0.0250802
0.0447149
0.0220797
0.0351797
0.0506529
0.0543975
0.0504628
0.030696
0.0589388
0.0430541
0.4376
0.14349
0.188121
0.0372677
0.0970307
0.432656
0.0279811
0.0212602
0.147844
0.115486
0.0147722
0.0864258
0.09376
0.0477761
0.0336016
0.0390067
0.0281821
0.0908876
0.0780341
0.19614
0.101356
0.129174
0.0287384
0.0740445
0.0198038
0.0377054
0.056857
0.185609
0.218296
0.0897797
0.0580565
0.0827357
0.0641777
0.0297628
0.0504779
0.113004
0.0537235
0.0360692
0.00945685
0.00943238
0.0412004
0.0424461
0.103294
0.0280503
0.0500408
0.104728
0.0905828
0.0529523
0.0405503
0.0517207
0.1759
0.0763566
0.137308
0.0355404
0.0512639
0.0754074
0.0393206
0.0793194
0.0957892
0.0975163
0.0839113
0.0526971
0.0420131
0.0391411
0.00874351
0.023654
0.23231
0.0412624
0.013245
0.174184
0.0268015
0.154011
0.1414
0.322764
0.206196
0.0728429
0.41963
0.0228665
0.0542428
0.0493377
0.72263
0.0397451
0.051165
0.0541392
0.156947
0.139087
0.0642826
0.0735207
0.298446
0.13873
0.0487729
0.0418654
0.155977
0.0540268
0.03283
0.0785337
0.065665
0.507854
0.113984
0.0287885
0.227836
0.0426642
0.117899
0.0392721
0.0607073
0.208218
0.0450088
0.177859
0.156577
0.0296521
0.0953179
0.171182
0.0475806
0.123953
0.0225928
0.0941847
0.0445411
0.0468677
0.06547
0.0496373
0.0520756
0.0170094
0.0203993
0.10167
0.0345357
0.0309013
0.0388723
0.0208988
0.0554272
0.113757
0.106251
0.0713095
0.0371831
0.140173
0.327779
0.132181
0.0438505
0.0286761
0.270595
0.0130121
0.0562891
0.0590442
0.0340895
0.0578916
0.0339143
0.0524488
0.0295501
0.0586396
0.0431495
0.0646861
0.0576622
0.0642998
0.193966
0.0781037
0.0419573
0.464021
0.200431
0.0811191
0.0248765
0.0515434
0.0495628
0.269994
0.0359892
0.0612093
0.0578
0.205482
0.0785496
0.0696749
0.0357364
0.0597823
0.0944813
0.0340191
0.144409
0.110182
0.0170805
0.0317114
0.0394295
0.039691
0.0925211
0.144336
0.0447109
0.0704201
0.0384999
0.0282973
0.0413812
0.0788048
0.240669
0.0834646
0.0885384
0.0317139
0.0235135
0.0190146
0.125812
0.0358842
0.0241438
0.100991
0.0410151
0.209131
0.102662
0.0341909
0.0522979
0.210125
0.0384759
0.20089
0.283482
0.054343
0.0407656
0.089898
0.0149325
0.0879715
0.0749034
0.0268469
0.0640321
0.0316203
0.0560159
0.137295
0.0683083
0.104024
0.0299984
0.064712
0.058656
0.134839
0.109106
0.0226806
0.0683888
0.148024
0.101423
0.113727
0.0926685
0.0138856
0.0659167
0.029796
0.0220329
0.0978994
0.130981
0.053187
0.117294
0.0569494
0.0824853
0.118395
0.056515
0.0284708
0.0796296
0.0342235
0.0595304
0.0585551
0.121162
0.0442482
0.107627
0.133895
0.697993
0.192871
0.0578349
0.119708
0.0990141
0.0236275
0.816157
0.103342
0.0692196
0.0317883
0.190184
0.0635364
0.107258
0.0276971
0.0773731
0.106803
0.04598
0.0637003
0.0440682
0.171581
0.0661141
0.0717884
0.0403714
0.110854
0.0590404
0.0761777
0.0276258
0.0465972
0.047555
0.0451691
0.0866664
0.0391863
0.0364991
0.0341523
0.119373
0.0760648
0.0893478
0.0950454
0.110362
0.10529
0.0176203
0.079202
0.237263
0.0479614
0.0606235
0.0224469
0.0931095
0.33617
0.0749402
0.0769334
0.209561
0.101997
0.0673714
0.0559461
0.0525324
0.132687
0.0384454
0.134821
0.0725288
0.193012
0.188879
0.162507
0.216107
0.112455
0.465902
0.0499139
0.0224854
0.0959326
0.0566533
0.321828
0.0699324
0.0765685
0.0859478
0.237872
0.0616607
0.0173015
0.212045
0.0783818
0.150101
0.143996
0.381734
0.0288838
0.0672238
0.0421529
0.0279151
0.141614
0.0299797
0.122339
0.0874381
0.0739635
0.069769
0.158984
0.043556
0.0528274
0.703056
0.0247704
0.0431913
0.267211
0.155873
0.274395
0.649962
0.304904
0.105717
0.114517
0.104945
0.0386987
0.0332574
0.128417
0.086369
0.0230467
0.0699585
0.0268501
0.0162706
0.0470302
0.030271
0.0417361
0.0355523
0.102263
0.0289603
0.0740314
0.0410612
0.0785522
0.0378073
0.0126472
0.0635017
0.297539
0.0417976
0.0177503
0.061818
0.109681
0.0405988
0.0311646
0.176061
0.312512
0.526674
0.0487215
0.0351448
0.0649675
0.0580026
0.0604444
0.356139
0.128461
0.0344108
0.0502387
0.515381
0.092639
0.0384102
0.171136
0.195353
0.0564951
0.0845232
0.0636285
0.0626192
0.143133
0.0531091
0.0590943
0.0346801
0.0347912
0.0640813
0.0357978
0.0233666
0.0700389
0.0847132
0.115978
0.0395337
0.0287719
0.0809462
0.0680171
0.0758622
0.028988
0.0393757
0.0494722
0.0577404
0.0240638
0.0770015
0.211987
0.101964
0.0380774
0.36373
0.0202893
0.157643
0.20015
0.0187129
0.0529504
0.0813835
0.0332645
0.140697
0.156359
0.0896433
0.0355206
0.235947
0.120754
0.227267
0.0409852
0.234962
0.115004
0.6469
0.0827841
0.213293
0.107092
0.058851
0.323432
0.0261956
0.0970856
0.0297305
0.0147059
0.0812134
0.0394609
0.211982
0.238215
0.0668352
0.10264
0.0853712
0.0545099
0.0929156
0.0112157
0.163523
0.0454607
0.127397
0.0993002
0.0406494
0.221484
0.10473
0.0912809
0.0320569
0.262125
0.67882
0.0829735
0.106682
0.13415
0.164068
0.137255
0.228792
0.0931412
0.374416
0.0254882
0.0119729
0.0683362
0.0328464
0.313569
0.0758898
0.0236231
0.0679952
0.0429563
0.0645665
0.0109431
0.0937016
0.0426996
0.0271073
0.0256339
0.092161
0.0704681
0.0593053
0.0326159
0.0661861
0.0212446
0.199508
0.0658326
0.115144
0.0590282
0.0919405
0.261592
0.0268475
0.0533642
0.186688
0.0773142
0.0391106
0.0633462
0.0422509
0.0157628
0.0756772
0.0271264
0.0301541
0.0656806
0.0642368
0.0604536
0.069627
0.68534
0.0593881
0.0335906
0.0378753
0.0319687
0.0185844
0.144975
0.0752134
0.0785092
0.0685717
0.0431184
0.0211916
0.050649
0.0805269
0.0630529
0.0571427
0.115739
0.0533732
0.0468531
0.118129
0.097369
0.273274
0.119093
0.0883671
0.360909
0.0153072
0.040998
0.0672273
0.200077
0.171866
0.214146
0.135679
0.229797
0.0746724
0.0365809
0.107239
0.0659036
0.493345
0.222655
0.10699
0.153192
0.163788
0.0331924
0.0433938
0.153424
0.197279
0.0455619
0.0256418
0.0262186
0.137047
0.374563
0.0360806
0.135156
0.104153
0.198349
0.0324987
0.18551
0.0857915
0.0959017
0.282044
0.141226
0.211618
0.360591
0.0764611
0.147365
0.0537135
0.0503725
0.158632
0.0273595
0.134769
0.16158
0.0179161
0.0174491
0.0424028
0.119089
0.0174955
0.110208
0.20534
0.0688179
0.0785889
0.0877188
0.0406671
0.0421085
0.0523084
0.0586887
0.168862
0.0309288
0.0573416
0.220125
0.0895086
0.0442742
0.040122
0.130067
0.0254365
0.0640168
0.0671776
0.25445
0.0633894
0.277439
0.0212886
0.0523907
0.153787
0.156677
0.069877
0.137707
0.212827
0.195237
0.0492683
0.0674357
0.060227
0.0187524
0.263372
0.0391607
0.0426123
0.0339899
0.0426758
0.176732
0.0476793
0.0758804
0.0720633
0.0258168
0.0234929
0.0706896
0.180121
0.276971
0.0516232
0.114364
0.0263844
0.015059
0.0599697
0.0571626
0.0185467
0.0589535
0.112523
0.038578
0.0277821
0.0293826
0.0544066
0.0258003
0.0620764
0.0291615
0.0387553
0.03927
0.0763298
0.0508447
0.0841878
0.0130283
0.252354
0.254676
0.220116
0.153397
0.143012
0.0930503
0.230302
0.0480879
0.0242969
0.00870601
0.0567975
0.238653
0.0930228
0.129745
0.375108
0.226106
0.0471273
0.1101
0.229798
0.112233
0.193504
0.12759
0.0444598
0.271349
0.14672
0.142549
0.062446
0.0392086
0.139567
0.126419
0.0623435
0.0796848
0.0725786
0.0485917
0.132237
0.0301424
0.214325
0.167675
0.0621295
0.320846
0.0785147
0.0709153
0.0726912
0.121983
0.199886
0.207094
0.0793349
0.0384076
0.0669402
0.36127
0.380478
0.0457162
0.261723
0.262068
0.132699
0.51413
0.0826461
0.258711
0.107123
0.0915296
0.0575217
0.107801
0.0740632
0.026841
0.155546
0.195291
0.112268
0.0919021
0.169453
0.0917662
0.119556
0.197949
0.461954
0.169072
0.124606
0.0603841
0.0785844
0.0342133
0.0489378
0.0432527
0.0374902
0.129492
0.374297
0.671451
0.244411
0.405476
0.525209
0.956861
0.858271
0.535718
0.385604
0.804179
0.901517
0.683192
0.543331
0.300019
0.616726
0.240213
0.195905
0.95571
0.469964
0.288968
0.273423
0.377573
0.558224
0.491087
0.522489
0.801968
0.18872
0.143355
0.145378
0.351898
0.299927
0.134901
0.975014
0.976324
0.982138
0.142154
0.0388312
0.648152
0.398279
0.809108
0.787381
0.974412
0.103614
0.0734321
0.894912
0.615664
0.701983
0.723445
0.618109
0.19997
0.377576
0.307249
0.622286
0.216834
0.87174
0.91001
0.472587
0.513082
0.901222
0.0981871
0.124501
0.474995
0.204907
0.218285
0.731438
0.747092
0.591137
0.0719554
0.215526
0.0885719
0.407715
0.925817
0.977268
0.376612
0.856901
0.340178
0.309968
0.696875
0.407074
0.81267
0.586734
0.808389
0.981669
0.106292
0.580428
0.872307
0.519793
0.174732
0.0732188
0.126356
0.164135
0.0216978
0.0303332
0.958369
0.584469
0.455799
0.277992
0.679217
0.9221
0.408476
0.216559
0.705226
0.92751
0.965415
0.96715
0.961544
0.474494
0.15143
0.780221
0.946903
0.794122
0.979677
0.435642
0.885467
0.690916
0.759522
0.225324
0.548856
0.529353
0.335893
0.777985
0.924736
0.866457
0.834569
0.245631
0.0579521
0.29914
0.775511
0.145401
0.0526884
0.0656981
0.0656087
0.0826166
0.0682935
0.197934
0.133759
0.26536
0.304398
0.253622
0.874877
0.874877
0.420612
0.235791
0.365461
0.471122
0.183066
0.0717682
0.0969795
0.415358
0.745787
0.275727
0.138806
0.151379
0.384605
0.316012
0.428487
0.608843
0.390976
0.0733103
0.605184
0.105196
0.832571
0.757892
0.210605
0.0458464
0.680267
0.540278
0.437453
0.280874
0.540028
0.603566
0.901871
0.936817
0.627423
0.709557
0.0788114
0.816358
0.45543
0.844235
0.481364
0.416721
0.067629
0.262728
0.178257
0.854607
0.331881
0.448819
0.265751
0.190411
0.87236
0.892705
0.943318
0.657162
0.397124
0.832119
0.203722
0.256063
0.17262
0.046498
0.0683615
0.584404
0.177543
0.628761
0.982284
0.135144
0.906067
0.25943
0.114266
0.420083
0.516772
0.705424
0.642796
0.075582
0.661622
0.361938
0.864985
0.0347729
0.110646
0.521648
0.171912
0.954861
0.956914
0.827258
0.141406
0.0798663
0.897727
0.943886
0.378601
0.669434
0.610108
0.285552
0.943409
0.583694
0.591421
0.0766275
0.334131
0.959188
0.402524
0.588162
0.525805
0.507862
0.491697
0.700112
0.470364
0.284311
0.747392
0.830198
0.780138
0.482573
0.847319
0.954102
0.914265
0.709848
0.945857
0.514031
0.346825
0.931476
0.517037
0.736321
0.798121
0.465466
0.544214
0.374859
0.113597
0.117095
0.280414
0.0606838
0.56633
0.486756
0.948854
0.627389
0.235926
0.614704
0.256484
0.847364
0.869539
0.699934
0.17804
0.3336
0.320766
0.403312
0.254341
0.329267
0.132134
0.962246
0.867398
0.839474
0.756307
0.0749761
0.42681
0.516861
0.750123
0.600597
0.441224
0.881196
0.990228
0.979312
0.21458
0.467514
0.272305
0.677056
0.918469
0.906022
0.526541
0.157886
0.709342
0.608691
0.69985
0.91599
0.927288
0.979596
0.902452
0.788944
0.257301
0.484881
0.919701
0.822166
0.265195
0.91854
0.920596
0.894197
0.153812
0.446152
0.729197
0.141237
0.919766
0.862328
0.944483
0.948096
0.422855
0.396984
0.772961
0.217852
0.504282
0.242693
0.959144
0.107741
0.292796
0.20674
0.201056
0.337016
0.181619
0.576334
0.523514
0.384111
0.595286
0.355778
0.274129
0.815261
0.0771422
0.24551
0.137446
0.195428
0.0940556
0.557649
0.400103
0.259806
0.507236
0.830935
0.934387
0.591143
0.829926
