0.228147
0.123889
0.368932
0.164477
0.782652
0.312817
0.163218
0.316486
0.301834
0.595382
0.0270609
0.220206
0.29713
0.809162
0.131346
0.922009
0.713754
0.279261
0.44838
0.0771592
0.317404
0.497706
0.145809
0.079154
0.603642
0.0925292
0.280666
0.160304
0.314178
0.441432
0.825273
0.763602
0.184717
0.278235
0.827641
0.113355
0.959857
0.600167
0.10439
0.951818
0.823247
0.52133
0.746614
0.253987
0.523035
0.937333
0.829059
0.368856
0.661339
0.563097
0.722877
0.363598
0.0568835
0.56796
0.492302
0.406594
0.504282
0.386
0.136627
0.800082
0.317875
0.971681
0.853708
0.858106
0.123142
0.199549
0.0461071
0.520894
0.176973
0.632915
0.756468
0.837809
0.530662
0.676089
0.151065
0.253791
0.024737
0.0638376
0.947537
0.0347117
0.0258373
0.230991
0.484381
0.345608
0.692102
0.50227
0.403305
0.971633
0.0862178
0.126454
0.332483
0.0821282
0.340522
0.807071
0.523885
0.669214
0.480652
0.246106
0.946474
0.10456
0.449645
0.0933766
0.143138
0.044666
0.060793
0.28992
0.714626
0.279703
0.859663
0.554915
0.880053
0.642387
0.20471
0.163499
0.703058
0.165628
0.855564
0.0387423
0.0291195
0.0456258
0.0200316
0.532775
0.0226101
0.811457
0.353119
0.931146
0.952087
0.93754
0.970774
0.676421
0.118602
0.158067
0.104469
0.352153
0.238423
0.648928
0.36426
0.307476
0.471004
0.0751895
0.121844
0.0550372
0.0226052
0.962874
0.171913
0.879564
0.0447828
0.274171
0.886199
0.371331
0.613723
0.249451
0.947178
0.879121
0.205447
0.573891
0.0552335
0.167041
0.139099
0.133854
0.291352
0.498606
0.156526
0.0613957
0.533665
0.0293769
0.6609
0.695385
0.933416
0.263207
0.245192
0.205903
0.514491
0.358061
0.0479342
0.146513
0.0878601
0.0610609
0.48488
0.706626
0.554758
0.830053
0.925888
0.0193934
0.305634
0.862282
0.933781
0.658469
0.0661714
0.0983865
0.330775
0.0156132
0.827952
0.556618
0.195135
0.386181
0.114723
0.0725189
0.878588
0.979074
0.0227719
0.086828
0.0170233
0.268877
0.956089
0.0728948
0.0961874
0.112973
0.143202
0.0795055
0.171695
0.116646
0.929231
0.0493344
0.160107
0.0367201
0.0652276
0.276569
0.815189
0.180658
0.0498583
0.607627
0.0506744
0.898985
0.341345
0.972214
0.776821
0.321146
0.720275
0.609427
0.304162
0.124224
0.652725
0.168435
0.48779
0.426528
0.0626743
0.822711
0.0361919
0.0836493
0.0940284
0.0811472
0.0377004
0.1303
0.574659
0.646085
0.994659
0.977999
0.492091
0.384373
0.82585
0.479963
0.0958455
0.25727
0.331491
0.147224
0.099234
0.107903
0.108293
0.113555
0.0908613
0.187967
0.28433
0.909717
0.581237
0.0861967
0.859943
0.177448
0.824492
0.174123
0.273882
0.0557504
0.0545892
0.0406247
0.163882
0.0863081
0.0842166
0.567863
0.0690481
0.419325
0.960867
0.765038
0.820943
0.859357
0.386432
0.62251
0.530384
0.0610288
0.208182
0.879054
0.582436
0.229436
0.858836
0.178702
0.133486
0.459286
0.87455
0.10796
0.737981
0.390075
0.240236
0.0737455
0.600353
0.25182
0.581551
0.142982
0.126087
0.294191
0.781396
0.839071
0.184932
0.0424851
0.535476
0.0356508
0.564676
0.350285
0.287407
0.191072
0.92828
0.322644
0.585327
0.137739
0.198569
0.371151
0.0813365
0.8842
0.272244
0.0593236
0.0888383
0.953093
0.0902915
0.0426524
0.332611
0.504246
0.217493
0.0357781
0.952109
0.884186
0.196387
0.0392309
0.795853
0.665024
0.919739
0.961188
0.43484
0.137437
0.0984467
0.0295157
0.0387055
0.0512093
0.514318
0.38829
0.369092
0.157609
0.338743
0.189959
0.0541514
0.908841
0.225532
0.830624
0.17896
0.21924
0.968143
0.164013
0.958021
0.771942
0.703696
0.546508
0.0921636
0.0154483
0.314265
0.716815
0.604124
0.266356
0.607186
0.381464
0.492728
0.941756
0.214955
0.392978
0.0281191
0.195013
0.154966
0.719958
0.964787
0.209678
0.896771
0.68776
0.114476
0.580298
0.437206
0.0149208
0.0108035
0.0323988
0.787215
0.848576
0.528421
0.437528
0.351526
0.647009
0.197068
0.071896
0.645863
0.225347
0.259732
0.889056
0.312637
0.234778
0.894062
0.357901
0.116087
0.0544249
0.890908
0.634458
0.181822
0.355605
0.0544529
0.850628
0.938127
0.432509
0.343395
0.169722
0.458139
0.534946
0.028584
0.052872
0.556562
0.288299
0.98158
0.632747
0.101219
0.18798
0.0198676
0.076399
0.322413
0.114379
0.599315
0.621308
0.980009
0.933736
0.018614
0.0314039
0.182695
0.0891794
0.3607
0.348298
0.614767
0.0578802
0.204882
0.307944
0.161186
0.0790827
0.189538
0.870683
0.732376
0.52223
0.612653
0.0248846
0.176225
0.125995
0.132158
0.254869
0.716341
0.492542
0.495181
0.648145
0.366943
0.216792
0.119748
0.747774
0.423922
0.437426
0.606158
0.656822
0.588149
0.722842
0.524618
0.721428
0.140094
0.0765066
0.0353166
0.92119
0.0858254
0.0359194
0.0932482
0.139845
0.187594
0.193234
0.133404
0.194701
0.163467
0.740457
0.0517689
0.048452
0.131327
0.571591
0.167998
0.250276
0.0626534
0.554537
0.673733
0.585336
0.133187
0.640892
0.198004
0.40146
0.394518
0.0933895
0.106163
0.120256
0.713484
0.454346
0.281483
0.0674513
0.112335
0.0655963
0.794573
0.0353451
0.0617312
0.121096
0.841892
0.225994
0.946615
0.911341
0.0701466
0.133848
0.146735
0.849793
0.661536
0.828771
0.213618
0.156346
0.887405
0.848075
0.497399
0.456893
0.778639
0.489981
0.232127
0.409093
0.282457
0.315055
0.198721
0.561346
0.945327
0.892626
0.346446
0.0591965
0.475414
0.740175
0.431744
0.709781
0.024703
0.229496
0.183691
0.57348
0.0760226
0.831554
0.814612
0.0470817
0.741424
0.275863
0.779033
0.057094
0.0497934
0.0215994
0.892925
0.0420814
0.409463
0.25421
0.0687163
0.900548
0.0313463
0.833022
0.314843
0.69515
0.964637
0.460516
0.054715
0.037052
0.091704
0.953742
0.352657
0.0929977
0.304278
0.194973
0.70089
0.0400067
0.781059
0.0797812
0.0257151
0.890239
0.0693963
0.0559201
0.160752
0.0122063
0.0593608
0.0727786
0.285339
0.661928
0.0729987
0.555351
0.411145
0.0962345
0.0190483
0.116053
0.263878
0.258395
0.241505
0.281447
0.25168
0.0332456
0.397893
0.784
0.864322
0.791653
0.0282852
0.0254003
0.0984842
0.0198249
0.0725112
0.0459768
0.967491
0.276027
0.759999
0.261477
0.397207
0.117123
0.122314
0.0174757
0.0685808
0.201389
0.704471
0.769981
0.151503
0.914981
0.445049
0.310978
0.526333
0.231117
0.233803
0.96425
0.712469
0.969702
0.310183
0.922247
0.396988
0.704032
0.885646
0.862369
0.896064
0.265464
0.126198
0.726783
0.517762
0.309173
0.0466702
0.0977197
0.603563
0.417407
0.581075
0.0524459
0.349517
0.0564486
0.0714832
0.0740261
0.269728
0.385172
0.307832
0.139138
0.210313
0.130747
0.438261
0.0856495
0.295901
0.805581
0.0406404
0.231868
0.048371
0.515212
0.199751
0.692163
0.113428
0.376658
0.0578785
0.0695707
0.568802
0.643914
0.925359
0.724128
0.00971309
0.162513
0.769827
0.457396
0.349756
0.358621
0.0230452
0.0514511
0.0591357
0.938269
0.527828
0.801988
0.14127
0.0474078
0.261784
0.459391
0.382472
0.287298
0.892583
0.127821
0.92056
0.250635
0.417785
0.875581
0.910278
0.930521
0.464685
0.250036
0.140827
0.644298
0.0876494
0.811075
0.0657479
0.0259573
0.105724
0.915924
0.594633
0.805554
0.255377
0.51819
0.0967425
0.06296
0.0211015
0.572607
0.0459435
0.522715
0.476029
0.112284
0.0502704
0.199008
0.232889
0.573507
0.557654
0.658637
0.252093
0.778724
0.109613
0.374266
0.695604
0.143653
0.672238
0.127478
0.323597
0.910471
0.66144
0.0176256
0.254338
0.365363
0.0590836
0.790873
0.137939
0.0382638
0.363267
0.312299
0.872413
0.87302
0.204928
0.927118
0.0735616
0.571694
0.133156
0.393291
0.290945
0.36512
0.223853
0.959694
0.150346
0.20962
0.0673445
0.0771889
0.108223
0.0527094
0.130441
0.863481
0.212661
0.0353107
0.0420992
0.168634
0.171988
0.108844
0.730772
0.341036
0.120549
0.925589
0.168564
0.0785822
0.246654
0.575834
0.0312562
0.0666649
0.170289
0.880262
0.139301
0.161838
0.49701
0.0131949
0.0145542
0.260284
0.442781
0.0440453
0.142595
0.0774361
0.0403078
0.158707
0.0638141
0.0647465
0.360274
0.413066
0.315741
0.152099
0.210175
0.209221
0.265928
0.409676
0.0594634
0.893281
0.0238781
0.365224
0.133178
0.123032
0.023615
0.53262
0.146446
0.676947
0.630143
0.18392
0.273023
0.0690392
0.0150992
0.92936
0.651782
0.0674265
0.0540178
0.257541
0.0226851
0.579234
0.949106
0.115929
0.85737
0.244061
0.418679
0.0341331
0.974168
0.283434
0.231496
0.286205
0.607556
0.0823456
0.0207184
0.84873
0.0431598
0.842163
0.375225
0.685086
0.0222262
0.0210814
0.322817
0.473996
0.195425
0.0303997
0.769301
0.490301
0.0249647
0.0823833
0.0585114
0.851024
0.944477
0.184908
0.227349
0.062702
0.165278
0.890746
0.423286
0.116292
0.195226
0.0150002
0.777011
0.153909
0.146067
0.162306
0.0389794
0.0225254
0.0622107
0.87658
0.0771075
0.14203
0.625559
0.90324
0.0992986
0.330136
0.0374031
0.114819
0.263626
0.0944145
0.140547
0.0902636
0.319717
0.0296034
0.236397
0.0252073
0.0199778
0.0380694
0.0149663
0.00837338
0.034383
0.0442678
0.63029
0.15538
0.644967
0.162338
0.935474
0.953528
0.921726
0.811939
0.453439
0.0743196
0.058532
0.08849
0.0787937
0.0387294
0.302543
0.806845
0.341572
0.284716
0.100863
0.434155
0.0583206
0.200768
0.33449
0.938874
0.937793
0.966956
0.939688
0.447335
0.059563
0.0365406
0.0494089
0.946225
0.161182
0.0765376
0.061832
0.0416991
0.118435
0.0551685
0.0383369
0.0287479
0.315125
0.15798
0.120087
0.278298
0.979689
0.98093
0.956642
0.900681
0.969946
0.418328
0.088413
0.0591497
0.266196
0.0565839
0.0392437
0.121328
0.925997
0.686623
0.0311691
0.552144
0.0379285
0.0284691
0.103969
0.0118588
0.976464
0.908322
0.0950837
0.969889
0.927044
0.942044
0.125099
0.634214
0.227794
0.196516
0.119533
0.854717
0.0117472
0.938072
0.0329564
0.0836405
0.30014
0.403933
0.0357878
0.884282
0.827678
0.415549
0.0685539
0.531506
0.955919
0.922686
0.225355
0.924859
0.372418
0.395825
0.167651
0.93097
0.135925
0.119729
0.918493
0.959576
0.941113
0.845293
0.0714716
0.567898
0.154003
0.357099
0.569111
0.0698178
0.104449
0.474491
0.10967
0.74253
0.0531775
0.110454
0.167746
0.904966
0.131751
0.758616
0.423174
0.410611
0.189893
0.313335
0.803364
0.238018
0.138666
0.876207
0.909849
0.335589
0.348043
0.0946733
0.414829
0.147356
0.0975933
0.393768
0.272205
0.298936
0.33419
0.152319
0.572989
0.141113
0.395857
0.654387
0.376725
0.896939
0.958392
0.737393
0.330505
0.0831043
0.963047
0.57808
0.644778
0.0960583
0.6126
0.704215
0.377487
0.377386
0.557097
0.270326
0.963758
0.969002
0.912392
0.74332
0.974743
0.215344
0.261814
0.30627
0.657596
0.66667
0.0669055
0.175545
0.115448
0.512138
0.168389
0.236067
0.667112
0.492997
0.286153
0.498661
0.145982
0.950116
0.127195
0.243668
0.473634
0.373826
0.0483307
0.187235
0.568505
0.017987
0.668981
0.0391262
0.235355
0.154133
0.774568
0.197795
0.727547
0.712399
0.0561315
0.0143649
0.867433
0.0149805
0.0847851
0.0312577
0.179152
0.0560556
0.0508634
0.323085
0.0752575
0.0428333
0.084579
0.0624558
0.0329345
0.0583792
0.0758573
0.0500635
0.132414
0.0332763
0.0163812
0.132195
0.149687
0.0807294
0.0475856
0.275655
0.329898
0.126684
0.322902
0.11167
0.0294143
0.402092
0.312308
0.0492252
0.0416007
0.0693125
0.698944
0.102669
0.242273
0.111719
0.0303774
0.042332
0.125439
0.317284
0.0606551
0.0733427
0.0271473
0.0447286
0.0965637
0.496626
0.483487
0.246544
0.0520479
0.0542624
0.0421205
0.0837239
0.0423983
0.473996
0.225186
0.0519791
0.102128
0.340816
0.052914
0.898161
0.0561193
0.0247448
0.0649076
0.766854
0.0540573
0.440912
0.237229
0.0915571
0.0409681
0.0263682
0.0754132
0.0872511
0.356686
0.112115
0.371526
0.397665
0.630254
0.264387
0.895796
0.0198885
0.0946327
0.331266
0.523585
0.0735319
0.660251
0.94708
0.537769
0.700404
0.103795
0.100765
0.14619
0.0656879
0.0272988
0.355954
0.108084
0.200486
0.0338892
0.0618174
0.0426517
0.191401
0.0128492
0.0287302
0.194314
0.0629335
0.0382865
0.0527466
0.0386789
0.0144662
0.136873
0.253696
0.0544792
0.0116148
0.635363
0.416454
0.31642
0.129757
0.173089
0.162926
0.0420532
0.135529
0.374191
0.021226
0.0348192
0.0795968
0.0278545
0.0639527
0.033056
0.0501378
0.03883
0.0969784
0.0254492
0.33158
0.640823
0.070249
0.0328801
0.395815
0.0393635
0.0252114
0.140557
0.145817
0.18595
0.13348
0.134454
0.0672424
0.276477
0.0983316
0.075226
0.0598309
0.382181
0.366645
0.130362
0.452925
0.0668039
0.201621
0.0298491
0.0459648
0.0600352
0.0927604
0.125421
0.163271
0.120847
0.122443
0.0766509
0.0169865
0.0388874
0.0449069
0.104354
0.0383658
0.118145
0.202791
0.0963377
0.115901
0.0672913
0.0794047
0.132711
0.0714101
0.171221
0.152322
0.223314
0.168304
0.114658
0.113983
0.0526391
0.0667283
0.132486
0.132702
0.263754
0.0276654
0.0759103
0.844322
0.095964
0.0861687
0.066342
0.118008
0.119564
0.0730909
0.102148
0.118674
0.24723
0.12485
0.227205
0.442123
0.0653119
0.347919
0.218851
0.0892341
0.0408948
0.425904
0.0307957
0.092819
0.133973
0.0480099
0.148025
0.0620358
0.218488
0.124441
0.0714063
0.255858
0.332147
0.0586031
0.120232
0.34708
0.0684932
0.0512195
0.0120368
0.0139362
0.0821266
0.162156
0.0306887
0.0257875
0.0301788
0.195396
0.0329086
0.0710736
0.0894584
0.0502169
0.172511
0.162766
0.242738
0.370107
0.0612479
0.136439
0.0898751
0.0366964
0.233842
0.110031
0.115064
0.0503023
0.119856
0.0404832
0.0923235
0.0381384
0.326488
0.0731485
0.03696
0.102686
0.295115
0.744562
0.666306
0.230635
0.158164
0.388906
0.283905
0.943229
0.0211878
0.0807568
0.155959
0.505883
0.577161
0.125997
0.103335
0.419077
0.0266223
0.29285
0.452489
0.0486409
0.0222043
0.0206016
0.628679
0.651211
0.293759
0.223249
0.101211
0.0570422
0.354239
0.0662799
0.0497532
0.517541
0.56673
0.100716
0.0516338
0.106907
0.147607
0.368315
0.0362306
0.207922
0.055451
0.59334
0.317916
0.360516
0.0974912
0.0632683
0.208422
0.0340215
0.108143
0.069108
0.0466912
0.0608818
0.137276
0.0630046
0.0308068
0.021774
0.0741478
0.268711
0.297617
0.144476
0.961633
0.947538
0.782379
0.0388184
0.69424
0.867979
0.0439004
0.0205719
0.653919
0.0947058
0.078395
0.0465749
0.0217471
0.297952
0.119917
0.0340359
0.228944
0.0487262
0.0656315
0.0329999
0.115958
0.991625
0.947901
0.15798
0.568693
0.0761068
0.174904
0.134967
0.1605
0.0345093
0.152432
0.359865
0.181918
0.310848
0.430166
0.0500828
0.396814
0.0686048
0.382641
0.094518
0.464165
0.0585473
0.0326891
0.105174
0.0330286
0.423894
0.0499724
0.076522
0.296565
0.0514676
0.0670954
0.0243365
0.202248
0.124921
0.0130632
0.0786247
0.240854
0.284609
0.165915
0.595371
0.193073
0.304732
0.0356644
0.0252507
0.0330596
0.0770416
0.125468
0.0345197
0.0195586
0.0355277
0.0942217
0.0630903
0.172606
0.0844548
0.775728
0.0235861
0.282869
0.205294
0.204162
0.0818273
0.020407
0.0501061
0.837252
0.0281759
0.597633
0.526899
0.925242
0.0810752
0.0565702
0.0407838
0.0265777
0.0345983
0.0402727
0.0229975
0.203573
0.0705823
0.382253
0.101171
0.117989
0.0634523
0.0273958
0.569325
0.269753
0.242232
0.104065
0.148398
0.0558241
0.0392438
0.0277433
0.126268
0.0289617
0.70469
0.552673
0.0275754
0.127425
0.284412
0.0061575
0.0362568
0.352413
0.0691931
0.0641872
0.262421
0.0964698
0.153647
0.0323212
0.0352739
0.112188
0.0257873
0.071486
0.0281009
0.0973324
0.0100118
0.0555226
0.0831639
0.0861972
0.103135
0.103346
0.0714524
0.420944
0.102276
0.0127323
0.0590369
0.37323
0.0479023
0.0305818
0.056967
0.211471
0.0964985
0.154747
0.0296094
0.0239722
0.0494565
0.415997
0.933427
0.81151
0.116913
0.0256209
0.415318
0.0221298
0.105541
0.0463331
0.118074
0.840251
0.045377
0.0998237
0.0281304
0.0754441
0.0417985
0.0693358
0.0641885
0.157167
0.746554
0.354747
0.337248
0.0770437
0.0693141
0.321227
0.750078
0.0601756
0.0833716
0.719711
0.384261
0.728951
0.672124
0.0775116
0.940723
0.193065
0.217296
0.0142058
0.298298
0.0994278
0.294545
0.564225
0.121251
0.19256
0.0244534
0.104664
0.100196
0.121241
0.191884
0.120939
0.0988149
0.0330065
0.0448518
0.0415255
0.028896
0.91651
0.0486844
0.0357992
0.0934737
0.0644104
0.0187491
0.21996
0.0737846
0.547612
0.0407681
0.0907092
0.85272
0.030973
0.200959
0.866782
0.0663019
0.040596
0.162716
0.1917
0.0444316
0.135226
0.0177607
0.020771
0.0475402
0.372486
0.268929
0.845841
0.561358
0.506419
0.115645
0.0342196
0.118024
0.0335939
0.0142093
0.0289143
0.0861684
0.180588
0.40005
0.417367
0.225329
0.0493474
0.018523
0.171986
0.0227201
0.143931
0.0491567
0.0269319
0.0304172
0.0288972
0.107846
0.0749326
0.0491194
0.230996
0.089858
0.0188838
0.045948
0.0385954
0.915095
0.840396
0.133501
0.0844098
0.104471
0.139138
0.0876219
0.0849119
0.0375117
0.08613
0.625685
0.114784
0.0420002
0.024919
0.0917082
0.0153362
0.0450752
0.0899524
0.0739537
0.0427251
0.756051
0.288742
0.0533361
0.108007
0.0442525
0.0467057
0.308524
0.147697
0.0294022
0.0277574
0.0776476
0.0514835
0.0860871
0.0374409
0.0993933
0.0932848
0.328182
0.0383542
0.0518572
0.0324746
0.624233
0.302145
0.403512
0.35435
0.235065
0.0309778
0.0162268
0.0352256
0.0346457
0.175862
0.0928198
0.213794
0.196017
0.0321718
0.0631973
0.0151899
0.0258164
0.0634107
0.0631077
0.198389
0.87377
0.0216331
0.172475
0.0195026
0.482267
0.130579
0.0156863
0.301927
0.177847
0.429503
0.0467793
0.519038
0.174202
0.0388581
0.0329727
0.172435
0.0589129
0.0656497
0.00861649
0.0642348
0.0659524
0.07232
0.0617557
0.891376
0.354443
0.929261
0.0287928
0.217675
0.0211474
0.187218
0.0237432
0.0192598
0.106112
0.0129187
0.142308
0.156156
0.0775487
0.0201057
0.1907
0.0306311
0.103507
0.278973
0.354869
0.699784
0.729169
0.180337
0.0698478
0.0741596
0.125459
0.156938
0.0405539
0.417349
0.0209079
0.182218
0.0150436
0.0339914
0.122201
0.0532591
0.0803417
0.0307321
0.0562112
0.345022
0.037781
0.0778161
0.142357
0.0820879
0.190745
0.0418209
0.0162434
0.178681
0.339919
0.0498481
0.0836022
0.179663
0.0492916
0.0570115
0.116598
0.138843
0.0560414
0.0651076
0.0641598
0.0510488
0.0224575
0.116898
0.033892
0.415666
0.107994
0.0524238
0.105583
0.26676
0.14958
0.0334994
0.304739
0.0819936
0.0658897
0.0649608
0.121079
0.258543
0.0257122
0.0912568
0.0808652
0.0631943
0.0745829
0.0330337
0.184605
0.108088
0.10227
0.0568954
0.0142447
0.0366457
0.0531975
0.0406458
0.778948
0.33818
0.579816
0.0552977
0.680154
0.601067
0.0195758
0.180579
0.0210578
0.0307252
0.0209345
0.0680805
0.194027
0.0465678
0.11469
0.0268667
0.122589
0.477321
0.307017
0.158983
0.994537
0.928452
0.0813122
0.0224733
0.0209912
0.0647939
0.843467
0.0758835
0.332667
0.0506355
0.0875541
0.222708
0.103063
0.0256299
0.369276
0.9523
0.0701843
0.745834
0.743956
0.798759
0.0408064
0.0464364
0.069253
0.070481
0.256791
0.0681437
0.0678603
0.123381
0.43558
0.203974
0.0176026
0.0206126
0.0918733
0.244284
0.0225661
0.0203537
0.0947918
0.138212
0.205659
0.0140258
0.117386
0.928767
0.138037
0.049607
0.194541
0.127122
0.156639
0.0445075
0.936753
0.0612675
0.0399179
0.0252419
0.0363922
0.0263749
0.0363257
0.0684927
0.273419
0.164824
0.194286
0.663419
0.0198328
0.112909
0.213387
0.421758
0.0757725
0.165632
0.0360213
0.2804
0.0157009
0.0261707
0.118168
0.0898186
0.0917842
0.177577
0.0325484
0.452139
0.409135
0.0959544
0.194506
0.0468856
0.0697796
0.0316507
0.0239945
0.0778381
0.0713204
0.0604994
0.079189
0.0740375
0.0437264
0.0734232
0.265052
0.118215
0.0814287
0.131317
0.114323
0.0807454
0.0352143
0.029098
0.112464
0.0386368
0.0418498
0.329602
0.257539
0.0980024
0.427477
0.394158
0.0489475
0.0643722
0.0708121
0.0415737
0.127738
0.787203
0.323422
0.049956
0.244033
0.25354
0.0816628
0.0358239
0.112866
0.447184
0.0441793
0.0971282
0.0440208
0.469649
0.251232
0.917003
0.152824
0.207584
0.0668633
0.0874711
0.226914
0.112834
0.244632
0.0592727
0.680263
0.0959737
0.0374443
0.122284
0.0355187
0.143508
0.0349564
0.0700712
0.115984
0.154165
0.0281626
0.0240565
0.0268614
0.712501
0.368646
0.111274
0.380367
0.161253
0.0217234
0.322718
0.0808744
0.266188
0.0563078
0.354486
0.180555
0.130969
0.2024
0.0802981
0.0273506
0.0526138
0.17202
0.28417
0.449068
0.482937
0.373243
0.312521
0.0270478
0.0433288
0.0425027
0.104135
0.404682
0.0290762
0.0735812
0.0487571
0.118323
0.0920569
0.160828
0.450971
0.114789
0.167923
0.032388
0.0968623
0.960069
0.871835
0.208309
0.0442341
0.0319711
0.182046
0.247653
0.0495699
0.372987
0.104743
0.0337746
0.0611392
0.0664398
0.152541
0.0510281
0.0763912
0.0731104
0.02319
0.129867
0.052138
0.359384
0.117154
0.188607
0.0903245
0.248211
0.270607
0.195557
0.124154
0.0549926
0.116245
0.0828536
0.982602
0.992218
0.932314
0.0398949
0.808185
0.0533024
0.025474
0.0272049
0.121104
0.10557
0.0355902
0.070575
0.121811
0.113984
0.0628391
0.0768509
0.0150237
0.610538
0.194375
0.0200473
0.168977
0.233005
0.0369008
0.0642789
0.147621
0.0316338
0.0665495
0.145916
0.608129
0.0433031
0.217867
0.0566641
0.037386
0.164582
0.114455
0.454724
0.0499137
0.0418651
0.101286
0.143577
0.0165623
0.315288
0.0823943
0.0912847
0.0907764
0.111475
0.0286059
0.305639
0.111051
0.0139888
0.0480257
0.0479267
0.035889
0.186926
0.121875
0.0323944
0.0435295
0.201875
0.173677
0.193309
0.252376
0.0382553
0.0105207
0.0884477
0.0833804
0.0520701
0.0469639
0.304106
0.0504021
0.164847
0.0139293
0.137553
0.931519
0.890184
0.640057
0.189334
0.0301288
0.030926
0.0855958
0.727616
0.216552
0.115029
0.129063
0.0718979
0.100408
0.0313702
0.068309
0.972373
0.0498488
0.0513163
0.0418311
0.811922
0.575546
0.0388074
0.616797
0.456636
0.324127
0.205861
0.203333
0.0457977
0.480504
0.213538
0.559438
0.264853
0.0236295
0.0726356
0.0785849
0.261268
0.0854257
0.139482
0.638808
0.401927
0.0903464
0.503013
0.579115
0.382599
0.118341
0.169408
0.0467309
0.315549
0.193318
0.0970422
0.13867
0.115921
0.0612261
0.0894111
0.796349
0.225889
0.0970392
0.0355779
0.956916
0.302565
0.443408
0.410138
0.0602934
0.543443
0.123664
0.370398
0.0843946
0.0431893
0.217074
0.0271411
0.093018
0.32662
0.112035
0.0177963
0.481071
0.352025
0.102407
0.0572016
0.156578
0.262978
0.0882069
0.0272263
0.0188712
0.0971776
0.0714469
0.0319614
0.0365786
0.0644387
0.220818
0.334402
0.378284
0.0577504
0.913891
0.0405145
0.0728892
0.0311509
0.570842
0.210399
0.262997
0.156801
0.340106
0.824607
0.832359
0.927054
0.509231
0.422327
0.847223
0.842923
0.626045
0.821291
0.550167
0.774027
0.101609
0.0955735
0.658174
0.296948
0.0809367
0.657946
0.560756
0.0457535
0.0617432
0.0698576
0.600116
0.667826
0.0698746
0.344722
0.268671
0.217437
0.246973
0.0215457
0.314332
0.0264295
0.92746
0.69859
0.212688
0.0547759
0.0666215
0.118622
0.190904
0.152336
0.158574
0.360982
0.169935
0.0170755
0.118586
0.048945
0.0365913
0.676678
0.468542
0.140468
0.125231
0.173028
0.0274167
0.0240849
0.0565129
0.0323089
0.177476
0.109033
0.581501
0.671792
0.183728
0.391446
0.109305
0.0270008
0.11844
0.101077
0.112529
0.0641925
0.0370825
0.058566
0.0060824
0.0344929
0.0425529
0.0476188
0.437288
0.542055
0.0329584
0.180283
0.028272
0.0455401
0.0322144
0.27052
0.157716
0.135064
0.202198
0.33366
0.0400677
0.0720353
0.318374
0.0188549
0.259901
0.0148269
0.0295549
0.628093
0.0665811
0.0210553
0.961307
0.0599741
0.679621
0.0939239
0.488571
0.114487
0.545069
0.354811
0.235434
0.314898
0.14725
0.848298
0.313281
0.0441529
0.291803
0.840841
0.328917
0.154068
0.428298
0.0122588
0.204789
0.16463
0.144362
0.0178171
0.371971
0.0401298
0.214195
0.25598
0.0914101
0.160854
0.0749023
0.0134915
0.281774
0.682831
0.583244
0.201174
0.201913
0.538204
0.0262175
0.137603
0.281481
0.0977531
0.421263
0.161941
0.0302348
0.016528
0.0195505
0.102318
0.140583
0.0242528
0.144728
0.056496
0.0439597
0.0802279
0.0760558
0.178598
0.199426
0.122068
0.0229075
0.112975
0.0125036
0.0470247
0.17389
0.0323683
0.0297397
0.289406
0.503104
0.0183366
0.843618
0.100796
0.182172
0.972908
0.0907186
0.935093
0.0375092
0.840906
0.633095
0.304149
0.486676
0.0917483
0.0712946
0.0447242
0.0551865
0.100697
0.228416
0.0450107
0.0500877
0.140049
0.848138
0.700029
0.233659
0.0293253
0.0962338
0.810611
0.0525859
0.0938369
0.0276264
0.124523
0.777926
0.9553
0.054558
0.713308
0.94202
0.580118
0.278296
0.179305
0.544335
0.153536
0.0519824
0.0361906
0.140484
0.0512379
0.0409505
0.0676849
0.205004
0.0129883
0.478854
0.577007
0.0156361
0.0834992
0.57742
0.143527
0.0395908
0.163335
0.740676
0.354144
0.317542
0.781331
0.0118107
0.0351948
0.0895679
0.175516
0.860343
0.0285936
0.0386643
0.943699
0.264971
0.0419135
0.0367588
0.0750913
0.0301926
0.18688
0.276902
0.0392963
0.203455
0.116039
0.0612221
0.462249
0.240878
0.151019
0.0425635
0.0245788
0.113926
0.85923
0.0952168
0.0621015
0.109424
0.0525548
0.0707914
0.120946
0.0429838
0.0734129
0.200563
0.0545476
0.0630293
0.182176
0.514652
0.375436
0.18009
0.109176
0.0645283
0.431208
0.0830536
0.0264289
0.0199264
0.987967
0.952272
0.309607
0.117844
0.0944476
0.167046
0.00994271
0.411544
0.0196799
0.0532948
0.290195
0.042082
0.107491
0.0444208
0.0167196
0.0427123
0.200005
0.0688908
0.0233285
0.0434689
0.0722424
0.101981
0.0585546
0.895351
0.823591
0.876766
0.107608
0.0663506
0.240739
0.95575
0.920535
0.0645196
0.136713
0.0429637
0.776911
0.0148778
0.0442389
0.146534
0.040521
0.074257
0.0117306
0.0217356
0.0199404
0.133039
0.292874
0.26488
0.0370502
0.0509474
0.485674
0.115801
0.80167
0.892812
0.0494893
0.047962
0.0728335
0.0430748
0.0783378
0.543577
0.335456
0.0430064
0.0323666
0.0260087
0.0425597
0.725283
0.89294
0.607517
0.981076
0.132556
0.0521274
0.020757
0.0939939
0.876866
0.96782
0.965235
0.62258
0.670274
0.0204995
0.0392915
0.919353
0.0145748
0.0793588
0.0573907
0.919657
0.0409501
0.0243113
0.0711258
0.0216797
0.177473
0.035016
0.0700662
0.0116567
0.0318107
0.874769
0.065569
0.590133
0.0448567
0.875141
0.960634
0.767284
0.859767
0.491644
0.10789
0.360394
0.10625
0.351268
0.0874281
0.309993
0.46224
0.88483
0.237893
0.13389
0.107104
0.0318323
0.933048
0.0313082
0.419355
0.137072
0.913568
0.795086
0.992015
0.972797
0.979871
0.962877
0.220319
0.484691
0.117829
0.337064
0.0795722
0.149433
0.535653
0.0649029
0.123606
0.0311058
0.0458489
0.456302
0.157214
0.113875
0.20988
0.278661
0.0615258
0.0440352
0.0408121
0.0665423
0.100503
0.222738
0.0922921
0.0344256
0.031135
0.0776738
0.133835
0.277028
0.0701467
0.0883236
0.0266661
0.296201
0.341711
0.0528172
0.0622209
0.106542
0.14421
0.0447013
0.22038
0.615771
0.0348013
0.229206
0.9164
0.947207
0.190171
0.0403883
0.121534
0.202867
0.30453
0.0557283
0.122507
0.820545
0.0663668
0.0656332
0.43025
0.298618
0.0315268
0.0339242
0.0286029
0.178118
0.142963
0.0322746
0.542293
0.587064
0.115675
0.0342758
0.316635
0.382165
0.0847769
0.0205665
0.0304224
0.0382443
0.0257746
0.041845
0.0641701
0.0444987
0.203649
0.0317726
0.0435562
0.213756
0.120946
0.07851
0.0282459
0.0723662
0.045439
0.210905
0.0269007
0.0586206
0.0158742
0.0629561
0.084205
0.0754332
0.0323229
0.230973
0.0460471
0.57996
0.0583589
0.0586304
0.0206447
0.0851331
0.0267898
0.0200646
0.0195295
0.0391549
0.0391975
0.948627
0.100006
0.60826
0.468105
0.276167
0.0484946
0.350048
0.0943014
0.391192
0.0748358
0.529564
0.123112
0.248006
0.770975
0.144074
0.0235091
0.309727
0.274184
0.111763
0.223782
0.0500045
0.0935275
0.212921
0.0500426
0.0347651
0.00856898
0.0401186
0.0359865
0.350874
0.936475
0.918873
0.367655
0.216095
0.220955
0.101999
0.0630367
0.113875
0.01815
0.145427
0.0868419
0.0211634
0.56263
0.0330673
0.028823
0.906836
0.0408453
0.0368904
0.0514851
0.054058
0.0690887
0.0236051
0.073196
0.0591486
0.0313953
0.099469
0.27293
0.0905689
0.0266173
0.0571397
0.0100014
0.146011
0.0284507
0.334195
0.0175666
0.0612202
0.224313
0.0715836
0.00630269
0.0485945
0.102294
0.147836
0.136904
0.54462
0.0426075
0.0460323
0.210698
0.306095
0.895484
0.322323
0.0942838
0.0307069
0.519206
0.420819
0.166524
0.0551507
0.026338
0.211891
0.153019
0.0104917
0.0830777
0.0557484
0.310058
0.0466849
0.0506692
0.072758
0.0409228
0.130861
0.223944
0.0395761
0.0330917
0.0565773
0.041122
0.0982186
0.0597376
0.0334368
0.0879774
0.136215
0.390358
0.109208
0.197683
0.162649
0.14921
0.14987
0.101313
0.150511
0.0977563
0.411397
0.369065
0.0378694
0.0456074
0.147035
0.0217317
0.0417015
0.197828
0.0802036
0.184161
0.109085
0.0942477
0.03989
0.0402801
0.0517971
0.00815888
0.0250446
0.170815
0.0530741
0.0425469
0.969279
0.900009
0.971207
0.0289689
0.173252
0.062057
0.303742
0.302096
0.0965696
0.408223
0.277506
0.783845
0.295495
0.272418
0.0417482
0.399667
0.822999
0.386137
0.0379729
0.0558014
0.0935348
0.0470456
0.0514686
0.63537
0.207401
0.0411126
0.0708627
0.179028
0.0457002
0.0235897
0.198399
0.101824
0.0584516
0.333261
0.242905
0.428903
0.205647
0.243256
0.035304
0.192345
0.168356
0.0407406
0.257952
0.260562
0.047829
0.327747
0.270089
0.0374378
0.958673
0.296044
0.127262
0.627923
0.072145
0.450726
0.936464
0.242191
0.0559455
0.554113
0.0646039
0.444058
0.216914
0.244225
0.0758445
0.078354
0.0600738
0.109862
0.0976144
0.105136
0.104105
0.0121991
0.0259337
0.205278
0.0541587
0.0624106
0.0690391
0.0250682
0.167393
0.496961
0.183566
0.0755483
0.413057
0.386368
0.0648673
0.0363009
0.450359
0.117847
0.216552
0.123035
0.258506
0.0683709
0.535576
0.070143
0.0508148
0.0247402
0.208895
0.0475091
0.0441988
0.0184708
0.260912
0.0985083
0.31235
0.66891
0.110037
0.0474224
0.20697
0.0650333
0.0321263
0.158177
0.0430699
0.208918
0.0777388
0.772282
0.166523
0.380158
0.57511
0.383458
0.393371
0.394434
0.0919743
0.0911582
0.754353
0.696169
0.611477
0.0394599
0.0894737
0.210631
0.0507965
0.0206508
0.0513392
0.204652
0.259319
0.0455203
0.688932
0.228594
0.154215
0.366635
0.0403358
0.361865
0.0878556
0.272861
0.187721
0.753522
0.109477
0.159391
0.201382
0.590683
0.627878
0.0764911
0.0670689
0.28826
0.237507
0.0607617
0.121559
0.114566
0.0925733
0.0552086
0.113243
0.427723
0.0208772
0.246861
0.794365
0.057803
0.0169831
0.0891156
0.223869
0.409141
0.142693
0.136582
0.286851
0.182054
0.25281
0.635224
0.122589
0.124463
0.0805618
0.0295487
0.101219
0.0855505
0.122033
0.284997
0.104182
0.146723
0.129514
0.0826093
0.214249
0.363886
0.117357
0.0257844
0.0807564
0.15331
0.319939
0.0632061
0.100443
0.127875
0.085487
0.0770647
0.123373
0.0415939
0.0173962
0.126674
0.108186
0.232705
0.112634
0.33243
0.0316033
0.137765
0.908004
0.176194
0.0818386
0.279911
0.0541447
0.0165502
0.0432612
0.305981
0.162388
0.0104848
0.577416
0.0458786
0.0557907
0.0248451
0.0292984
0.133973
0.284411
0.0908116
0.611467
0.688239
0.061803
0.29163
0.136442
0.196444
0.0664326
0.149463
0.174295
0.0408411
0.216499
0.0612111
0.19747
0.814133
0.0445277
0.070771
0.349814
0.048376
0.692857
0.282737
0.24203
0.193035
0.0599621
0.0158226
0.273841
0.038002
0.0481261
0.077867
0.0364965
0.0330293
0.0952253
0.04822
0.0949449
0.0248983
0.0395387
0.437022
0.287894
0.357073
0.12565
0.111467
0.108935
0.123344
0.0699606
0.272406
0.0777705
0.228599
0.0439262
0.0671111
0.0347262
0.102271
0.0180763
0.15294
0.0620931
0.107542
0.224212
0.483451
0.0682737
0.110533
0.104471
0.0641932
0.0250408
0.0312742
0.0652711
0.205032
0.0170074
0.242156
0.606554
0.349393
0.133441
0.0337579
0.0236802
0.383659
0.0879542
0.105567
0.31309
0.106121
0.199533
0.118261
0.0317808
0.125506
0.112679
0.0463401
0.0294155
0.169045
0.150236
0.186947
0.380182
0.460397
0.0880879
0.188388
0.33285
0.286426
0.0913915
0.0477699
0.0498792
0.117989
0.0421778
0.0396613
0.133065
0.0503209
0.0926319
0.0218913
0.0256031
0.0267167
0.0431146
0.0954467
0.338808
0.123512
0.0363817
0.118718
0.258757
0.280856
0.124259
0.0157733
0.0961298
0.101178
0.0877721
0.0467518
0.0758357
0.0949645
0.326355
0.0907977
0.205937
0.17169
0.102434
0.143827
0.1407
0.280018
0.176321
0.29599
0.0364295
0.24935
0.0643344
0.0650718
0.465799
0.160277
0.0789247
0.127054
0.189694
0.130117
0.080438
0.0896477
0.0348519
0.0380346
0.0479144
0.172242
0.148332
0.44538
0.0791125
0.0117991
0.0745222
0.066233
0.0390127
0.0205206
0.0489673
0.178856
0.604642
0.148234
0.0240173
0.284403
0.0512897
0.662881
0.245076
0.610312
0.274272
0.318062
0.120585
0.396319
0.187841
0.0282652
0.0482917
0.0291562
0.0169575
0.319298
0.0493457
0.100314
0.148454
0.45688
0.0523724
0.0403208
0.140867
0.0561233
0.0923991
0.0435174
0.044731
0.0264218
0.222091
0.855584
0.0734355
0.032558
0.0975817
0.214424
0.0442633
0.0323317
0.0398698
0.0865606
0.339357
0.223592
0.216609
0.330273
0.0317243
0.0639633
0.0933591
0.055896
0.0300936
0.0151314
0.0227193
0.231251
0.014053
0.110781
0.0703648
0.0254052
0.0569339
0.530423
0.286765
0.0865475
0.628129
0.064795
0.046479
0.0433727
0.132621
0.126925
0.131052
0.143721
0.328238
0.0651322
0.0277038
0.13542
0.0549285
0.0564873
0.321796
0.0304183
0.276684
0.113879
0.149591
0.0326105
0.031473
0.0207045
0.0386882
0.0519787
0.0949655
0.037297
0.0150353
0.0617853
0.024132
0.0599702
0.08205
0.0130045
0.0807572
0.0447714
0.0305061
0.0825374
0.485653
0.0279803
0.145979
0.0700397
0.126276
0.0414431
0.0846295
0.190994
0.09504
0.142285
0.122426
0.014716
0.0431019
0.0321264
0.146076
0.212097
0.597314
0.444772
0.0458684
0.216078
0.174461
0.085248
0.131257
0.0593456
0.105276
0.124804
0.463067
0.149639
0.0361508
0.0950128
0.105823
0.108484
0.0977918
0.136125
0.0449073
0.30948
0.096832
0.187691
0.0874061
0.0479272
0.129636
0.0849591
0.056604
0.727944
0.436821
0.528944
0.0872286
0.0596561
0.220385
0.151793
0.173089
0.051868
0.0292566
0.097323
0.0335409
0.0576703
0.463008
0.023207
0.0536499
0.0219241
0.0346823
0.0676238
0.0424695
0.151989
0.0850419
0.150577
0.0734459
0.0330443
0.0548826
0.0608229
0.0909446
0.0750302
0.162148
0.193664
0.0879185
0.0536278
0.0499991
0.0622708
0.0625052
0.0360165
0.0118526
0.0441088
0.12215
0.0357403
0.0116577
0.0198997
0.0323388
0.0171703
0.12068
0.0389812
0.0673459
0.0301284
0.0383211
0.638077
0.0359362
0.0346949
0.0225324
0.119986
0.128619
0.0748477
0.0431184
0.0481587
0.106863
0.653266
0.0234864
0.041786
0.040216
0.12832
0.0931182
0.06279
0.0461064
0.0732807
0.135908
0.197625
0.0770338
0.0221831
0.53359
0.0127721
0.0451587
0.0594229
0.201195
0.0297826
0.0154462
0.0183525
0.204925
0.11902
0.0469615
0.179715
0.0518056
0.104091
0.093895
0.0551397
0.0379302
0.0381145
0.0417914
0.0433181
0.0138244
0.041656
0.0256367
0.135771
0.0553066
0.0144098
0.0747895
0.105343
0.0551948
0.0443136
0.0880713
0.0773292
0.098608
0.0348037
0.21091
0.0322451
0.0276986
0.0723809
0.21372
0.0843565
0.0484927
0.0547444
0.0560835
0.121942
0.182599
0.038318
0.0489218
0.0376039
0.0369549
0.0743915
0.0333903
0.0692747
0.0130686
0.135818
0.260629
0.0471695
0.141326
0.0338874
0.122204
0.089467
0.0549391
0.210102
0.114457
0.0102252
0.504907
0.0682117
0.355549
0.0414775
0.0820938
0.189406
0.274429
0.0846144
0.0684295
0.222963
0.0475734
0.0812504
0.0405574
0.205058
0.169188
0.330283
0.0170348
0.0429376
0.0573601
0.113766
0.12326
0.0787245
0.109179
0.054797
0.109762
0.410292
0.0181327
0.297503
0.0670184
0.141427
0.149681
0.258897
0.098211
0.0837462
0.323561
0.218804
0.0287997
0.0711281
0.0610781
0.0436169
0.147987
0.152665
0.214312
0.0630477
0.050577
0.0898382
0.0701964
0.0578644
0.45461
0.153015
0.0606771
0.0513984
0.0372907
0.0607801
0.0194424
0.185297
0.0493929
0.0225503
0.0516925
0.0111808
0.111651
0.123997
0.200703
0.0906871
0.122699
0.0828414
0.0455462
0.0471056
0.0643331
0.117807
0.0631862
0.0649606
0.0136139
0.03923
0.0534562
0.250356
0.121847
0.0409398
0.0463198
0.0216194
0.0340138
0.0234394
0.0265953
0.118728
0.0785435
0.0326275
0.0278925
0.0269294
0.407815
0.021098
0.451289
0.206798
0.058624
0.0286143
0.0306025
0.0327661
0.0461649
0.0419215
0.0985276
0.0247156
0.104996
0.0688602
0.0631863
0.0159448
0.0855707
0.29127
0.0531779
0.134409
0.0418034
0.24903
0.32561
0.444661
0.161471
0.159099
0.0304633
0.0223244
0.0702564
0.0718644
0.638765
0.0757102
0.133335
0.020113
0.120742
0.156541
0.0661617
0.019401
0.066997
0.048951
0.0274777
0.0378753
0.0227776
0.532899
0.104257
0.033133
0.0341989
0.0964875
0.0670615
0.0643143
0.0772828
0.152551
0.139871
0.110018
0.0533031
0.0442117
0.0329388
0.0298329
0.0956707
0.0458974
0.0250564
0.025578
0.074086
0.0664457
0.0339316
0.0234599
0.37608
0.0219102
0.0237034
0.0781868
0.0868034
0.0182485
0.126003
0.0128289
0.0517738
0.0438948
0.0305845
0.450249
0.236075
0.49434
0.0148946
0.0312327
0.0236817
0.0408746
0.0388827
0.130423
0.0929475
0.09561
0.162816
0.191744
0.0111495
0.0362508
0.0690517
0.0202427
0.0433755
0.0746645
0.0574811
0.018472
0.0532538
0.0817383
0.0278648
0.0435444
0.0832989
0.169918
0.244411
0.129779
0.0139368
0.050166
0.201133
0.0869747
0.0494347
0.0302985
0.102934
0.0856361
0.618126
0.470387
0.0316317
0.389896
0.0288142
0.437354
0.255261
0.0648604
0.233765
0.0609874
0.124039
0.0744752
0.0274683
0.0287588
0.0499701
0.357762
0.0800536
0.0883626
0.0476545
0.0887786
0.0742334
0.0380352
0.309456
0.472444
0.0197882
0.0210022
0.0223494
0.111908
0.288105
0.0930506
0.0466308
0.0370475
0.0458735
0.0451869
0.0484075
0.038812
0.127136
0.050292
0.141035
0.245576
0.133919
0.010613
0.0298949
0.060472
0.0681712
0.112089
0.505298
0.016369
0.0786474
0.207846
0.073329
0.07023
0.139172
0.0284053
0.0743635
0.059478
0.0177122
0.0257305
0.0829015
0.0296139
0.0184021
0.0225078
0.304434
0.0297798
0.141124
0.0132059
0.0300431
0.0309003
0.218742
0.105526
0.0647381
0.0537155
0.131802
0.0964089
0.0724361
0.0311134
0.0648128
0.195484
0.254167
0.0313762
0.056087
0.0461325
0.0845051
0.132761
0.0289591
0.0534136
0.0455666
0.0175229
0.178062
0.0442337
0.131051
0.0292197
0.0407715
0.0130657
0.0735157
0.10519
0.0431115
0.0691183
0.28675
0.0333914
0.0501657
0.0388742
0.127161
0.0271481
0.0273671
0.0167993
0.0361
0.0366033
0.0644712
0.0564724
0.0272716
0.034221
0.0496854
0.553253
0.185947
0.199977
0.0293374
0.0837299
0.343936
0.0282658
0.0177755
0.163379
0.131811
0.0112858
0.0630674
0.110948
0.0383909
0.026829
0.0365755
0.0167744
0.0547846
0.0732552
0.19623
0.0730886
0.109076
0.030574
0.0694687
0.0190721
0.0273017
0.0625627
0.10754
0.327395
0.0648485
0.0579253
0.0676043
0.0510706
0.0339272
0.0349933
0.0883545
0.0539878
0.0478925
0.00874054
0.00928198
0.0519304
0.0214978
0.0846984
0.0170057
0.0379966
0.12594
0.0707086
0.0446054
0.0472955
0.041023
0.186117
0.0660843
0.195918
0.0236618
0.0412394
0.0789033
0.0266294
0.0903344
0.11761
0.088445
0.0754683
0.039124
0.0444191
0.0269028
0.0071185
0.0184542
0.224642
0.0473097
0.0119627
0.125008
0.0172966
0.139128
0.115482
0.282299
0.20902
0.0896545
0.344188
0.0278134
0.0445941
0.0370675
0.608516
0.0430133
0.0541209
0.0571035
0.133709
0.0802867
0.0889065
0.0600409
0.191454
0.106238
0.0366472
0.0165637
0.143817
0.0504255
0.0215138
0.0653221
0.114261
0.377865
0.147675
0.0278151
0.236403
0.0634345
0.117282
0.0309125
0.0610159
0.149285
0.0456406
0.157297
0.198317
0.0323745
0.106486
0.184813
0.0452995
0.185059
0.0217964
0.105778
0.0298752
0.042929
0.0401522
0.0449719
0.0479673
0.0202012
0.018415
0.0864541
0.0310796
0.0226545
0.0492775
0.0149598
0.0508684
0.101624
0.0764361
0.0701698
0.0261832
0.143433
0.310959
0.167245
0.0383706
0.0274045
0.125062
0.0199326
0.0936705
0.0896853
0.0313804
0.049608
0.0367764
0.0386123
0.0276301
0.0342154
0.0545955
0.059448
0.0749258
0.0489633
0.160221
0.0640631
0.0470928
0.338715
0.186889
0.0804083
0.0188177
0.0431631
0.0382672
0.145577
0.0263354
0.0535497
0.0715935
0.167497
0.0565003
0.0492294
0.0433518
0.0513824
0.0784152
0.0292426
0.12866
0.0862877
0.0143838
0.0418582
0.0374041
0.0343578
0.0883242
0.10064
0.045309
0.0769026
0.0350186
0.0323837
0.0532052
0.0541512
0.148766
0.0620094
0.0846744
0.0324216
0.0236255
0.0160754
0.129196
0.0161121
0.0228549
0.11403
0.0596953
0.191351
0.083295
0.0259497
0.0344884
0.233387
0.0708415
0.249161
0.272487
0.0658034
0.0293931
0.0623071
0.0115858
0.0646186
0.0774534
0.0235577
0.0662274
0.019389
0.0569997
0.1067
0.065136
0.0776994
0.0238357
0.068932
0.0549162
0.0991894
0.101312
0.0280728
0.0347689
0.0854033
0.0828008
0.114527
0.0720959
0.00868038
0.0777674
0.0340187
0.0136328
0.0799708
0.132881
0.0524788
0.137908
0.0565452
0.0654937
0.146424
0.0386336
0.031135
0.0678985
0.0325007
0.0728398
0.0556475
0.12022
0.0569565
0.104098
0.0859515
0.67608
0.252113
0.0375989
0.124044
0.114121
0.0210873
0.731467
0.074775
0.0599403
0.0308268
0.178802
0.144197
0.146499
0.0301622
0.0760793
0.0783454
0.0342898
0.0608319
0.0359037
0.201044
0.0479236
0.0721663
0.0357352
0.0993084
0.0673484
0.06984
0.0302962
0.043641
0.0354644
0.0321547
0.0700639
0.0471008
0.0335851
0.0251702
0.123402
0.129842
0.0663241
0.0677522
0.076837
0.0999893
0.011875
0.0618969
0.203095
0.0371074
0.0626252
0.0154017
0.0878662
0.244438
0.0841434
0.100254
0.21599
0.113523
0.0453713
0.0653359
0.0467936
0.125418
0.0324657
0.119321
0.0648986
0.226456
0.184958
0.143212
0.203232
0.0772917
0.445609
0.0370502
0.0157573
0.0705643
0.0594644
0.275038
0.0550657
0.0635624
0.0791689
0.247426
0.100989
0.0117888
0.244182
0.138116
0.190478
0.127342
0.379933
0.0267822
0.0667526
0.0552609
0.0203237
0.139739
0.025345
0.10285
0.0939537
0.0648778
0.0647508
0.194589
0.0319218
0.0327442
0.812005
0.0159173
0.0311176
0.357055
0.131524
0.198487
0.648544
0.354804
0.112519
0.11243
0.0945689
0.0326599
0.0322963
0.221537
0.075546
0.0358288
0.0761328
0.0332743
0.0116395
0.0585304
0.0247262
0.0332477
0.0395825
0.0653034
0.0214461
0.0747474
0.0341181
0.0477595
0.0407785
0.0114053
0.058895
0.280837
0.0318308
0.0188639
0.0480764
0.159126
0.028679
0.0372222
0.169487
0.323656
0.579046
0.0299387
0.0286702
0.0589095
0.114601
0.048412
0.299061
0.12706
0.0406044
0.0270485
0.536531
0.075495
0.0312667
0.176349
0.223706
0.0520344
0.113198
0.0501861
0.0620957
0.106695
0.0345345
0.0436853
0.0311376
0.0437387
0.0606125
0.0369233
0.020791
0.0469474
0.0955047
0.141519
0.0246153
0.0244426
0.0843189
0.0737983
0.0762207
0.0184157
0.0335465
0.0354138
0.050962
0.0174333
0.0558292
0.208993
0.0823086
0.0323324
0.403572
0.0278836
0.127891
0.219505
0.0152918
0.0464401
0.0975915
0.043058
0.0983698
0.164685
0.0521258
0.0226861
0.345439
0.129812
0.224386
0.0214775
0.268391
0.062188
0.576283
0.0957369
0.172926
0.123257
0.0604679
0.363226
0.0220618
0.0943641
0.0208853
0.0219523
0.083106
0.0338434
0.228302
0.279878
0.0782656
0.0973949
0.0473061
0.0557462
0.0775444
0.0121546
0.112931
0.0410482
0.115886
0.097175
0.0322695
0.14307
0.0737994
0.0795822
0.0235517
0.242535
0.618552
0.0994916
0.0875743
0.135899
0.148389
0.123131
0.254862
0.0843369
0.407109
0.0170855
0.00839386
0.0677722
0.0343838
0.254226
0.0590494
0.0202155
0.0799112
0.0372007
0.0381048
0.00952041
0.114935
0.0335932
0.0339318
0.0164584
0.0790539
0.056764
0.0516944
0.0333771
0.0790618
0.0219765
0.129668
0.0587581
0.127142
0.0569011
0.079087
0.260075
0.036749
0.049877
0.191239
0.0491624
0.0315445
0.0518329
0.0403374
0.0130162
0.0593501
0.0382282
0.0352255
0.096163
0.0523915
0.0410322
0.0488314
0.624384
0.043255
0.037418
0.0330974
0.018863
0.0215865
0.110183
0.0562896
0.0660039
0.0558928
0.0418405
0.0313446
0.0628709
0.0510619
0.0491431
0.0693712
0.117186
0.0277334
0.0572403
0.116107
0.0647503
0.259138
0.136326
0.0609592
0.303116
0.0214498
0.0481259
0.0612162
0.197057
0.255281
0.188896
0.142051
0.150942
0.0519148
0.037035
0.099333
0.0486028
0.408407
0.106261
0.120162
0.242286
0.203904
0.0221097
0.0400419
0.21985
0.146065
0.0381746
0.0233059
0.0407977
0.16385
0.40537
0.0527234
0.123082
0.096894
0.161114
0.0360415
0.19811
0.0641994
0.100647
0.289462
0.0988109
0.202082
0.37518
0.0937395
0.183338
0.0601846
0.0458101
0.227905
0.0181963
0.0981696
0.185144
0.0101336
0.0114392
0.028686
0.10927
0.015559
0.0725582
0.207197
0.0604505
0.0803109
0.0900949
0.0286463
0.0402277
0.025746
0.0840353
0.163246
0.0309683
0.0282064
0.150421
0.129545
0.0313741
0.0411304
0.125442
0.0316589
0.0872611
0.0709959
0.335598
0.0398513
0.290338
0.0305777
0.0482147
0.220444
0.150408
0.0588469
0.129337
0.227843
0.129082
0.0535725
0.0470213
0.0788338
0.0195837
0.23296
0.0522399
0.0411362
0.0227909
0.0446943
0.125769
0.0548903
0.064596
0.0999996
0.0184184
0.0199121
0.0629291
0.140964
0.25999
0.0481715
0.113468
0.0211772
0.0111869
0.068481
0.0743335
0.0212793
0.0399416
0.0848342
0.0276041
0.0234932
0.0189146
0.0519314
0.0207378
0.04238
0.0351054
0.0484753
0.0412504
0.0549173
0.0419161
0.0895167
0.00759736
0.297458
0.235087
0.219614
0.111435
0.116369
0.110502
0.193538
0.0461088
0.0145166
0.0103657
0.0561918
0.137333
0.0830802
0.124697
0.293277
0.175083
0.0284373
0.0959685
0.187248
0.100841
0.0977929
0.0812796
0.0374925
0.426836
0.0948968
0.0939074
0.0633178
0.0275491
0.0758578
0.159724
0.0397463
0.0770176
0.057733
0.041749
0.102841
0.0208792
0.176257
0.169368
0.0515698
0.272724
0.0637798
0.0753407
0.1047
0.122946
0.206412
0.162925
0.132378
0.0408028
0.048168
0.340125
0.344719
0.0358365
0.268357
0.264208
0.0731655
0.36397
0.056971
0.224519
0.103983
0.0615588
0.0620695
0.0903853
0.0601527
0.0215098
0.185633
0.163817
0.101506
0.0730227
0.144597
0.0566488
0.106226
0.130792
0.448759
0.209434
0.101699
0.0582836
0.0712879
0.0319233
0.0396595
0.0389868
0.0262009
0.0903014
0.305297
0.726321
0.254791
0.53893
0.414401
0.968218
0.929789
0.485097
0.389903
0.882613
0.905886
0.731717
0.605684
0.326178
0.664879
0.268121
0.179353
0.961758
0.49603
0.347052
0.262926
0.457129
0.639316
0.400842
0.485068
0.786863
0.108069
0.149708
0.137674
0.342986
0.337014
0.148495
0.983946
0.978685
0.982185
0.0954107
0.0296255
0.648996
0.334818
0.841724
0.850009
0.98624
0.153681
0.0931656
0.904295
0.617545
0.829083
0.800059
0.494843
0.244057
0.246408
0.243579
0.508906
0.223865
0.844052
0.932867
0.383516
0.48784
0.905351
0.0930806
0.0944015
0.606602
0.208293
0.278459
0.804763
0.743613
0.672874
0.0516634
0.15129
0.0965648
0.327011
0.931699
0.968773
0.36456
0.934463
0.558327
0.418622
0.663661
0.426512
0.895707
0.560276
0.878152
0.985829
0.0778495
0.762879
0.902705
0.463145
0.170219
0.0570786
0.0948126
0.243974
0.0179369
0.0155071
0.948029
0.724657
0.492561
0.202684
0.671568
0.953099
0.353626
0.289315
0.741357
0.901243
0.955952
0.982407
0.968754
0.484106
0.140391
0.733573
0.954245
0.691103
0.978589
0.502515
0.653088
0.656019
0.732172
0.234484
0.457983
0.549286
0.322492
0.757312
0.913279
0.93158
0.872449
0.213196
0.0526993
0.261124
0.746371
0.130569
0.0550171
0.0401953
0.0384596
0.062576
0.0486876
0.202402
0.140939
0.310821
0.459745
0.186716
0.811718
0.811718
0.556367
0.269472
0.505711
0.509199
0.203353
0.0939141
0.0840334
0.27954
0.790924
0.292818
0.134847
0.143387
0.596707
0.344937
0.415123
0.695567
0.386809
0.047493
0.690393
0.0810839
0.830399
0.72294
0.190949
0.064746
0.691713
0.443374
0.451978
0.327172
0.621835
0.640875
0.86349
0.935604
0.616298
0.626877
0.0711004
0.786504
0.55496
0.871975
0.439802
0.388285
0.075673
0.321634
0.132971
0.862338
0.317868
0.626849
0.331954
0.160495
0.849457
0.923264
0.947139
0.675793
0.482649
0.837893
0.247987
0.328245
0.229124
0.0419327
0.075321
0.536799
0.149373
0.650903
0.985807
0.204643
0.909315
0.24248
0.117295
0.393138
0.463074
0.636125
0.67944
0.0640829
0.697201
0.42178
0.867811
0.051119
0.14649
0.42031
0.16689
0.948471
0.935847
0.839418
0.175206
0.0695604
0.928515
0.941386
0.503618
0.649331
0.457603
0.418289
0.969265
0.538104
0.584936
0.112372
0.379275
0.971406
0.494681
0.562007
0.473222
0.46464
0.466718
0.59318
0.592168
0.335326
0.733203
0.791119
0.673763
0.569954
0.870083
0.931427
0.945205
0.721857
0.972151
0.501701
0.373424
0.948454
0.575962
0.711491
0.719172
0.449071
0.613769
0.372726
0.0932145
0.129413
0.365956
0.0548833
0.56113
0.384057
0.95536
0.711563
0.300204
0.435107
0.214546
0.838839
0.847874
0.653425
0.136927
0.398264
0.309761
0.421052
0.225489
0.252857
0.114029
0.968414
0.924084
0.916386
0.680259
0.0844737
0.344153
0.437505
0.792849
0.581114
0.411764
0.893062
0.993088
0.968088
0.229283
0.392877
0.203657
0.711374
0.940168
0.885269
0.497127
0.114695
0.777527
0.499113
0.771377
0.915997
0.956787
0.980802
0.907914
0.757226
0.309771
0.550509
0.899043
0.665818
0.220315
0.908215
0.864095
0.923513
0.133853
0.39626
0.739501
0.146738
0.924258
0.872341
0.970503
0.965273
0.454435
0.412248
0.770178
0.199993
0.422763
0.234706
0.966131
0.146728
0.267729
0.198562
0.146739
0.323534
0.27026
0.561927
0.564011
0.393729
0.451154
0.304324
0.256563
0.835805
0.086615
0.253794
0.147363
0.237967
0.0890638
0.644657
0.354671
0.187799
0.549428
0.895003
0.967257
0.646932
0.909731
