0.215459
0.0738765
0.388811
0.167299
0.814462
0.275623
0.100357
0.259467
0.198215
0.480978
0.0240658
0.122355
0.177305
0.769626
0.0624109
0.943498
0.90198
0.164139
0.28189
0.0462313
0.204724
0.434356
0.0766083
0.0694715
0.568157
0.0370327
0.170176
0.125369
0.208953
0.281793
0.879417
0.787187
0.079928
0.168568
0.730775
0.106001
0.931864
0.471948
0.0670931
0.898668
0.825264
0.48676
0.554245
0.256737
0.440433
0.827882
0.814394
0.44438
0.832835
0.409721
0.630789
0.25392
0.023285
0.389112
0.468437
0.389754
0.539527
0.496368
0.0822858
0.664779
0.319066
0.962611
0.877636
0.818265
0.0445489
0.105732
0.025316
0.585084
0.115102
0.525438
0.497946
0.806327
0.624306
0.690045
0.266142
0.299955
0.012937
0.0369557
0.917186
0.0197579
0.0228254
0.119978
0.508429
0.184959
0.573672
0.276392
0.237043
0.973677
0.0955991
0.117982
0.252139
0.0290246
0.24052
0.772937
0.343886
0.561604
0.217838
0.16541
0.942199
0.0345544
0.327283
0.0924837
0.102995
0.0371126
0.0374138
0.158637
0.598463
0.306919
0.798465
0.691043
0.90278
0.43563
0.198234
0.063163
0.533645
0.0774436
0.841198
0.024948
0.030692
0.0563449
0.0195441
0.47677
0.00831224
0.82027
0.22385
0.970491
0.914309
0.876219
0.985873
0.681814
0.063389
0.047514
0.0629743
0.192924
0.351261
0.708163
0.517321
0.281764
0.430003
0.0518207
0.0947889
0.0419997
0.015414
0.931221
0.0588083
0.891387
0.0399726
0.303567
0.853568
0.119495
0.666359
0.260244
0.897285
0.668451
0.203555
0.649354
0.105766
0.1871
0.202391
0.230817
0.146032
0.622027
0.087085
0.0545069
0.494153
0.0357564
0.740793
0.590526
0.932697
0.361143
0.274858
0.359164
0.569163
0.637366
0.0300661
0.183936
0.0628007
0.0347462
0.212085
0.48485
0.349126
0.823414
0.952154
0.0096762
0.185394
0.905741
0.952778
0.463656
0.0503365
0.046711
0.204017
0.011202
0.703811
0.352409
0.138972
0.219355
0.07631
0.0537097
0.80992
0.957967
0.0239472
0.107165
0.012509
0.318454
0.892392
0.0563969
0.0651708
0.0608872
0.116805
0.0416468
0.0828688
0.110589
0.904917
0.0319013
0.0817951
0.0272532
0.0204894
0.162775
0.703672
0.217475
0.0436281
0.477245
0.0436315
0.751244
0.244133
0.961126
0.664477
0.240408
0.795096
0.587644
0.175343
0.0767723
0.543203
0.0917174
0.136781
0.380786
0.0263453
0.828872
0.0192543
0.0660021
0.0532049
0.0369548
0.015054
0.115998
0.442572
0.624748
0.996934
0.989065
0.440894
0.498275
0.839682
0.44185
0.0438769
0.16582
0.191718
0.0749026
0.0412278
0.0475481
0.039778
0.0672792
0.0647915
0.124718
0.224679
0.934498
0.6671
0.0523408
0.775768
0.115296
0.903381
0.15853
0.101044
0.0465899
0.024774
0.0179667
0.116423
0.0337314
0.0541788
0.401639
0.0342327
0.319578
0.945458
0.559001
0.786047
0.738192
0.243643
0.583719
0.428615
0.0315215
0.105315
0.887145
0.602681
0.190087
0.756684
0.140206
0.038043
0.375213
0.901114
0.0376897
0.631023
0.204165
0.168898
0.0400033
0.457158
0.146609
0.539307
0.0968117
0.0416069
0.11574
0.668853
0.705406
0.0866256
0.014288
0.431324
0.0404843
0.426679
0.225523
0.120735
0.0886653
0.935385
0.213333
0.523429
0.0594821
0.172988
0.527825
0.0491603
0.832748
0.211675
0.0307809
0.0542339
0.973247
0.047222
0.0216029
0.417901
0.38881
0.228131
0.0224068
0.961845
0.904086
0.132284
0.0308782
0.80869
0.647068
0.904898
0.956568
0.218488
0.122095
0.0221099
0.0118909
0.028127
0.0366874
0.510729
0.45708
0.380764
0.126504
0.141717
0.151239
0.0268232
0.787544
0.106331
0.834179
0.110603
0.113938
0.947771
0.197082
0.935704
0.850405
0.647815
0.450025
0.0798277
0.00958233
0.424034
0.556665
0.389601
0.100662
0.488258
0.212243
0.243597
0.945895
0.107544
0.286855
0.0165743
0.176959
0.107878
0.847895
0.952906
0.143708
0.874203
0.631109
0.103808
0.499701
0.285354
0.0110988
0.00791362
0.0226564
0.859072
0.875475
0.358248
0.261394
0.360422
0.494201
0.163615
0.0310894
0.665255
0.105809
0.0954755
0.892155
0.258014
0.210582
0.893271
0.200867
0.103114
0.037496
0.910868
0.565226
0.08517
0.395751
0.0421604
0.867507
0.961332
0.519207
0.39076
0.0860659
0.370755
0.597856
0.0164516
0.025889
0.336597
0.223865
0.97595
0.38349
0.0697741
0.115664
0.00985121
0.0511576
0.236999
0.0541266
0.764319
0.535517
0.991204
0.950952
0.0132496
0.0203636
0.177991
0.0646446
0.240625
0.274298
0.567142
0.0330741
0.129571
0.189513
0.147299
0.0382045
0.130519
0.782347
0.663222
0.481039
0.311576
0.0143655
0.176714
0.0638659
0.0961159
0.189086
0.649341
0.305775
0.655563
0.575166
0.266338
0.13155
0.106141
0.79331
0.329192
0.482942
0.522895
0.815297
0.692179
0.6192
0.375998
0.641239
0.127263
0.0512691
0.0256513
0.916626
0.05755
0.0141071
0.128077
0.108471
0.0825339
0.096308
0.0596952
0.136509
0.0637417
0.721038
0.0438009
0.0305714
0.0447524
0.511881
0.108054
0.121682
0.0540972
0.606299
0.805995
0.667499
0.137702
0.509917
0.165042
0.393955
0.315591
0.0905147
0.0882813
0.0415987
0.469313
0.307627
0.189062
0.0493468
0.070629
0.0326892
0.654806
0.0392923
0.0932811
0.0811433
0.698002
0.193506
0.908968
0.950774
0.049241
0.093101
0.125346
0.846006
0.685586
0.800195
0.199693
0.0701602
0.693547
0.677805
0.361025
0.378982
0.50261
0.202213
0.229947
0.265852
0.224049
0.146541
0.0940316
0.336653
0.844875
0.823111
0.398771
0.0261555
0.227347
0.739726
0.400566
0.585296
0.012391
0.212094
0.111952
0.254596
0.0355075
0.812348
0.70651
0.036836
0.618463
0.249418
0.454362
0.0408351
0.0218583
0.0107998
0.802353
0.0304148
0.3239
0.198601
0.043393
0.921954
0.0163489
0.609795
0.18657
0.448729
0.933667
0.215939
0.0269345
0.019222
0.0674379
0.905235
0.366258
0.117181
0.304458
0.177176
0.654156
0.020063
0.765839
0.0397559
0.00928451
0.766921
0.0472085
0.051796
0.186854
0.00753643
0.0358379
0.0429413
0.154292
0.534573
0.117119
0.4953
0.310076
0.0617634
0.0175284
0.0451089
0.182558
0.229402
0.0954398
0.216464
0.147788
0.0417757
0.207525
0.756105
0.910561
0.77809
0.0220956
0.013904
0.0641774
0.0110967
0.0386588
0.0250375
0.973981
0.213198
0.617185
0.166313
0.393571
0.0635754
0.0601767
0.00875241
0.0258411
0.189438
0.560656
0.572883
0.0901833
0.804232
0.380475
0.170084
0.506874
0.167418
0.126978
0.951646
0.39553
0.95933
0.241418
0.884464
0.300832
0.641026
0.943006
0.868673
0.88735
0.136205
0.0928685
0.694155
0.320875
0.32912
0.0245018
0.047723
0.559907
0.397163
0.377078
0.0260343
0.385791
0.0415586
0.0394177
0.0384346
0.276022
0.302848
0.187171
0.158009
0.233206
0.131436
0.398314
0.0451248
0.26516
0.5484
0.0237962
0.0936676
0.0182462
0.175792
0.190644
0.742132
0.118556
0.394037
0.044689
0.0399679
0.722643
0.456559
0.875672
0.662644
0.0110864
0.124374
0.594077
0.395716
0.165991
0.439128
0.0169108
0.0375133
0.0369612
0.904231
0.488636
0.752476
0.0991453
0.0164652
0.101053
0.228617
0.295437
0.142644
0.849345
0.126614
0.906361
0.114084
0.29195
0.865971
0.931596
0.896528
0.568942
0.222234
0.0946876
0.53295
0.0864736
0.635322
0.0265154
0.0282882
0.110143
0.880903
0.456951
0.707589
0.201454
0.345838
0.051135
0.0363604
0.0177618
0.334249
0.0323726
0.344623
0.402493
0.0841556
0.0522333
0.0997917
0.152338
0.460357
0.616049
0.52327
0.205593
0.693937
0.083804
0.265927
0.658994
0.0467158
0.812772
0.114893
0.313875
0.883174
0.393347
0.00816887
0.205028
0.47881
0.0628653
0.597873
0.12393
0.0266325
0.352275
0.437484
0.923808
0.679794
0.105749
0.86606
0.0464252
0.624653
0.0698244
0.28594
0.248386
0.306242
0.10219
0.94604
0.101379
0.123345
0.0403589
0.0614813
0.0758083
0.0176566
0.0518517
0.743067
0.0782337
0.025659
0.028778
0.164265
0.117353
0.0691715
0.525891
0.375425
0.0518695
0.936514
0.13693
0.0673116
0.212685
0.453272
0.0222592
0.0415905
0.0812982
0.790849
0.121598
0.0944332
0.259696
0.00625765
0.012082
0.145441
0.406254
0.0293679
0.113035
0.0346611
0.0162776
0.108103
0.0401091
0.0225297
0.276991
0.286827
0.251901
0.117498
0.134556
0.116853
0.128757
0.314298
0.0216652
0.846354
0.0157045
0.240439
0.146728
0.0599355
0.0207903
0.359091
0.0844358
0.700372
0.714688
0.140315
0.168017
0.0370093
0.00616326
0.922755
0.625177
0.0587735
0.0483459
0.128688
0.0176205
0.665086
0.96485
0.0395034
0.817089
0.349837
0.326317
0.0281765
0.950898
0.24861
0.308142
0.160156
0.767439
0.021775
0.0111729
0.779023
0.0218908
0.841734
0.35113
0.681156
0.0107183
0.0175046
0.317604
0.408706
0.18164
0.0184016
0.68465
0.391651
0.00933008
0.0513557
0.0158805
0.802251
0.927545
0.120615
0.120426
0.0275958
0.113368
0.879763
0.317365
0.0926566
0.156344
0.00867909
0.904644
0.1022
0.0969291
0.0897263
0.0155847
0.0148842
0.0506711
0.814276
0.0511179
0.10912
0.358469
0.934993
0.0760643
0.1639
0.0145154
0.0621384
0.133443
0.0629875
0.0959886
0.0498628
0.195159
0.0181905
0.162815
0.00826797
0.00960293
0.0314474
0.00757597
0.00529708
0.0210805
0.0143509
0.595794
0.12823
0.516487
0.0863295
0.948456
0.966949
0.936997
0.817315
0.484415
0.0417527
0.0439154
0.0383782
0.0186321
0.0344051
0.210162
0.89785
0.144686
0.411828
0.0849214
0.330027
0.0428405
0.103555
0.209096
0.9533
0.959433
0.975933
0.959297
0.322161
0.0365658
0.0238173
0.0351519
0.953005
0.0879878
0.023411
0.0233328
0.0229785
0.0420828
0.0245407
0.0184342
0.0254197
0.147804
0.123862
0.0534773
0.208803
0.993312
0.991298
0.977613
0.953895
0.984489
0.204531
0.0422417
0.0343015
0.165445
0.0580566
0.0395439
0.0445946
0.934486
0.886242
0.0198851
0.509827
0.0277985
0.0268326
0.0438844
0.00382673
0.983027
0.925763
0.0430563
0.984884
0.945243
0.901936
0.11447
0.679512
0.311163
0.180107
0.0644293
0.83119
0.00494017
0.938756
0.0144314
0.0610439
0.361242
0.435353
0.0194405
0.918468
0.651606
0.235096
0.0647024
0.453547
0.948798
0.843054
0.132326
0.855074
0.202976
0.30402
0.0469618
0.923626
0.202614
0.212354
0.833965
0.914629
0.851374
0.751396
0.0439432
0.518792
0.0781014
0.202764
0.475982
0.0296468
0.0919327
0.286317
0.0821477
0.520785
0.0285246
0.0948271
0.0605082
0.930092
0.124853
0.463203
0.475077
0.359173
0.0698019
0.208413
0.784977
0.173653
0.110266
0.820796
0.793783
0.289252
0.233898
0.0397897
0.481072
0.0799982
0.0818176
0.43907
0.408661
0.174921
0.33676
0.0559172
0.448368
0.122078
0.210026
0.493679
0.215239
0.825282
0.931784
0.38633
0.207067
0.048568
0.96352
0.493367
0.532527
0.0575577
0.400516
0.741178
0.327679
0.171551
0.29349
0.145271
0.923722
0.947635
0.833728
0.745252
0.966794
0.141034
0.276964
0.156436
0.454414
0.435656
0.0551394
0.161262
0.0924726
0.410786
0.103724
0.152713
0.48616
0.339351
0.23217
0.279985
0.0985097
0.866985
0.131994
0.144904
0.49153
0.251178
0.0234708
0.0941708
0.438767
0.0154839
0.593898
0.0244127
0.182346
0.128738
0.630978
0.144542
0.766201
0.441115
0.0387381
0.0097068
0.644495
0.0146098
0.0536364
0.0146323
0.067935
0.0561632
0.0497329
0.217867
0.0902874
0.0234836
0.03159
0.0437089
0.0185209
0.0373334
0.026145
0.0131687
0.0576135
0.0268312
0.00558998
0.0532586
0.0574333
0.051211
0.0306647
0.127121
0.159961
0.0854453
0.277385
0.137683
0.0217687
0.244236
0.26519
0.0297863
0.0284398
0.0258003
0.595893
0.0739355
0.124873
0.0962377
0.0232783
0.0316214
0.0624438
0.263965
0.0436652
0.0606552
0.0160187
0.0217573
0.0523483
0.420079
0.296726
0.156937
0.0279617
0.0225482
0.0194421
0.0550743
0.0201347
0.415424
0.11274
0.0747183
0.111171
0.189725
0.0267471
0.82542
0.0436178
0.0199713
0.0418881
0.558395
0.0291303
0.28624
0.157759
0.0547136
0.0261175
0.024907
0.0575099
0.0478017
0.24182
0.0512473
0.292816
0.268458
0.652533
0.135315
0.727082
0.0186228
0.0741025
0.417816
0.431541
0.0648844
0.721881
0.961605
0.474277
0.511769
0.0906645
0.0781409
0.0866082
0.0433641
0.0112006
0.340253
0.0682568
0.206756
0.015387
0.0401009
0.0283041
0.111139
0.00504925
0.0102432
0.0746535
0.0253151
0.0110319
0.0332058
0.0184384
0.00687806
0.0687218
0.153396
0.0435504
0.0049152
0.643578
0.313052
0.136421
0.0839891
0.154975
0.069063
0.0204054
0.0962419
0.299772
0.0157965
0.0253669
0.0598728
0.032218
0.0277667
0.0237568
0.0239417
0.0185128
0.0994924
0.0259473
0.428061
0.795176
0.0463263
0.0183855
0.342992
0.0443358
0.0105824
0.0735843
0.0938491
0.123088
0.0452777
0.125242
0.0542236
0.25234
0.0584447
0.0414401
0.0344424
0.352365
0.389102
0.0914038
0.611814
0.0461731
0.206821
0.0190063
0.0163348
0.023553
0.0543928
0.0811571
0.161697
0.0585141
0.0817888
0.0714051
0.0115749
0.0329227
0.0343495
0.099671
0.0405089
0.107895
0.128061
0.0623477
0.126355
0.035889
0.148072
0.052953
0.0548219
0.0949496
0.0662499
0.120859
0.0511001
0.144516
0.0726351
0.0332897
0.0451693
0.106014
0.124269
0.299775
0.0287983
0.0394396
0.889573
0.0670145
0.0315288
0.0642221
0.0824831
0.0796973
0.032699
0.0751709
0.0788639
0.167956
0.0483606
0.148219
0.232753
0.0496254
0.185157
0.150713
0.0714037
0.017635
0.193808
0.00934252
0.0440706
0.0599654
0.0284409
0.0880381
0.0534456
0.12054
0.139127
0.0328805
0.0904013
0.166712
0.0537517
0.0901935
0.252168
0.077019
0.0210092
0.00576986
0.00754703
0.0875833
0.148507
0.027469
0.0168704
0.0175284
0.185083
0.0124127
0.0483442
0.0518697
0.0223731
0.0963163
0.1301
0.111203
0.247453
0.0194328
0.0760432
0.0692395
0.0409466
0.126381
0.0565254
0.0572556
0.0366399
0.0442518
0.0229011
0.0423691
0.025609
0.168353
0.0363446
0.0263485
0.0539169
0.246095
0.746056
0.450388
0.154194
0.100614
0.356473
0.209033
0.964854
0.0192027
0.0665156
0.0867638
0.579075
0.586766
0.125539
0.0955821
0.426239
0.0180091
0.304556
0.482126
0.016662
0.0110777
0.0158562
0.516695
0.50005
0.28199
0.151775
0.0419802
0.0204341
0.159607
0.0275606
0.0260912
0.335423
0.347465
0.0694435
0.0236629
0.0581382
0.101439
0.193463
0.0190476
0.052813
0.0338352
0.411547
0.294041
0.272575
0.0512066
0.0396111
0.142662
0.0363379
0.0483403
0.0436854
0.0168636
0.0332167
0.0636805
0.0333132
0.0143758
0.012358
0.0446667
0.126754
0.181308
0.0896943
0.981891
0.969645
0.874052
0.0214535
0.807029
0.928327
0.0263092
0.00904645
0.516021
0.0904787
0.0375176
0.0351226
0.0191727
0.201305
0.0422088
0.0282053
0.120953
0.0293657
0.0698403
0.0156565
0.0613722
0.993796
0.978353
0.0781271
0.509269
0.0424107
0.108701
0.0878698
0.0622413
0.0210702
0.118011
0.429977
0.15631
0.254878
0.519615
0.0432473
0.252638
0.0363119
0.524026
0.0456365
0.558826
0.0289319
0.0263519
0.0655391
0.0169916
0.589736
0.0376609
0.0745753
0.376406
0.034596
0.0297473
0.0173757
0.153065
0.0455525
0.0114361
0.0309176
0.194751
0.27003
0.0518534
0.466875
0.164335
0.297807
0.0229358
0.0169043
0.0146693
0.0440279
0.0856582
0.0321047
0.0178547
0.0308529
0.0450771
0.0436063
0.066505
0.0441421
0.901638
0.0373292
0.245723
0.125371
0.163906
0.036052
0.0140491
0.0213927
0.577034
0.0100858
0.710781
0.603365
0.921364
0.0227922
0.02179
0.0221334
0.0133774
0.0197788
0.0268657
0.0175186
0.161978
0.039773
0.203116
0.0394811
0.054176
0.0550401
0.0161984
0.479688
0.33565
0.139395
0.0619115
0.105265
0.0371753
0.0165023
0.00946867
0.100262
0.0196152
0.808352
0.556697
0.00788417
0.0474456
0.281298
0.00874423
0.0198752
0.352212
0.226966
0.20603
0.195342
0.0540892
0.0672866
0.0183145
0.0173564
0.0726424
0.0115031
0.0289239
0.0235455
0.0744186
0.0075701
0.0205036
0.0460805
0.0829863
0.0694828
0.0581436
0.0314805
0.248818
0.0811254
0.00788873
0.0439837
0.250046
0.0214537
0.0227942
0.0238503
0.116809
0.0411788
0.113667
0.023516
0.0131318
0.0175328
0.430655
0.932743
0.64684
0.0649261
0.0140955
0.342612
0.0156773
0.101542
0.0270566
0.0882153
0.910136
0.0194385
0.0458695
0.0258105
0.0609687
0.0159654
0.0525547
0.0386214
0.0788681
0.688986
0.252812
0.17563
0.0765987
0.0586714
0.273733
0.502152
0.0503659
0.0507945
0.650044
0.277658
0.737819
0.56178
0.0448233
0.898125
0.0740351
0.130081
0.00560958
0.191423
0.0664637
0.336859
0.434262
0.14016
0.12381
0.014192
0.0670165
0.0569559
0.0758683
0.144925
0.0487005
0.0468934
0.0212539
0.030595
0.0207249
0.015669
0.851104
0.041184
0.0294997
0.0481288
0.040343
0.00999719
0.135863
0.0844354
0.476438
0.0261808
0.0476437
0.860985
0.0259344
0.111165
0.757803
0.043977
0.0286053
0.114418
0.0571428
0.0522987
0.061138
0.00987694
0.0163013
0.0401284
0.194717
0.140265
0.776461
0.665575
0.690145
0.158209
0.0230257
0.0791465
0.0141567
0.00789156
0.014113
0.0518271
0.134219
0.40213
0.306878
0.137955
0.024704
0.00589224
0.104448
0.0127856
0.0745845
0.0235554
0.0129924
0.0132777
0.0156441
0.0364136
0.147127
0.0954717
0.205562
0.0751662
0.0113486
0.0328436
0.0241947
0.945504
0.862677
0.0950541
0.0627088
0.0445853
0.0544666
0.0536617
0.044036
0.0190772
0.0618195
0.556977
0.0835518
0.0146035
0.0118849
0.0527896
0.0132534
0.0211182
0.0787975
0.0628302
0.0295769
0.638515
0.179054
0.0353403
0.0745844
0.0344174
0.031859
0.33414
0.180294
0.0121043
0.0137052
0.0558905
0.0435092
0.0805654
0.036076
0.0690842
0.0320653
0.21111
0.0366936
0.0207016
0.022576
0.695115
0.181055
0.419646
0.429568
0.210317
0.0186577
0.0220632
0.0293886
0.0180982
0.0916973
0.0795966
0.233369
0.059197
0.0156972
0.0617535
0.0126949
0.0192108
0.0244103
0.0301221
0.106696
0.79599
0.0248183
0.185954
0.0139307
0.517787
0.0722385
0.00624483
0.250853
0.118383
0.575423
0.0710443
0.332769
0.117844
0.0216773
0.0153321
0.0703655
0.0373913
0.0274918
0.00254118
0.0413417
0.0261485
0.0377823
0.0388755
0.91863
0.32778
0.941649
0.019601
0.113605
0.00694206
0.0910145
0.0112281
0.00794342
0.0431499
0.00656066
0.0914482
0.0905394
0.0652111
0.0126026
0.126888
0.0198232
0.0746555
0.104057
0.275181
0.55331
0.730122
0.128171
0.0381124
0.0632386
0.0502068
0.06658
0.0237193
0.446942
0.0148549
0.0992463
0.0091631
0.0232023
0.0659088
0.0219719
0.0739829
0.0320716
0.0257706
0.247741
0.0256598
0.0517759
0.0640237
0.0764609
0.233852
0.0346603
0.00982945
0.115105
0.324942
0.0287143
0.0721327
0.177158
0.032527
0.0392747
0.10529
0.0533755
0.0222715
0.0254132
0.0339424
0.0374931
0.009464
0.0493379
0.0199212
0.21062
0.141832
0.0220772
0.0661364
0.100923
0.0872974
0.0284154
0.221142
0.0490826
0.0411316
0.0365285
0.0801682
0.283782
0.0127993
0.0457065
0.0592107
0.0456112
0.0533341
0.0261677
0.0739897
0.0727572
0.0673243
0.0601451
0.0120658
0.0239205
0.178216
0.0161727
0.824257
0.507974
0.627042
0.035995
0.654084
0.72368
0.0132384
0.108968
0.00850617
0.0107089
0.00974632
0.0390097
0.1597
0.0374703
0.0850406
0.0193442
0.0515483
0.371904
0.324949
0.0470102
0.992896
0.896807
0.0506085
0.00983563
0.0134188
0.0312324
0.798838
0.0747867
0.250284
0.0283773
0.0428786
0.158791
0.0611721
0.013122
0.153231
0.937408
0.0430966
0.571738
0.746704
0.794837
0.0506998
0.0174807
0.0300072
0.0508605
0.180398
0.0422751
0.0293582
0.062637
0.728066
0.130099
0.00886417
0.0151173
0.0901438
0.22016
0.0155527
0.0120777
0.0488767
0.159358
0.165566
0.0105116
0.0666372
0.957017
0.059167
0.0269812
0.102057
0.052201
0.139924
0.0336248
0.896721
0.0679199
0.0219148
0.0186936
0.0619022
0.0242714
0.0316271
0.0462414
0.100045
0.0822608
0.103613
0.678214
0.0164611
0.0774176
0.207109
0.462901
0.036642
0.211166
0.0124151
0.192606
0.00802991
0.0154262
0.0712412
0.184464
0.0345902
0.0807309
0.0109973
0.601668
0.682551
0.0621438
0.110878
0.0230417
0.0191123
0.0250549
0.0217092
0.0441086
0.0177762
0.0279544
0.0346497
0.0516879
0.0296519
0.0482465
0.139367
0.0603378
0.0836691
0.0495083
0.0423434
0.031368
0.0272308
0.0145915
0.0586908
0.0389842
0.0274052
0.183747
0.216583
0.0902433
0.298404
0.230262
0.035244
0.0452831
0.039976
0.0285706
0.082913
0.799801
0.405401
0.0283084
0.164909
0.317501
0.0516361
0.026792
0.0737641
0.45523
0.0365554
0.06614
0.0322816
0.38052
0.155237
0.920173
0.145738
0.116322
0.0583754
0.0503641
0.149763
0.0621454
0.255685
0.0359982
0.558451
0.0828776
0.0166184
0.090068
0.0202835
0.188748
0.0224135
0.0328808
0.054298
0.149409
0.014052
0.0132116
0.0229658
0.568587
0.431855
0.133024
0.292404
0.124006
0.00687097
0.195791
0.0628938
0.195374
0.043413
0.207556
0.17082
0.0860823
0.111227
0.0803998
0.00847847
0.0244741
0.144167
0.199495
0.256215
0.536176
0.408119
0.299429
0.0125167
0.0349342
0.0187325
0.034775
0.479252
0.014594
0.0470395
0.0233954
0.137454
0.0720979
0.158605
0.623173
0.0722187
0.141792
0.0187551
0.0667414
0.977487
0.849778
0.112575
0.0373559
0.0265849
0.247672
0.13578
0.0390245
0.339771
0.065605
0.0205505
0.0289613
0.0257613
0.0516414
0.0383744
0.0406434
0.0416551
0.0212862
0.123579
0.0294603
0.500675
0.0880598
0.133484
0.0555917
0.155744
0.248065
0.132229
0.0670431
0.0274088
0.0648305
0.0720259
0.991991
0.996224
0.97102
0.0143229
0.635581
0.0506592
0.014803
0.0134967
0.104943
0.0797349
0.0173721
0.0493665
0.0903188
0.0610284
0.0312369
0.0340548
0.0167531
0.707592
0.146495
0.0105903
0.208587
0.192737
0.0229651
0.058788
0.140486
0.0213721
0.0354743
0.0878225
0.578695
0.0220951
0.147014
0.0298921
0.0151752
0.0662539
0.0724318
0.498957
0.0385233
0.0169374
0.0454137
0.0925696
0.0126981
0.375241
0.0620842
0.0432839
0.0671698
0.0689757
0.0210791
0.175594
0.074255
0.00701162
0.0379762
0.0328082
0.0120411
0.174725
0.0643194
0.0328573
0.0218344
0.183626
0.102392
0.198245
0.236543
0.0113948
0.00633387
0.0296525
0.0664752
0.0337751
0.0454975
0.222938
0.0302342
0.202438
0.00619439
0.0706016
0.927751
0.906708
0.675285
0.169253
0.0181221
0.0193793
0.0596692
0.595409
0.0861901
0.0721529
0.101023
0.0453009
0.0511213
0.0163163
0.0861316
0.971902
0.0232193
0.029342
0.0201555
0.834517
0.696854
0.0351777
0.448622
0.343873
0.406639
0.191211
0.158589
0.0127791
0.264122
0.150572
0.459388
0.285695
0.0211883
0.0914386
0.0567431
0.255249
0.0561652
0.16342
0.614049
0.358245
0.0566231
0.342558
0.490715
0.315971
0.0774084
0.0745354
0.0188667
0.274108
0.160891
0.0485436
0.105783
0.0538226
0.0321073
0.0630437
0.79941
0.233877
0.0980971
0.0171277
0.960794
0.268501
0.305059
0.267638
0.0299229
0.588881
0.0727914
0.273529
0.0422164
0.0252826
0.111477
0.0193618
0.0345606
0.345741
0.0667876
0.011515
0.574533
0.307519
0.0436385
0.0313798
0.0921967
0.173366
0.0465299
0.0282791
0.0110808
0.0652518
0.0669296
0.0164994
0.0197324
0.0264986
0.143396
0.0933886
0.140281
0.0505343
0.863747
0.0183366
0.0385506
0.0101219
0.62022
0.260836
0.230442
0.123648
0.372676
0.863925
0.889877
0.949776
0.839724
0.484203
0.823287
0.859163
0.72816
0.767623
0.325211
0.828808
0.0520108
0.104491
0.547308
0.301974
0.0555057
0.711365
0.513799
0.0284405
0.0328309
0.0600723
0.595845
0.464567
0.0358056
0.185466
0.233074
0.134086
0.175105
0.010381
0.208155
0.0157274
0.896063
0.538786
0.0756251
0.0333689
0.0414372
0.0984026
0.113898
0.146605
0.0836235
0.20413
0.123982
0.00952985
0.0667965
0.0276243
0.0304688
0.674492
0.306461
0.13644
0.0752243
0.0977122
0.0157078
0.0388362
0.0288433
0.0252566
0.10043
0.080063
0.588035
0.681579
0.137053
0.335113
0.0722168
0.0122581
0.0917613
0.120102
0.0506047
0.0258781
0.0155425
0.0257668
0.00438428
0.0124094
0.021571
0.0237528
0.21908
0.310217
0.0231191
0.135151
0.00838306
0.0334693
0.011662
0.18759
0.124867
0.0909793
0.134786
0.184416
0.0294291
0.048121
0.239808
0.0106403
0.198498
0.0161232
0.0288121
0.633067
0.032745
0.0123695
0.884503
0.048549
0.68989
0.0488126
0.493161
0.129269
0.605728
0.240743
0.149049
0.433849
0.0771267
0.866902
0.414452
0.0233999
0.268878
0.951481
0.764944
0.0593207
0.458373
0.0099064
0.0959851
0.134309
0.0647255
0.0294326
0.430832
0.042727
0.124038
0.176399
0.0886978
0.173634
0.0378331
0.00598996
0.37778
0.500776
0.377588
0.184058
0.305218
0.485711
0.0283237
0.105719
0.219083
0.106683
0.387043
0.060727
0.0143358
0.00891634
0.0157195
0.0674496
0.0840535
0.0137874
0.0917823
0.0337633
0.0187231
0.0376751
0.0281364
0.0751124
0.242186
0.110477
0.0139159
0.076223
0.00594361
0.0221699
0.100759
0.0262462
0.0151328
0.132554
0.707631
0.00892946
0.704634
0.040057
0.0463716
0.952287
0.0268464
0.902479
0.0181338
0.949466
0.5384
0.309257
0.490317
0.0584731
0.0425698
0.0220131
0.0298409
0.0629245
0.172741
0.0241413
0.0306611
0.0845872
0.896311
0.69698
0.121382
0.0166952
0.0343596
0.839795
0.0331154
0.104768
0.0315479
0.0983347
0.687573
0.947177
0.040343
0.560019
0.920429
0.671407
0.185655
0.189894
0.574571
0.0679063
0.0246514
0.0118333
0.0513345
0.021533
0.0276112
0.0408454
0.0874067
0.0055949
0.289662
0.394953
0.00755843
0.0595781
0.402291
0.186605
0.0400504
0.159131
0.572271
0.443627
0.289673
0.844972
0.00662039
0.0107561
0.0512761
0.0848171
0.735041
0.0305476
0.0319725
0.953545
0.17586
0.0324335
0.0344865
0.0781598
0.0324236
0.169022
0.186914
0.0173503
0.134172
0.0394231
0.0203149
0.384448
0.207881
0.0911801
0.0119887
0.0152726
0.0736936
0.94134
0.127404
0.0423837
0.0638183
0.0247132
0.0276965
0.0312541
0.0218588
0.08178
0.0827324
0.0623082
0.0299582
0.112579
0.340078
0.356118
0.128084
0.0547006
0.0494871
0.449752
0.0319974
0.0144213
0.00818215
0.985596
0.972625
0.283782
0.0813552
0.0419387
0.100397
0.00639765
0.29989
0.0114849
0.0323813
0.111081
0.0245675
0.0518448
0.028172
0.00925336
0.0277082
0.153192
0.0606791
0.0180528
0.0252515
0.0547603
0.056116
0.035786
0.94118
0.89054
0.922672
0.0482656
0.0304173
0.205695
0.958678
0.950937
0.0497917
0.0797764
0.0152258
0.724517
0.0147679
0.0266828
0.12229
0.0192754
0.0458819
0.00686287
0.0133488
0.0130676
0.0564858
0.236041
0.11221
0.0172363
0.0131184
0.509594
0.160157
0.863346
0.890482
0.0286791
0.0280304
0.039589
0.0155388
0.0560307
0.358383
0.320959
0.0200997
0.0133
0.0133748
0.0245345
0.854724
0.873793
0.662219
0.989352
0.063071
0.0268922
0.00628379
0.0437888
0.915914
0.984669
0.978717
0.667702
0.832131
0.00918797
0.0174649
0.943842
0.00847712
0.0346195
0.0563773
0.872585
0.0216135
0.0131564
0.0618253
0.0121773
0.0953763
0.0236621
0.0279248
0.00590596
0.011503
0.930999
0.0504948
0.665617
0.032884
0.906147
0.975411
0.791399
0.856748
0.407687
0.165633
0.256257
0.0963987
0.325594
0.0346912
0.112562
0.356656
0.893971
0.236399
0.130559
0.0908629
0.0132943
0.924244
0.0340816
0.36656
0.0711555
0.954437
0.819042
0.994037
0.988016
0.991204
0.980795
0.176881
0.325619
0.0696854
0.425987
0.0410543
0.0942811
0.550301
0.0229795
0.113379
0.0251479
0.0417984
0.383125
0.138195
0.0561685
0.16242
0.103354
0.0468962
0.0353513
0.02509
0.0661601
0.0830372
0.116221
0.06235
0.0245889
0.0175235
0.0305015
0.0952837
0.235588
0.0186039
0.0426753
0.0147419
0.125925
0.322057
0.0175872
0.0385955
0.107461
0.123311
0.0323798
0.108964
0.587459
0.021726
0.136878
0.945037
0.97792
0.136308
0.0136568
0.0967573
0.129542
0.229417
0.0152326
0.0537339
0.857932
0.0407015
0.0478549
0.552905
0.38081
0.0234536
0.0146159
0.011898
0.122123
0.0784489
0.0125575
0.618086
0.616321
0.184883
0.0293914
0.154041
0.174004
0.0689936
0.0209259
0.0101972
0.0146322
0.0249319
0.0272374
0.0586314
0.0315674
0.0730093
0.0242185
0.0197771
0.1065
0.0667639
0.0283887
0.0099726
0.079831
0.0527481
0.080847
0.0062415
0.0192934
0.00295458
0.0228737
0.0441868
0.0513428
0.0176874
0.111336
0.0267705
0.537109
0.0386811
0.0184155
0.0148668
0.0837822
0.0180019
0.0105888
0.0115855
0.0358212
0.0130418
0.874532
0.070773
0.454345
0.346719
0.123367
0.0598755
0.322469
0.0804322
0.328427
0.0389727
0.498297
0.0529217
0.184515
0.71758
0.106707
0.00950095
0.361243
0.179813
0.0536344
0.134083
0.0193683
0.0556545
0.0902737
0.0305767
0.0157194
0.0063429
0.016659
0.0138831
0.279227
0.959112
0.974247
0.249508
0.157145
0.0993421
0.0361114
0.0530904
0.0975357
0.0181088
0.044874
0.056103
0.0168426
0.698162
0.0119148
0.0152391
0.889345
0.0340291
0.0375471
0.0215511
0.0176423
0.0579545
0.00852045
0.0434433
0.0716549
0.0275512
0.0701889
0.202887
0.0336563
0.00929877
0.0271672
0.00753582
0.0812132
0.0171198
0.230666
0.011162
0.0458942
0.146821
0.0324269
0.00323742
0.0369621
0.0811392
0.0656627
0.0458539
0.554805
0.031627
0.0224199
0.149842
0.22421
0.85363
0.231607
0.0484183
0.0272065
0.549459
0.260922
0.194779
0.0314711
0.0119302
0.192259
0.0387416
0.0071519
0.0368619
0.0548057
0.185348
0.0378146
0.0435925
0.074815
0.0153272
0.0969109
0.130059
0.0192164
0.0274807
0.0559642
0.0303511
0.109592
0.0253308
0.0209847
0.0361426
0.156818
0.22037
0.0464734
0.0999844
0.0886854
0.0960204
0.0659598
0.0321966
0.0759281
0.0683036
0.278265
0.1352
0.0269538
0.0352867
0.0688216
0.00725854
0.0177544
0.0820888
0.0932552
0.06893
0.0751979
0.0783941
0.0163042
0.0462822
0.0443891
0.00377822
0.0146202
0.221984
0.0486329
0.0201468
0.986618
0.933697
0.982608
0.026267
0.0853254
0.022801
0.139737
0.209079
0.0517761
0.147425
0.138666
0.372932
0.157529
0.144001
0.0461297
0.453997
0.653966
0.312854
0.0293445
0.0270975
0.0615692
0.0253849
0.0247909
0.653484
0.152017
0.0197177
0.0506433
0.0942328
0.0314963
0.0182777
0.174171
0.0694867
0.0374475
0.153709
0.181932
0.515992
0.164278
0.433645
0.0220621
0.0921938
0.0460743
0.0210059
0.15242
0.149146
0.0205219
0.261577
0.216955
0.0242362
0.955939
0.398257
0.0968825
0.630137
0.0340617
0.369825
0.923568
0.151736
0.0305224
0.519549
0.0359651
0.264676
0.117886
0.14714
0.043942
0.0369766
0.0232615
0.098524
0.0979366
0.0428131
0.0629391
0.00503281
0.0182567
0.0639098
0.0409648
0.0360323
0.0596055
0.0106032
0.101841
0.366114
0.125363
0.0680607
0.450005
0.405349
0.0384992
0.0167426
0.569902
0.0314756
0.158617
0.0935613
0.107684
0.0545651
0.387733
0.0456147
0.0210911
0.0167392
0.153418
0.0182496
0.0205404
0.0134951
0.209313
0.0705289
0.307274
0.653671
0.0414883
0.0283722
0.115036
0.0383793
0.017815
0.0702432
0.0256351
0.140876
0.0563351
0.734465
0.253235
0.315695
0.698372
0.468496
0.432624
0.52294
0.102879
0.0746784
0.901962
0.850558
0.60361
0.0164821
0.0472763
0.152404
0.0211442
0.0155543
0.0440441
0.208758
0.220254
0.0258276
0.604769
0.158982
0.121919
0.335246
0.0235074
0.207164
0.0465103
0.130012
0.0890341
0.755126
0.0658998
0.182321
0.238837
0.561233
0.552993
0.0368742
0.0460787
0.229388
0.150502
0.0352062
0.083703
0.151574
0.0667569
0.0300464
0.0620147
0.308992
0.00765808
0.138534
0.638769
0.0402487
0.00752885
0.0455474
0.174717
0.227863
0.113426
0.148097
0.200362
0.157803
0.143775
0.538564
0.0644529
0.0833509
0.0267203
0.0159445
0.0919608
0.0465439
0.0714787
0.222539
0.169224
0.0851004
0.0934422
0.0638873
0.143805
0.262358
0.0551986
0.0239992
0.0437581
0.135322
0.205199
0.0250204
0.0627212
0.0898615
0.0519837
0.0625418
0.0770386
0.0297615
0.00765097
0.0824018
0.0717027
0.14641
0.0876065
0.261385
0.0336253
0.106481
0.774566
0.204861
0.0571038
0.351257
0.0299488
0.0130042
0.023398
0.212867
0.111523
0.010306
0.546433
0.0341804
0.0169438
0.0137414
0.0214528
0.0921832
0.250952
0.0859898
0.342517
0.602432
0.0376571
0.287973
0.0769421
0.130428
0.0268708
0.0565958
0.205157
0.0182303
0.131329
0.0486191
0.123905
0.747877
0.0189594
0.100085
0.341144
0.036486
0.63901
0.19544
0.210561
0.207499
0.0467184
0.00939586
0.24922
0.0324539
0.0210891
0.0456097
0.0202741
0.0214665
0.0453601
0.0371609
0.0943222
0.0244761
0.0185346
0.246736
0.11286
0.302146
0.0725918
0.074083
0.0733741
0.0791287
0.0517719
0.403129
0.0432805
0.131879
0.0179902
0.0519474
0.0110323
0.0631909
0.0151494
0.0537287
0.0452581
0.143635
0.162324
0.548334
0.0377431
0.0508608
0.0509646
0.0228237
0.0143546
0.0186243
0.0463404
0.159051
0.00691254
0.32834
0.535835
0.203013
0.104404
0.0194074
0.0133463
0.225028
0.0647682
0.0529049
0.231573
0.0542371
0.0770287
0.0360958
0.0191277
0.102392
0.0826469
0.0451773
0.026795
0.157187
0.0961336
0.144183
0.2272
0.304278
0.0439231
0.140182
0.215218
0.210238
0.0462412
0.0213357
0.0240847
0.0876879
0.0116758
0.0112983
0.103283
0.0308718
0.0199021
0.0112043
0.00854347
0.024378
0.017081
0.0846367
0.187709
0.123589
0.0124305
0.036017
0.189231
0.189563
0.0461377
0.00773995
0.0767863
0.0585837
0.0599787
0.0545901
0.0424366
0.0614811
0.224097
0.0525559
0.0803272
0.0601902
0.0451412
0.0977301
0.0581375
0.284178
0.169171
0.196717
0.0326123
0.383442
0.0229007
0.0506619
0.334773
0.0699384
0.0435496
0.0727369
0.0543947
0.101909
0.0622964
0.0413165
0.0206847
0.0252624
0.0163814
0.0935554
0.0845086
0.370872
0.064474
0.00865091
0.0296622
0.0329506
0.0131359
0.00978498
0.0254828
0.0850412
0.504521
0.102674
0.0141931
0.316773
0.0326111
0.480883
0.144783
0.518527
0.254289
0.314651
0.0800502
0.446662
0.11409
0.0119602
0.0317576
0.0137443
0.0106824
0.194648
0.0330615
0.106683
0.0684145
0.43041
0.0207874
0.0287603
0.0750829
0.0326751
0.0506478
0.0197279
0.0247412
0.0235751
0.145329
0.804533
0.0305691
0.0198759
0.0658646
0.164845
0.0258733
0.0299832
0.0277167
0.0463061
0.322335
0.167575
0.176753
0.201665
0.0207355
0.0414784
0.040574
0.0459556
0.032687
0.0173786
0.0183207
0.154276
0.00856933
0.0618131
0.0225614
0.0190278
0.051159
0.503196
0.207476
0.0497987
0.599824
0.0357984
0.0169465
0.0250459
0.065031
0.0484
0.0888516
0.0861382
0.237978
0.036809
0.0115024
0.121231
0.019749
0.0478557
0.149932
0.0143985
0.260735
0.0905717
0.112117
0.0125272
0.0196459
0.00850019
0.0261839
0.0350077
0.143092
0.0214325
0.00757139
0.0181969
0.0113117
0.0300965
0.0380136
0.00980841
0.0485594
0.0271941
0.060371
0.171361
0.348007
0.029467
0.0496795
0.0321121
0.0467709
0.0153187
0.0666697
0.14066
0.0419229
0.103047
0.0669006
0.00670505
0.0343757
0.0169447
0.110889
0.120501
0.419302
0.256009
0.0217836
0.0721655
0.0772115
0.102051
0.141218
0.0663923
0.0341077
0.116086
0.310363
0.151062
0.0110203
0.0791236
0.0710929
0.124216
0.0480035
0.0666313
0.0316761
0.319553
0.0774187
0.1739
0.0504417
0.0337358
0.116003
0.0449103
0.0742177
0.526612
0.261815
0.211871
0.0209048
0.0506384
0.124326
0.121464
0.063807
0.0213927
0.0157726
0.052638
0.0223596
0.022468
0.351635
0.00897284
0.0509908
0.0173428
0.02064
0.0340697
0.0261329
0.216964
0.0647326
0.0684006
0.0246709
0.013474
0.06154
0.0533331
0.0448228
0.0763365
0.213329
0.185032
0.0432034
0.0238044
0.0383546
0.032506
0.0364277
0.0292002
0.00729825
0.0262647
0.0643357
0.0238996
0.00587737
0.0118716
0.0176249
0.0155301
0.074658
0.0193291
0.0289568
0.0534578
0.0271478
0.581624
0.0267023
0.00633307
0.0144511
0.0623241
0.0543221
0.0322038
0.0274686
0.0420827
0.103838
0.355248
0.024376
0.0215992
0.013442
0.193291
0.039405
0.0243277
0.0367356
0.0395371
0.0716959
0.11283
0.0490407
0.0125917
0.2929
0.00551537
0.0349386
0.0280506
0.0968491
0.0135264
0.00622754
0.0123675
0.142863
0.0416682
0.0165845
0.0724218
0.0314567
0.0896579
0.0653382
0.0542047
0.0229946
0.0183537
0.0166799
0.0272722
0.0053098
0.0287406
0.0201905
0.078498
0.0318597
0.00850069
0.0589704
0.0906075
0.0322767
0.0241827
0.0487526
0.0655931
0.0631738
0.0249046
0.0942868
0.0335001
0.0151142
0.048952
0.183841
0.0367011
0.0292153
0.0431259
0.0516799
0.057772
0.128653
0.0171503
0.0194617
0.0205836
0.0156981
0.0702831
0.02498
0.0306852
0.00861027
0.0848186
0.108598
0.0309181
0.161636
0.0302529
0.0987499
0.0632195
0.0252001
0.198515
0.0482477
0.0051889
0.296666
0.0732832
0.322997
0.0157959
0.0425378
0.21472
0.143821
0.0482679
0.0486357
0.123836
0.0327697
0.0467582
0.0224313
0.164658
0.177022
0.313263
0.00793895
0.0310064
0.0234344
0.0509387
0.0582199
0.0514296
0.0950378
0.0356894
0.0531842
0.364352
0.0173375
0.187648
0.0399143
0.0738104
0.0857167
0.222505
0.0925321
0.0197369
0.150593
0.201923
0.0236241
0.0494538
0.0263796
0.0161012
0.131806
0.0907166
0.239443
0.0340509
0.0461299
0.0487167
0.0427578
0.0138861
0.331504
0.182018
0.0278623
0.0371207
0.015692
0.0230718
0.0167399
0.0949931
0.0302021
0.0144641
0.0429152
0.00491624
0.0712511
0.0799258
0.134819
0.0403089
0.118631
0.0595832
0.0328181
0.0217726
0.0377285
0.0372975
0.0548565
0.0444685
0.0124559
0.067513
0.0568631
0.12855
0.0485399
0.0466108
0.0265464
0.00696381
0.0206397
0.0137571
0.0276311
0.144641
0.0551553
0.0266938
0.0113388
0.0172037
0.277647
0.0157763
0.248936
0.155796
0.0304011
0.00863563
0.0162873
0.0187717
0.0313798
0.0211185
0.0611534
0.0191301
0.061869
0.0320468
0.0194973
0.00665869
0.0796816
0.161235
0.0232182
0.0463977
0.0316352
0.117754
0.398225
0.435395
0.0923478
0.0927124
0.00807602
0.00602509
0.0514305
0.0552034
0.550431
0.0313634
0.06984
0.010555
0.0491174
0.0770676
0.03492
0.0068834
0.0311131
0.0340927
0.00944653
0.0410365
0.0117706
0.570106
0.0325573
0.0195455
0.0261358
0.0467895
0.0251808
0.0386001
0.0607742
0.107247
0.0721848
0.0719297
0.0311399
0.0218866
0.0228424
0.0225702
0.038582
0.0212401
0.0151014
0.0176895
0.0291572
0.0407005
0.0154297
0.0155343
0.483524
0.0140456
0.00802935
0.0240331
0.0534954
0.00858503
0.0433337
0.00792842
0.0496341
0.023664
0.0200978
0.473469
0.207159
0.457765
0.00781319
0.0269296
0.0140729
0.0199695
0.0167409
0.0590661
0.0566315
0.0409138
0.0700813
0.102574
0.00936292
0.033305
0.0761863
0.0143777
0.0298944
0.0467847
0.0229707
0.0152885
0.0164521
0.0525611
0.0388675
0.0154705
0.0441796
0.0615733
0.198791
0.0872981
0.00671249
0.02705
0.201785
0.0433711
0.0195348
0.0226527
0.114163
0.0744313
0.401621
0.291514
0.0123071
0.240438
0.0203368
0.491197
0.123433
0.0183681
0.0933755
0.0229345
0.0457991
0.0255797
0.016274
0.016243
0.0228434
0.268732
0.0597485
0.0532057
0.0282209
0.062457
0.0615151
0.0335237
0.202154
0.237829
0.0137343
0.00958708
0.0118017
0.235023
0.205309
0.0615483
0.0243219
0.0144966
0.0157992
0.0195734
0.0324684
0.019255
0.0530463
0.0290338
0.103144
0.127225
0.0713996
0.00575796
0.0176192
0.0277405
0.0452881
0.0655227
0.414654
0.0123514
0.0294063
0.134928
0.023179
0.0250842
0.0837522
0.0248041
0.0439946
0.0383724
0.0133684
0.0205279
0.0390837
0.0197623
0.0153835
0.0130664
0.187071
0.0295076
0.0508742
0.00677111
0.022303
0.00738933
0.191342
0.0590277
0.0476647
0.0545362
0.0757739
0.0422495
0.043084
0.019722
0.035289
0.0782013
0.153384
0.0134727
0.0335634
0.0233781
0.0411602
0.0784626
0.0129011
0.0414601
0.0404416
0.015927
0.0992326
0.0353252
0.0919276
0.0248093
0.0302985
0.0117266
0.0547564
0.0651423
0.0242371
0.067654
0.198739
0.0136049
0.0363235
0.0252331
0.101427
0.0147365
0.0163184
0.00748664
0.0128172
0.0469028
0.0228102
0.0205645
0.0180854
0.0177158
0.0215621
0.285534
0.0799142
0.0916747
0.0328591
0.0450883
0.273573
0.0104015
0.0115905
0.0931944
0.102169
0.00589006
0.0284956
0.0766556
0.0233883
0.0139371
0.0336696
0.0116206
0.0454275
0.0271769
0.188514
0.0317515
0.055811
0.0130437
0.0302593
0.00926262
0.0134922
0.0244037
0.109745
0.204822
0.0510247
0.0339538
0.0311528
0.0354846
0.0151387
0.0220532
0.0642911
0.0327213
0.0175914
0.00383847
0.00433225
0.026413
0.0105427
0.0431587
0.0107929
0.0228049
0.0874212
0.0513091
0.0429462
0.0234097
0.0265648
0.077111
0.0326363
0.0831635
0.0180423
0.0321444
0.0447959
0.0211876
0.0419957
0.0624468
0.0553603
0.0473307
0.0226057
0.0312165
0.0171989
0.00577993
0.0103568
0.192373
0.0312715
0.00918408
0.0788981
0.0143112
0.114479
0.137691
0.210669
0.0838406
0.101887
0.393073
0.0124983
0.0200043
0.0221111
0.773583
0.0161979
0.018792
0.0472014
0.0725008
0.0742486
0.0432938
0.0396909
0.15272
0.0623636
0.0156197
0.0134222
0.100019
0.0458192
0.0189974
0.0584614
0.0368752
0.430134
0.0856814
0.0138252
0.214721
0.0269385
0.0699312
0.0189505
0.0269023
0.0731264
0.0287686
0.17697
0.108767
0.0130889
0.0298059
0.113559
0.046392
0.136734
0.00813022
0.054654
0.0306554
0.0414604
0.0218633
0.0268759
0.0207353
0.0106775
0.00682412
0.0506497
0.0135437
0.0121209
0.0179017
0.00729554
0.0277933
0.0814986
0.070523
0.0587369
0.0223467
0.0780442
0.188533
0.0785202
0.0197229
0.00896006
0.162227
0.00989789
0.0247947
0.0430819
0.0256158
0.0324969
0.0212428
0.0421328
0.0315876
0.0568223
0.0302733
0.028031
0.0614671
0.0344012
0.163759
0.0454842
0.0271775
0.399901
0.176723
0.0510977
0.0124491
0.0312986
0.0215129
0.224353
0.0162461
0.0720915
0.0344766
0.186186
0.0530059
0.0212419
0.01746
0.0423112
0.0499558
0.0121231
0.0877478
0.0955894
0.00722367
0.0236607
0.0185198
0.023367
0.0483773
0.129309
0.0231835
0.0420923
0.0229913
0.0121013
0.0337106
0.0430892
0.118029
0.0422683
0.0567597
0.0155431
0.0132924
0.00917735
0.0777036
0.0144702
0.0247341
0.0458151
0.0489324
0.175633
0.0625574
0.015728
0.0310818
0.153291
0.0190714
0.149131
0.151528
0.0343951
0.0174233
0.0260886
0.00746985
0.0305311
0.0256679
0.0116477
0.0455971
0.0134045
0.017606
0.085469
0.048066
0.0737462
0.0112804
0.016353
0.066099
0.0464423
0.0524499
0.00757596
0.0256857
0.0577921
0.0900433
0.0550127
0.0889407
0.00592396
0.0484256
0.0162734
0.00905189
0.0726155
0.0587201
0.0339018
0.0535364
0.0388241
0.0485752
0.0667871
0.0200797
0.0168728
0.0275884
0.019534
0.0259075
0.0278756
0.0831951
0.0241335
0.0551194
0.0407847
0.659957
0.108626
0.0308936
0.047929
0.0774728
0.0137375
0.824455
0.0758694
0.0374969
0.0162538
0.114712
0.0659282
0.0792658
0.00974324
0.0424655
0.0774228
0.0238123
0.0225869
0.0195412
0.112269
0.0195455
0.0325402
0.019032
0.0742305
0.0547153
0.0478843
0.0224278
0.0296174
0.0155819
0.0279247
0.0440544
0.0132138
0.0363077
0.0169438
0.0692641
0.0970542
0.0422685
0.0244525
0.065779
0.0579088
0.00773944
0.0375454
0.130139
0.0345905
0.0458132
0.0133548
0.0387176
0.202027
0.0723842
0.0612421
0.110404
0.0519041
0.0416465
0.0229299
0.0407578
0.0543446
0.0201079
0.105441
0.0354517
0.142551
0.108739
0.0955157
0.0769678
0.0378459
0.307371
0.0302393
0.00909165
0.0539836
0.0245531
0.24942
0.0432147
0.0499341
0.0539531
0.200431
0.0316095
0.0108208
0.182272
0.0728502
0.114659
0.094049
0.363923
0.00879015
0.0621759
0.0158399
0.0103417
0.0855322
0.0181564
0.0828565
0.0456248
0.0283739
0.0179012
0.0701269
0.0110238
0.0181944
0.627887
0.00661147
0.0495987
0.163535
0.137404
0.153897
0.700058
0.168961
0.0490814
0.0354757
0.0730563
0.0156272
0.0125011
0.104705
0.0453342
0.00780604
0.0235871
0.0139265
0.0057735
0.0358685
0.0149714
0.01911
0.0210334
0.0481199
0.0105444
0.0309368
0.0214319
0.0304665
0.0267026
0.00415363
0.0280109
0.20649
0.0257433
0.00419265
0.0314151
0.0704396
0.0196161
0.0141702
0.0920957
0.329309
0.424605
0.0173517
0.0252179
0.0501352
0.0246131
0.0239619
0.296234
0.0927502
0.0203036
0.0213274
0.420408
0.0434476
0.0219512
0.131051
0.178852
0.0314864
0.045807
0.0277259
0.0444495
0.106471
0.0357187
0.0271322
0.026304
0.0160599
0.0520504
0.0124043
0.0125441
0.0322123
0.0578463
0.0489444
0.0177974
0.0148273
0.0416885
0.0401565
0.0289799
0.00938761
0.0290508
0.0172359
0.0451167
0.012873
0.0447463
0.163217
0.0735933
0.0277568
0.171257
0.0132164
0.0663777
0.139292
0.00779917
0.0196867
0.0390456
0.0199926
0.0438983
0.0706923
0.0446421
0.0173603
0.182833
0.0472921
0.0738149
0.0274573
0.245677
0.0556763
0.705475
0.0575896
0.153874
0.0546573
0.0430167
0.145107
0.0161914
0.0650543
0.0138083
0.0116661
0.0569035
0.0169905
0.1093
0.185543
0.0304807
0.0612537
0.0266072
0.0358297
0.0469106
0.00453872
0.12187
0.0148218
0.0785296
0.0776016
0.0273157
0.197881
0.0535979
0.0349579
0.0113609
0.217096
0.623659
0.0365905
0.0733443
0.0654167
0.0722986
0.0751357
0.195462
0.0563899
0.287278
0.00868196
0.00608784
0.0411754
0.0164267
0.204402
0.0236157
0.0118266
0.0463824
0.0185904
0.0371311
0.00417822
0.0666711
0.0196753
0.0165837
0.011683
0.0435462
0.0341842
0.0264088
0.0146462
0.0351919
0.0121812
0.109273
0.0308266
0.146367
0.0265866
0.0583529
0.137768
0.021648
0.040223
0.130149
0.0450268
0.0270687
0.0340356
0.0153707
0.00745614
0.0306818
0.0152417
0.0196082
0.0374213
0.0397565
0.0300455
0.0330019
0.530312
0.0290117
0.0167361
0.0136296
0.0107925
0.00926466
0.0846507
0.0354745
0.0330676
0.0374311
0.0198204
0.00928264
0.0526166
0.038965
0.0368312
0.060101
0.0485884
0.0210168
0.0215631
0.0462823
0.0447768
0.305718
0.161848
0.0298109
0.262657
0.00493648
0.0120525
0.0554593
0.15505
0.101616
0.121614
0.103319
0.0761138
0.0355428
0.0145043
0.0445588
0.0376997
0.3631
0.0595902
0.0495334
0.097995
0.116389
0.019356
0.024505
0.182197
0.119398
0.0221283
0.0164382
0.0153783
0.112419
0.312994
0.0133042
0.118305
0.0774087
0.111848
0.0158696
0.103528
0.0419788
0.0537151
0.185173
0.0464641
0.117106
0.211817
0.0403593
0.13554
0.0213358
0.0168483
0.104397
0.00981649
0.038095
0.158294
0.00689785
0.0062964
0.017267
0.0458473
0.00819745
0.0490391
0.0820249
0.0473114
0.0453034
0.0459042
0.0204738
0.0287178
0.0204152
0.0373838
0.136396
0.0278674
0.0343725
0.118229
0.0664963
0.0152035
0.0173396
0.0977121
0.0176853
0.0421144
0.0516827
0.163927
0.0343207
0.115044
0.0192714
0.0293783
0.0815235
0.0772408
0.0357006
0.0459046
0.105507
0.105161
0.0139636
0.0303798
0.0412404
0.00523807
0.197662
0.0364887
0.0166561
0.0189489
0.0264772
0.112647
0.0206731
0.0146397
0.0304159
0.00813628
0.010321
0.0441363
0.111095
0.16625
0.0421146
0.0739555
0.010833
0.00498875
0.0424614
0.0252775
0.00979559
0.025745
0.0927555
0.0122547
0.00928747
0.0138441
0.0275224
0.00992615
0.0284053
0.0163676
0.0258627
0.0244558
0.0284282
0.0364713
0.0391615
0.00510333
0.153175
0.280478
0.171596
0.0562079
0.108908
0.0605688
0.216034
0.0686285
0.0105071
0.0059798
0.0296531
0.108546
0.0723552
0.0552407
0.170357
0.0861319
0.0163007
0.045006
0.0736211
0.0608938
0.112796
0.0555156
0.0248088
0.350877
0.0758647
0.0965717
0.0456621
0.0219728
0.0493869
0.0786175
0.0216417
0.0377214
0.024438
0.0232443
0.0823537
0.0102144
0.16062
0.117269
0.0292368
0.167947
0.0440043
0.0539531
0.0248684
0.079259
0.113014
0.124155
0.0372084
0.0218745
0.0319403
0.295669
0.258416
0.0233319
0.308294
0.142435
0.0393145
0.411111
0.0651599
0.124641
0.149134
0.0445187
0.0583548
0.0771467
0.044149
0.00883348
0.106975
0.149763
0.0562125
0.0276498
0.0710957
0.0511135
0.0784409
0.107779
0.308315
0.0854941
0.0582177
0.0408014
0.0324716
0.0184446
0.0276831
0.0232881
0.0185484
0.0510616
0.22236
0.580424
0.0899163
0.293958
0.383153
0.961707
0.860914
0.509512
0.416813
0.679434
0.889237
0.574239
0.338516
0.486378
0.555559
0.202018
0.16065
0.952556
0.690159
0.186268
0.351927
0.376973
0.614916
0.545184
0.524566
0.671179
0.152909
0.0835236
0.145787
0.278051
0.314598
0.0819573
0.98816
0.989694
0.991369
0.114804
0.0232187
0.59933
0.252705
0.792337
0.783542
0.992927
0.0789222
0.0545296
0.893856
0.673932
0.755765
0.645694
0.568333
0.159765
0.176504
0.229055
0.534231
0.146483
0.867052
0.888328
0.333547
0.707631
0.914649
0.0638973
0.10323
0.351551
0.121967
0.255218
0.811854
0.726986
0.661292
0.0309911
0.169789
0.0321046
0.342382
0.969562
0.971977
0.233794
0.895768
0.421236
0.293872
0.776581
0.330835
0.884815
0.578242
0.824725
0.973997
0.0438539
0.585214
0.808691
0.39778
0.181029
0.042934
0.0823892
0.121325
0.00745854
0.0101194
0.975519
0.487745
0.453955
0.323649
0.868408
0.9694
0.356686
0.176315
0.607369
0.931639
0.973618
0.985847
0.969651
0.527576
0.205961
0.790899
0.972117
0.830982
0.993403
0.210411
0.773361
0.618604
0.770596
0.143002
0.406828
0.506144
0.258555
0.597451
0.933798
0.84505
0.879475
0.145942
0.0331854
0.175897
0.774424
0.089046
0.027327
0.0449871
0.0365672
0.0541114
0.0272423
0.0885762
0.0792278
0.165291
0.330386
0.126938
0.912807
0.912807
0.563375
0.399274
0.549447
0.474184
0.145371
0.0811572
0.0464318
0.17057
0.70411
0.410767
0.0809551
0.0688523
0.377133
0.327055
0.382921
0.624532
0.300044
0.0439735
0.820851
0.0471786
0.795827
0.849873
0.236616
0.0331788
0.531751
0.462948
0.563054
0.235793
0.690343
0.678779
0.847818
0.919003
0.683114
0.604065
0.0312979
0.633133
0.285297
0.801033
0.390952
0.324795
0.0538444
0.300029
0.0777394
0.868656
0.387724
0.267137
0.276452
0.0899699
0.912052
0.91109
0.967176
0.537051
0.404952
0.857473
0.207846
0.391051
0.171364
0.0258927
0.0373326
0.658308
0.110923
0.684816
0.988174
0.102198
0.945443
0.154077
0.0673583
0.476075
0.541057
0.663639
0.728226
0.0857072
0.669722
0.241501
0.884625
0.023298
0.0772588
0.401119
0.211529
0.964913
0.958738
0.836348
0.133633
0.0488871
0.954497
0.975816
0.385269
0.732086
0.583576
0.238596
0.979227
0.625776
0.569465
0.034727
0.348769
0.961123
0.452866
0.629527
0.592369
0.461946
0.568469
0.683497
0.516039
0.358836
0.739622
0.88035
0.721907
0.655049
0.735603
0.968482
0.951622
0.729959
0.969055
0.448006
0.393695
0.947313
0.564015
0.741043
0.65753
0.576601
0.566084
0.476975
0.0847299
0.101242
0.285584
0.0327191
0.621109
0.617597
0.95815
0.695521
0.197425
0.728645
0.446106
0.873162
0.901614
0.736325
0.0719009
0.272235
0.175197
0.378553
0.247091
0.246613
0.0494255
0.971704
0.956031
0.945385
0.711179
0.0356685
0.300582
0.588797
0.720954
0.425252
0.279809
0.923212
0.993525
0.980849
0.147094
0.576932
0.39099
0.798914
0.963251
0.903317
0.484171
0.220421
0.7428
0.533899
0.645288
0.942432
0.975298
0.980954
0.915005
0.729456
0.15696
0.43489
0.951437
0.811541
0.271935
0.959487
0.92578
0.928561
0.150925
0.579562
0.607585
0.0890709
0.951664
0.913576
0.970963
0.978574
0.428399
0.312239
0.77394
0.106248
0.486437
0.229785
0.971019
0.0471641
0.14677
0.162474
0.171967
0.205076
0.175019
0.598538
0.697441
0.430435
0.508799
0.310423
0.10988
0.810482
0.0551301
0.192099
0.0820619
0.113884
0.0492496
0.634043
0.511109
0.109988
0.321841
0.933423
0.956196
0.833942
0.891857
