0.272228
0.0679981
0.350827
0.152925
0.695482
0.273071
0.108834
0.221655
0.32253
0.682969
0.0218762
0.0951582
0.142242
0.829192
0.0955779
0.865034
0.816842
0.155622
0.34994
0.0651084
0.293489
0.383124
0.0974464
0.0700647
0.471073
0.0199982
0.231037
0.155825
0.264024
0.461044
0.894895
0.82036
0.132857
0.386533
0.843919
0.127575
0.957781
0.390501
0.070437
0.96669
0.791039
0.385731
0.671153
0.282613
0.681639
0.911264
0.812821
0.464283
0.901794
0.465762
0.739607
0.191207
0.0472542
0.472195
0.377002
0.449377
0.588657
0.531931
0.0909878
0.726226
0.332821
0.973964
0.836425
0.85096
0.0601829
0.180959
0.0305631
0.481528
0.219773
0.594805
0.712964
0.89068
0.489853
0.602289
0.228895
0.273871
0.0191211
0.0444475
0.917099
0.0155593
0.0216161
0.210291
0.456163
0.208749
0.609184
0.295551
0.307702
0.97716
0.109408
0.157453
0.315106
0.0820384
0.443609
0.719755
0.404543
0.619285
0.3057
0.189885
0.964826
0.10678
0.38692
0.124804
0.172222
0.0505243
0.0439142
0.135352
0.867876
0.32057
0.955193
0.554076
0.897063
0.618276
0.137124
0.0525217
0.49501
0.104878
0.861732
0.0592214
0.0286179
0.066557
0.0218297
0.579746
0.0173275
0.836405
0.265548
0.961201
0.956307
0.959427
0.978802
0.655728
0.263451
0.152461
0.141082
0.314316
0.308525
0.776974
0.555717
0.307323
0.502325
0.0915382
0.13587
0.0334278
0.0286208
0.95536
0.0942972
0.926924
0.0532397
0.25915
0.85973
0.151749
0.683816
0.287772
0.933561
0.812869
0.170596
0.654315
0.0829693
0.182532
0.23518
0.1441
0.218936
0.709655
0.0786953
0.0633824
0.482752
0.021978
0.768297
0.445531
0.927615
0.240108
0.28807
0.280044
0.581974
0.572974
0.0287154
0.143189
0.06692
0.0684365
0.347315
0.535878
0.43058
0.88096
0.975814
0.0112479
0.150686
0.933835
0.963697
0.582745
0.0760394
0.0603496
0.437994
0.0125904
0.813057
0.377896
0.238041
0.312989
0.117115
0.050487
0.683563
0.989648
0.0209453
0.149639
0.0104027
0.33105
0.94255
0.0297455
0.0764181
0.0569412
0.12277
0.0352104
0.161816
0.08564
0.955389
0.0443787
0.127423
0.0249941
0.0225076
0.247809
0.647767
0.258666
0.0555714
0.61579
0.0370298
0.799863
0.27664
0.975989
0.811215
0.219321
0.764292
0.694959
0.219252
0.15314
0.625723
0.184696
0.404313
0.524182
0.0437137
0.850799
0.0428755
0.0448017
0.0670913
0.0647066
0.0217918
0.123794
0.438088
0.663189
0.996114
0.979105
0.573252
0.506628
0.894338
0.438147
0.050059
0.276807
0.292032
0.174384
0.0544038
0.116789
0.045738
0.165888
0.150133
0.246164
0.371441
0.923983
0.706541
0.0516629
0.834048
0.161775
0.863304
0.256729
0.545747
0.0377808
0.0451725
0.0308413
0.20617
0.0929507
0.103642
0.691436
0.0450341
0.438265
0.969722
0.488762
0.742792
0.782237
0.32301
0.592607
0.372959
0.0428099
0.0813088
0.905397
0.675059
0.0979623
0.733747
0.125532
0.0814773
0.452386
0.93918
0.173249
0.711278
0.307944
0.190382
0.078933
0.562344
0.207214
0.536464
0.119269
0.114983
0.267712
0.789074
0.759072
0.102077
0.0298261
0.437518
0.0163522
0.774024
0.302613
0.220866
0.200661
0.96468
0.216102
0.51494
0.121519
0.210669
0.477387
0.0730602
0.89819
0.188403
0.0318239
0.0840877
0.968467
0.0544967
0.0354832
0.386681
0.472372
0.202634
0.0259424
0.97711
0.914364
0.223576
0.0337975
0.85813
0.75585
0.884943
0.939702
0.278386
0.303551
0.027316
0.0150737
0.0215932
0.0300392
0.551386
0.425865
0.349584
0.175414
0.212212
0.149264
0.0575628
0.80863
0.151414
0.904107
0.171388
0.10789
0.977072
0.262458
0.945819
0.884833
0.75857
0.607476
0.0625315
0.0147909
0.354682
0.687733
0.495829
0.15361
0.679218
0.494976
0.264487
0.961093
0.168469
0.421898
0.0185654
0.158386
0.156937
0.809229
0.961524
0.193516
0.863582
0.483149
0.0678131
0.516788
0.360189
0.0104816
0.00864685
0.0420639
0.90346
0.933271
0.430535
0.318944
0.404552
0.577826
0.214995
0.0587179
0.842992
0.196972
0.104084
0.951264
0.355302
0.244899
0.926387
0.32124
0.126631
0.0284112
0.889064
0.634845
0.144341
0.290926
0.0609807
0.928815
0.942013
0.532638
0.344724
0.136355
0.587384
0.645756
0.0254945
0.0812818
0.512271
0.359974
0.987446
0.471387
0.0882279
0.154713
0.0123177
0.103055
0.29789
0.0695559
0.604042
0.591461
0.990062
0.950895
0.0138674
0.0270237
0.0895493
0.209067
0.301372
0.257452
0.676851
0.067244
0.199183
0.319497
0.183925
0.0516642
0.212358
0.858101
0.752398
0.599542
0.516504
0.0185725
0.228687
0.0889469
0.127777
0.382841
0.831919
0.359877
0.446881
0.631259
0.260882
0.179322
0.0782811
0.842213
0.411239
0.388019
0.374054
0.838981
0.72928
0.581951
0.446663
0.687447
0.1372
0.0420614
0.0298903
0.917177
0.28674
0.121585
0.250153
0.346192
0.145531
0.136766
0.0441142
0.175488
0.127561
0.710859
0.0393665
0.0516725
0.102904
0.597906
0.19072
0.192229
0.0928994
0.59978
0.745538
0.709654
0.142485
0.643126
0.147792
0.37593
0.376022
0.124863
0.174572
0.0628994
0.467135
0.284206
0.395359
0.0430867
0.0677752
0.0380729
0.718755
0.0327499
0.06096
0.127704
0.82151
0.249538
0.941708
0.953014
0.0687567
0.104854
0.0942158
0.843829
0.803772
0.860453
0.262078
0.0931255
0.758842
0.7226
0.415304
0.443445
0.517236
0.371958
0.136126
0.364691
0.212538
0.219398
0.102145
0.478655
0.951008
0.814301
0.387705
0.0518204
0.253873
0.764162
0.538025
0.766211
0.0291861
0.225432
0.189325
0.428651
0.0515443
0.846396
0.897602
0.0383337
0.702932
0.383759
0.634411
0.0347831
0.0264777
0.0247418
0.867548
0.034198
0.377115
0.200868
0.039075
0.918126
0.0380098
0.742692
0.307859
0.62503
0.964662
0.396928
0.0475472
0.0284027
0.0966103
0.919685
0.348339
0.205617
0.36035
0.237894
0.725403
0.0315594
0.737205
0.0850426
0.0328366
0.851791
0.169214
0.0674491
0.305663
0.00752533
0.0442603
0.0916522
0.263516
0.552087
0.108566
0.624006
0.342484
0.101631
0.016218
0.0449697
0.36437
0.248402
0.145914
0.315488
0.139469
0.043335
0.358691
0.715496
0.919071
0.802238
0.0187472
0.0198331
0.0967024
0.00302875
0.0624368
0.0258808
0.983966
0.339509
0.734918
0.181365
0.407907
0.0907656
0.12218
0.0134239
0.0368919
0.328372
0.68679
0.744939
0.129645
0.887508
0.357521
0.227527
0.477886
0.186354
0.238616
0.979834
0.607054
0.967639
0.253298
0.910029
0.234807
0.757676
0.944824
0.942606
0.939589
0.127984
0.0845303
0.778759
0.519971
0.444411
0.0527447
0.12159
0.549812
0.401163
0.466248
0.0299013
0.253642
0.0713019
0.0454751
0.05596
0.362637
0.385276
0.310902
0.0871289
0.167108
0.0869334
0.557227
0.0552649
0.278
0.606458
0.0276427
0.203867
0.034408
0.302443
0.251168
0.708147
0.112368
0.402276
0.0764918
0.0504618
0.556105
0.443179
0.945445
0.675729
0.0086404
0.147024
0.519082
0.541129
0.278322
0.386047
0.0310131
0.0329502
0.0543282
0.884918
0.772429
0.860254
0.0830963
0.0255443
0.321332
0.320213
0.368157
0.23498
0.946878
0.133104
0.936961
0.209947
0.40981
0.909409
0.909135
0.909705
0.502488
0.129889
0.0613173
0.51593
0.0714102
0.858501
0.0452134
0.0208295
0.119442
0.939538
0.566711
0.8369
0.212568
0.461336
0.102414
0.0335601
0.0294535
0.325876
0.0258328
0.391266
0.47231
0.150478
0.0796352
0.104907
0.0974606
0.549526
0.668074
0.749452
0.379537
0.728948
0.135632
0.28351
0.700901
0.0496642
0.670831
0.230213
0.348002
0.908023
0.387261
0.0136207
0.336051
0.496908
0.0577421
0.696891
0.0894079
0.0353231
0.275213
0.392988
0.937754
0.826525
0.17272
0.899936
0.0606118
0.690684
0.0967763
0.367869
0.461124
0.281662
0.154013
0.96231
0.137996
0.283679
0.0612389
0.0966118
0.134216
0.0304508
0.176671
0.867863
0.155534
0.0327389
0.0446684
0.256758
0.117534
0.0835346
0.7026
0.416338
0.0675768
0.852138
0.180821
0.0744742
0.312708
0.50023
0.0338171
0.0563239
0.155728
0.832092
0.103281
0.189247
0.301522
0.00660374
0.00643195
0.244225
0.600742
0.0523983
0.117628
0.0528511
0.0506288
0.147948
0.0324124
0.0247051
0.238612
0.379896
0.438316
0.10119
0.128541
0.180751
0.227782
0.354022
0.0333301
0.935343
0.030162
0.385979
0.220564
0.130371
0.0382095
0.460438
0.110936
0.764225
0.67317
0.180027
0.284726
0.0585532
0.0092139
0.864888
0.627372
0.0623302
0.0448138
0.173879
0.020772
0.579531
0.970529
0.0865082
0.834171
0.231748
0.342318
0.0289039
0.975511
0.415627
0.414467
0.105124
0.796007
0.0487247
0.0147676
0.818091
0.0282252
0.799536
0.278282
0.656159
0.0221491
0.0118022
0.347009
0.508818
0.206667
0.0192378
0.770514
0.297673
0.0132658
0.0852104
0.018917
0.80709
0.946519
0.169918
0.23261
0.0266109
0.125606
0.880601
0.348442
0.07456
0.23719
0.0078008
0.78537
0.118632
0.118166
0.0903875
0.0950887
0.0107978
0.226635
0.929959
0.0565984
0.0984663
0.504666
0.90347
0.131426
0.25914
0.0339411
0.0970077
0.225937
0.0478742
0.147939
0.102501
0.371755
0.0189813
0.158034
0.00937859
0.0118745
0.0394593
0.00649496
0.0053635
0.0242849
0.0173331
0.482507
0.0762158
0.621262
0.101573
0.945458
0.954919
0.936254
0.840841
0.582028
0.0885915
0.0662092
0.0413486
0.0629906
0.0315282
0.172344
0.90802
0.242169
0.42797
0.0826627
0.385684
0.0467155
0.185578
0.373848
0.975273
0.945728
0.969131
0.962224
0.478005
0.11446
0.0333027
0.026622
0.950364
0.114334
0.0798055
0.0457822
0.0422486
0.0403757
0.0608798
0.0171073
0.0265149
0.338101
0.149853
0.0813379
0.294025
0.982448
0.981948
0.973216
0.92617
0.978288
0.348599
0.0412555
0.0599032
0.187735
0.0657757
0.043315
0.110099
0.950262
0.749542
0.0225046
0.604428
0.0204385
0.0268514
0.0942766
0.0156602
0.975275
0.936801
0.136588
0.980145
0.962999
0.905437
0.221988
0.850186
0.201052
0.133917
0.0930674
0.882425
0.00618531
0.96244
0.0162846
0.0923355
0.293997
0.630311
0.0474207
0.965472
0.835093
0.406605
0.0891599
0.6667
0.940009
0.927473
0.296679
0.911538
0.179621
0.400474
0.146813
0.930929
0.139219
0.181744
0.873129
0.923508
0.876698
0.813845
0.100145
0.626709
0.0491138
0.231547
0.684954
0.0453372
0.100903
0.388459
0.127766
0.665341
0.0408996
0.0794037
0.0951485
0.890555
0.104323
0.597137
0.541949
0.466286
0.267262
0.282686
0.865767
0.186713
0.12862
0.915869
0.925861
0.246157
0.264809
0.053569
0.317463
0.129049
0.0865135
0.295205
0.390412
0.245947
0.310351
0.0602627
0.701725
0.182334
0.234856
0.473869
0.32999
0.785298
0.964534
0.497294
0.402924
0.0770403
0.963968
0.51035
0.760107
0.0677615
0.518849
0.838019
0.323603
0.270305
0.603419
0.274176
0.877895
0.937088
0.772189
0.676614
0.948036
0.117999
0.209814
0.118614
0.518518
0.722111
0.068677
0.174926
0.193507
0.665261
0.150443
0.162849
0.399596
0.470431
0.295778
0.625518
0.15461
0.892032
0.141248
0.227319
0.540834
0.394842
0.0399782
0.133939
0.534256
0.0210665
0.633096
0.023308
0.186275
0.18871
0.734649
0.159941
0.85148
0.416353
0.0612373
0.00658678
0.654466
0.0137108
0.0447584
0.0168016
0.206886
0.061392
0.0968551
0.557055
0.116761
0.0307045
0.112127
0.056785
0.0614263
0.0428345
0.066748
0.0180908
0.119296
0.0220463
0.00606188
0.341743
0.147077
0.14463
0.069282
0.256974
0.408147
0.202459
0.426161
0.107424
0.0226022
0.440596
0.39425
0.0328062
0.0311792
0.063632
0.756069
0.111146
0.185011
0.122858
0.0217318
0.0274576
0.0606042
0.290205
0.0906188
0.0901009
0.0349436
0.0167846
0.0917082
0.82201
0.875238
0.201165
0.0508472
0.0449832
0.0320766
0.0725
0.0199172
0.508818
0.165618
0.123784
0.114342
0.24309
0.0189281
0.879299
0.0490286
0.048703
0.0573971
0.631473
0.0481423
0.48321
0.228161
0.0891342
0.0304361
0.0236125
0.121975
0.103042
0.407834
0.0602905
0.307879
0.268964
0.475987
0.254174
0.862549
0.0145899
0.108511
0.175609
0.471973
0.0753516
0.826889
0.949564
0.443089
0.612723
0.0982849
0.0599257
0.0756591
0.0518088
0.0245992
0.36095
0.104354
0.145141
0.0306246
0.115556
0.0724993
0.0762302
0.00804227
0.022063
0.105796
0.0374893
0.0194336
0.0594367
0.0175583
0.0061805
0.0887277
0.157696
0.0337209
0.00739888
0.669569
0.451002
0.236119
0.130222
0.11735
0.113071
0.044538
0.118513
0.494776
0.0215911
0.0397277
0.0683956
0.0226984
0.0552374
0.0359345
0.0457714
0.0323683
0.109769
0.0270151
0.51077
0.60879
0.0532104
0.0218527
0.456745
0.0287539
0.0154518
0.124746
0.178816
0.173646
0.0975296
0.137349
0.112256
0.341144
0.0832638
0.0520502
0.0848261
0.360242
0.271922
0.0873027
0.453396
0.0551173
0.227913
0.0202582
0.0130164
0.044707
0.0746408
0.117361
0.167144
0.0823873
0.104185
0.0621734
0.0192737
0.034067
0.0228493
0.143615
0.0598252
0.115192
0.142751
0.214486
0.11096
0.0713238
0.0670744
0.141346
0.0330387
0.142595
0.0975868
0.194281
0.100614
0.123929
0.172087
0.0729717
0.0698541
0.0638562
0.132026
0.295129
0.0192308
0.0893546
0.892661
0.0862274
0.0580836
0.0823905
0.0483415
0.0632621
0.041492
0.130808
0.120933
0.439753
0.0776576
0.344211
0.495986
0.030214
0.323113
0.163527
0.0577642
0.0398142
0.34296
0.008632
0.0834133
0.123506
0.0470088
0.125098
0.0558246
0.0747255
0.138462
0.0439827
0.13007
0.230025
0.0587293
0.26604
0.112405
0.0302157
0.0327366
0.00777015
0.00981809
0.115764
0.165368
0.0312919
0.0212982
0.0184153
0.221536
0.0151173
0.0391972
0.0503892
0.033429
0.137832
0.126856
0.196153
0.201138
0.0408604
0.117739
0.0768828
0.0444493
0.215679
0.0727025
0.190233
0.0608722
0.0710537
0.0184235
0.0485228
0.0363946
0.230246
0.0469129
0.0311729
0.0783499
0.268529
0.81254
0.460916
0.133057
0.173534
0.485592
0.334006
0.944657
0.0212854
0.116824
0.0759817
0.605216
0.762374
0.153786
0.0968971
0.580602
0.0168764
0.556275
0.681404
0.0355925
0.0207691
0.0133071
0.512562
0.666682
0.340268
0.37164
0.0810662
0.0353234
0.374723
0.0369223
0.0302886
0.498683
0.398033
0.0636658
0.0340972
0.0943896
0.206498
0.238838
0.0217737
0.0627654
0.0311391
0.56804
0.347541
0.410339
0.0475757
0.0285388
0.210405
0.0136775
0.0757706
0.0692054
0.0180588
0.0369423
0.0486441
0.0595342
0.0212353
0.0116156
0.0642515
0.19317
0.265855
0.0958681
0.970957
0.973566
0.906364
0.0254213
0.790075
0.935618
0.0290303
0.0141245
0.658498
0.176357
0.0777077
0.0208966
0.0194297
0.163109
0.0966365
0.0322949
0.266098
0.0459251
0.049721
0.0139839
0.103441
0.994581
0.981282
0.202632
0.633316
0.0912709
0.256467
0.147842
0.137965
0.0352256
0.143282
0.349956
0.135541
0.212505
0.404943
0.0350158
0.31623
0.0571162
0.439415
0.0762779
0.577087
0.0305289
0.0709905
0.189504
0.0216002
0.633586
0.0497181
0.205731
0.377937
0.0721683
0.02161
0.0222001
0.148038
0.0559754
0.011558
0.0498045
0.172445
0.251739
0.112775
0.569681
0.19744
0.343502
0.0192842
0.0282446
0.0288526
0.0763829
0.0952252
0.0390707
0.024627
0.0281298
0.0587548
0.0514273
0.0738554
0.0725062
0.862021
0.0221328
0.292212
0.139273
0.168637
0.0538951
0.0138712
0.0490042
0.831675
0.019873
0.67734
0.648706
0.927317
0.0463937
0.0484789
0.0325389
0.0192199
0.0235077
0.0348171
0.0281485
0.190008
0.0552712
0.215896
0.0424858
0.0858571
0.0848065
0.0098908
0.540018
0.298976
0.265701
0.119099
0.167512
0.048971
0.0214169
0.0116844
0.0920167
0.0289475
0.702772
0.636491
0.00797537
0.121087
0.436031
0.00319444
0.0246296
0.28987
0.0305423
0.0319392
0.20981
0.0856719
0.116061
0.0225992
0.0250548
0.0627425
0.00875948
0.0418335
0.0136408
0.0665639
0.00576343
0.0321344
0.0966524
0.0687258
0.0614824
0.0523942
0.0366707
0.332423
0.142219
0.00783788
0.0619975
0.442794
0.0395201
0.0243038
0.0298432
0.133125
0.063565
0.179468
0.0137088
0.0227324
0.0617095
0.602716
0.954898
0.729438
0.117177
0.0163708
0.510593
0.0140807
0.110312
0.0337396
0.126158
0.888934
0.0239707
0.066032
0.0305277
0.0989723
0.0145476
0.0776588
0.0770238
0.0774154
0.846552
0.305002
0.378355
0.0768547
0.0749844
0.163349
0.663618
0.0382087
0.0466346
0.840263
0.479153
0.835697
0.603173
0.0607505
0.965064
0.144989
0.108986
0.00531499
0.239897
0.0798546
0.35407
0.690035
0.184885
0.285751
0.0142061
0.100129
0.101661
0.133855
0.0777472
0.0814808
0.0645409
0.019662
0.0673768
0.0216485
0.0330837
0.912188
0.0629656
0.0272412
0.101553
0.0585973
0.0188735
0.208061
0.0925869
0.647102
0.0265114
0.0762699
0.837732
0.0257672
0.145888
0.836728
0.0747859
0.0438382
0.0683748
0.10275
0.0420629
0.0411251
0.0182756
0.0166142
0.0221126
0.292602
0.159167
0.803521
0.648635
0.600972
0.185849
0.01881
0.104635
0.0159213
0.0177126
0.0238745
0.0837101
0.103943
0.451051
0.40701
0.242559
0.0329521
0.00493043
0.182497
0.00928897
0.0825058
0.0628932
0.0499648
0.0217716
0.0211061
0.0880952
0.0596452
0.0460799
0.160499
0.0712558
0.00961289
0.0307467
0.0562368
0.926533
0.811661
0.125434
0.0876501
0.0519522
0.0939861
0.114021
0.094201
0.0147452
0.216233
0.715443
0.0643285
0.016491
0.012714
0.139942
0.0209532
0.0285351
0.144332
0.0747601
0.0526636
0.76374
0.216411
0.0302429
0.068989
0.03275
0.0356065
0.281522
0.215492
0.017771
0.0123136
0.0718128
0.11034
0.124094
0.0660021
0.0893961
0.0400389
0.24441
0.0743615
0.0236883
0.0260567
0.790182
0.285386
0.407985
0.267734
0.293588
0.0431161
0.0186957
0.0616078
0.0395513
0.075414
0.121667
0.463614
0.25201
0.0313449
0.0368232
0.00635783
0.0510579
0.0444404
0.0410688
0.133407
0.854117
0.0241727
0.188811
0.00900744
0.598861
0.110105
0.00752965
0.351151
0.161254
0.783045
0.0339944
0.521275
0.409328
0.039394
0.0154664
0.10177
0.0646549
0.024731
0.00401681
0.0532567
0.0495802
0.0416355
0.0364473
0.880256
0.437605
0.897707
0.0170957
0.081985
0.0105812
0.105678
0.0151898
0.0184173
0.107337
0.00653403
0.0829201
0.115893
0.158226
0.00835617
0.16822
0.0193468
0.0699978
0.151903
0.308687
0.731331
0.7938
0.1604
0.0438619
0.102467
0.0961972
0.0937464
0.0360245
0.347547
0.0314267
0.167745
0.0078982
0.0227255
0.0815346
0.0379477
0.0979899
0.0298256
0.048322
0.335701
0.020819
0.0628716
0.0579189
0.157875
0.2129
0.0513887
0.0117213
0.146878
0.283691
0.0515768
0.069015
0.163684
0.0432612
0.112742
0.0935632
0.0656132
0.0243049
0.023254
0.0250613
0.0751908
0.0197941
0.0513525
0.0346419
0.278511
0.214679
0.0717241
0.154258
0.181928
0.27604
0.0492211
0.250579
0.1009
0.0564358
0.0575302
0.125109
0.267858
0.0234091
0.0305801
0.0873847
0.111738
0.0906042
0.0435558
0.119947
0.165808
0.118549
0.0554422
0.00865978
0.0311505
0.0729074
0.0266329
0.852578
0.595582
0.647674
0.0684023
0.647756
0.608542
0.0236362
0.121888
0.0100821
0.0113373
0.0166268
0.0487279
0.201472
0.0324066
0.119517
0.0315616
0.0679324
0.53771
0.23135
0.0652103
0.996494
0.949867
0.233582
0.0134951
0.0156963
0.0496302
0.854763
0.0687664
0.414626
0.0299542
0.087367
0.18322
0.0570865
0.0258668
0.268475
0.956508
0.0495946
0.655204
0.750087
0.752443
0.0348063
0.0472037
0.0588093
0.0511347
0.112135
0.0605406
0.0373433
0.0903431
0.555403
0.230709
0.0133799
0.0111977
0.0660983
0.309253
0.0113812
0.0186084
0.104125
0.113637
0.238276
0.0110467
0.124652
0.96829
0.0692515
0.0311439
0.167908
0.069937
0.208265
0.0579996
0.907059
0.0723279
0.023087
0.0292554
0.0473877
0.0219079
0.0274784
0.0724174
0.163906
0.130067
0.158123
0.66798
0.0160892
0.0670993
0.171896
0.735058
0.0823126
0.241568
0.0103513
0.180577
0.0103339
0.02095
0.116631
0.146586
0.0818272
0.151015
0.0406749
0.467401
0.533418
0.0605
0.150674
0.0239555
0.0383281
0.0181973
0.0169496
0.0639888
0.0209292
0.0314018
0.038017
0.0736108
0.0541841
0.110697
0.163566
0.110154
0.0713562
0.0857563
0.0787065
0.0520883
0.0282264
0.0236623
0.0619514
0.0480059
0.0343339
0.25675
0.311818
0.139425
0.422332
0.339643
0.0473978
0.0707813
0.0791399
0.0384064
0.104543
0.826145
0.153916
0.0410254
0.135565
0.249334
0.0818935
0.0329749
0.133381
0.517011
0.0355473
0.11467
0.04707
0.484454
0.26542
0.932238
0.206856
0.0750435
0.0698986
0.0400673
0.319573
0.064915
0.222397
0.0859083
0.802437
0.0811083
0.0419217
0.197821
0.0294861
0.160905
0.01906
0.0544601
0.180607
0.144572
0.0155699
0.0217328
0.0351896
0.695108
0.468578
0.138234
0.381252
0.167622
0.0103704
0.160465
0.0930743
0.232356
0.0508253
0.232342
0.15158
0.0898962
0.201157
0.100397
0.0148268
0.035703
0.0892152
0.292508
0.213465
0.672674
0.552242
0.248274
0.0103601
0.0337781
0.0121661
0.0418691
0.31865
0.0138459
0.0390979
0.0205902
0.114804
0.0795449
0.150881
0.461095
0.0389605
0.157858
0.0184884
0.0863506
0.977199
0.886278
0.19052
0.0348219
0.0207825
0.216333
0.179445
0.0328218
0.466704
0.0858037
0.0209461
0.0237937
0.0196385
0.154662
0.0363687
0.0948521
0.0893789
0.0166929
0.124649
0.0452049
0.444802
0.096994
0.261878
0.05416
0.220348
0.261712
0.180588
0.149464
0.0315109
0.0899106
0.0984094
0.986391
0.993876
0.939046
0.00988
0.765201
0.0771687
0.022772
0.0216665
0.0777145
0.141512
0.0379044
0.13887
0.104411
0.0792071
0.0369623
0.0547465
0.00679306
0.618531
0.18987
0.0192381
0.185417
0.256471
0.0271784
0.0409496
0.197669
0.0309097
0.0483791
0.188659
0.541212
0.0287968
0.213581
0.0555297
0.0204823
0.116441
0.0619061
0.670688
0.0417328
0.0329134
0.110926
0.0904526
0.0133575
0.434518
0.0717172
0.0618573
0.0757152
0.0854067
0.0126989
0.263994
0.111409
0.00538925
0.0366069
0.0564552
0.0259281
0.210395
0.0560139
0.025797
0.0355194
0.262004
0.157776
0.205377
0.267251
0.0233425
0.00565613
0.0670427
0.0711355
0.0383949
0.0969693
0.237465
0.0297208
0.169399
0.0118697
0.165935
0.917312
0.937789
0.713527
0.190772
0.0211804
0.0236159
0.0720075
0.485273
0.122603
0.135746
0.131482
0.0842405
0.109733
0.0186605
0.129852
0.979639
0.0387884
0.0691356
0.029593
0.872181
0.745381
0.0457391
0.664228
0.328045
0.345018
0.271561
0.458295
0.0372435
0.432366
0.23377
0.44556
0.396021
0.0159565
0.0718596
0.0632793
0.291326
0.0719125
0.191154
0.637038
0.263415
0.0813744
0.250079
0.427455
0.418889
0.0912404
0.0744566
0.0299055
0.329818
0.151496
0.125784
0.134209
0.0803372
0.0593505
0.0831732
0.866654
0.444934
0.140356
0.0206885
0.969895
0.298156
0.372707
0.395775
0.0320811
0.574584
0.118065
0.376136
0.104508
0.0380307
0.179858
0.0213922
0.0839121
0.414112
0.0906822
0.00969205
0.633973
0.39275
0.118351
0.0390509
0.116599
0.235509
0.0543431
0.023157
0.0196048
0.0887805
0.14223
0.0231479
0.0238702
0.0652511
0.302791
0.162062
0.140698
0.0619222
0.919262
0.0231918
0.0762098
0.0169635
0.524877
0.464643
0.499131
0.314444
0.604286
0.908753
0.879873
0.95628
0.575713
0.597615
0.853459
0.887711
0.622734
0.685659
0.638769
0.777301
0.0383403
0.116355
0.62352
0.394264
0.0728946
0.831584
0.657602
0.0280941
0.0487816
0.0627004
0.623087
0.747829
0.0847069
0.288591
0.553035
0.222915
0.188732
0.0070685
0.31129
0.0220613
0.94353
0.787976
0.152499
0.0505242
0.0852397
0.171021
0.179096
0.129867
0.126246
0.303113
0.259568
0.0114279
0.100031
0.0454369
0.0770794
0.660975
0.463287
0.159647
0.119123
0.188212
0.0246346
0.021698
0.0554302
0.0255317
0.210734
0.0935155
0.725967
0.762972
0.165071
0.487223
0.101733
0.0178674
0.178099
0.194831
0.0628229
0.0295569
0.0269804
0.0620119
0.00202437
0.0356747
0.0269117
0.0621856
0.279016
0.401362
0.0211709
0.147663
0.0148904
0.0721869
0.0172824
0.183946
0.192376
0.114763
0.22818
0.286994
0.0505085
0.0686944
0.290584
0.0150286
0.158384
0.019747
0.0215283
0.666056
0.0376953
0.0120501
0.921595
0.0463562
0.683189
0.0645558
0.664124
0.120298
0.600307
0.366495
0.291523
0.398619
0.118822
0.808558
0.255242
0.0429719
0.356365
0.958113
0.871667
0.0738271
0.491849
0.0184415
0.173281
0.226687
0.123866
0.0258732
0.319689
0.0315215
0.269721
0.189415
0.0871773
0.184789
0.0352275
0.00851525
0.321615
0.450207
0.489799
0.29643
0.293501
0.730708
0.0190695
0.132471
0.287658
0.0968404
0.446736
0.128622
0.0294865
0.0149895
0.0198465
0.0626952
0.164855
0.0177337
0.142946
0.0252236
0.0222244
0.049737
0.0527564
0.0775608
0.177643
0.122981
0.00989607
0.0930525
0.00856063
0.0161701
0.0860224
0.0211252
0.0169027
0.224095
0.533087
0.0171021
0.858584
0.145033
0.127368
0.962748
0.0497174
0.890228
0.0198913
0.971536
0.543499
0.2895
0.721203
0.0398886
0.0339657
0.0297666
0.0180323
0.081657
0.205909
0.0478189
0.0263953
0.0678993
0.858534
0.781573
0.187511
0.0227281
0.0483505
0.91759
0.0532373
0.0740835
0.0305975
0.188314
0.71254
0.948996
0.05678
0.582294
0.941102
0.941483
0.208874
0.160437
0.52799
0.153609
0.0555342
0.021148
0.171807
0.0415395
0.0325709
0.069718
0.097043
0.00871846
0.380778
0.384717
0.0083943
0.085779
0.628298
0.1801
0.0540057
0.202713
0.810141
0.373254
0.395346
0.856246
0.00725416
0.0326217
0.130982
0.310934
0.755574
0.0207139
0.0436487
0.949259
0.288837
0.0415547
0.0291341
0.0893512
0.0351469
0.206187
0.417586
0.0325733
0.176507
0.0688627
0.0251488
0.520853
0.32384
0.144063
0.0266741
0.0222346
0.119059
0.94117
0.177629
0.117846
0.0543698
0.0539399
0.0572545
0.0715306
0.0289777
0.0365664
0.347565
0.0543477
0.0248927
0.139599
0.567279
0.429875
0.298723
0.134394
0.0562239
0.521185
0.0937138
0.0265426
0.00899099
0.991062
0.967737
0.292203
0.10333
0.0823727
0.238021
0.006704
0.298009
0.0198123
0.0432827
0.271998
0.0251313
0.103853
0.024939
0.00916378
0.0375769
0.173047
0.0513952
0.0141759
0.037035
0.0780309
0.0766014
0.0486542
0.958528
0.776504
0.927969
0.142659
0.040716
0.305303
0.954575
0.908496
0.0512818
0.0913922
0.0253543
0.837661
0.0146391
0.0251372
0.190202
0.0318269
0.068445
0.00767606
0.0219047
0.0410961
0.158846
0.318842
0.171577
0.0227148
0.0405355
0.584918
0.133083
0.835206
0.898943
0.0283824
0.0264762
0.0471501
0.0311475
0.0681621
0.540467
0.382794
0.0194559
0.0236078
0.0141382
0.0158458
0.831428
0.865469
0.577079
0.986874
0.159612
0.048146
0.0110247
0.0818396
0.859582
0.977026
0.967985
0.598723
0.794648
0.00703854
0.0322038
0.89305
0.0105025
0.0592133
0.0416106
0.944035
0.0389917
0.010867
0.0458004
0.0197679
0.076737
0.0256103
0.0878347
0.00566218
0.0208493
0.874367
0.0421624
0.744073
0.0247082
0.93452
0.981869
0.675361
0.793795
0.398109
0.0939536
0.465994
0.166928
0.78724
0.07717
0.251976
0.516687
0.894716
0.165915
0.224009
0.109592
0.0307105
0.929146
0.0224066
0.357861
0.105846
0.963893
0.87904
0.994264
0.986125
0.990062
0.985372
0.300981
0.374393
0.0649596
0.390728
0.0391275
0.133299
0.707188
0.0615497
0.167329
0.0338942
0.0447668
0.506995
0.226211
0.0822815
0.307546
0.110438
0.0478276
0.0253664
0.0380408
0.0755552
0.110958
0.139597
0.0631202
0.0570501
0.0233744
0.0450205
0.109648
0.219218
0.0410763
0.0453702
0.0184749
0.12041
0.551628
0.0391711
0.0217239
0.0799531
0.212249
0.0404923
0.174817
0.650848
0.0274484
0.177147
0.954505
0.962223
0.36849
0.0299396
0.121269
0.131966
0.236437
0.0417262
0.104674
0.828169
0.0620458
0.0768063
0.536957
0.361975
0.0347595
0.0325096
0.0248833
0.169495
0.0583408
0.0289127
0.594021
0.533444
0.173891
0.0485652
0.316687
0.252826
0.0573203
0.0132243
0.0192112
0.016443
0.0211672
0.0357608
0.0473308
0.0455226
0.180176
0.0354171
0.0238965
0.117915
0.0519023
0.0526693
0.0141794
0.0702056
0.0372248
0.135418
0.0120153
0.0298912
0.00451276
0.0425073
0.0463041
0.0707557
0.0206214
0.124048
0.0333054
0.627034
0.0310507
0.043426
0.0208929
0.111923
0.0141009
0.00706713
0.0133713
0.0534779
0.0323127
0.932517
0.113818
0.451584
0.367731
0.343563
0.0432418
0.416355
0.110513
0.331089
0.0852723
0.548969
0.147934
0.362187
0.730285
0.10299
0.0108155
0.320533
0.257538
0.0592858
0.147044
0.047765
0.0800968
0.157989
0.0378074
0.0287129
0.00694486
0.0227576
0.0149715
0.32941
0.940625
0.917559
0.386159
0.319708
0.1633
0.0540525
0.0787014
0.175195
0.0255215
0.0599571
0.160489
0.0169769
0.76002
0.0177879
0.0153905
0.926315
0.0752725
0.0224117
0.0400373
0.0331727
0.088446
0.0348289
0.0580386
0.0845181
0.0317915
0.14533
0.281739
0.0692604
0.0173825
0.0408483
0.00890199
0.134393
0.0292267
0.245444
0.0124155
0.0314888
0.256305
0.0432425
0.00340988
0.0648503
0.127519
0.0814955
0.143036
0.586133
0.0315316
0.0289392
0.152412
0.261848
0.917061
0.339562
0.0716597
0.0307203
0.459304
0.243095
0.155804
0.0468308
0.0185074
0.229541
0.103128
0.00684611
0.084597
0.046302
0.298884
0.03102
0.0507299
0.0705143
0.0264682
0.149087
0.331616
0.0256075
0.0200864
0.0794205
0.0539361
0.076414
0.039919
0.0355934
0.0443904
0.205121
0.362646
0.0494077
0.225322
0.141719
0.121576
0.121533
0.0593237
0.0663799
0.0674236
0.51331
0.25465
0.0313916
0.0308949
0.226616
0.0186195
0.0333632
0.259265
0.115468
0.107269
0.0647301
0.0794111
0.0266486
0.0547337
0.0568381
0.00278995
0.0210228
0.128955
0.0533234
0.0312176
0.986196
0.927027
0.986089
0.0169088
0.0907702
0.0450129
0.233102
0.315379
0.102772
0.157216
0.274554
0.635799
0.193858
0.250087
0.108768
0.651222
0.908453
0.447324
0.0422428
0.0442449
0.0789356
0.0318358
0.11025
0.724447
0.308094
0.0307692
0.0498265
0.156981
0.0527403
0.0145057
0.253252
0.0652484
0.0370143
0.225976
0.127984
0.391347
0.126547
0.24367
0.0352033
0.194446
0.0812529
0.0333174
0.160033
0.153355
0.0577928
0.348368
0.250372
0.0366606
0.960545
0.24942
0.0842056
0.710626
0.0543955
0.495291
0.942294
0.382133
0.042547
0.598783
0.0454961
0.443397
0.179479
0.229443
0.131517
0.114739
0.0780118
0.0899398
0.106276
0.112051
0.0779984
0.00787363
0.0258537
0.147065
0.0490906
0.0250033
0.068112
0.0340001
0.119847
0.384391
0.147028
0.0549053
0.406934
0.293927
0.0589584
0.017405
0.56432
0.0494287
0.238123
0.12505
0.205473
0.062397
0.504711
0.0481256
0.0349744
0.0166058
0.132619
0.0367142
0.0201731
0.0129302
0.220136
0.0549797
0.286128
0.80458
0.117915
0.0557025
0.152296
0.0271197
0.0332836
0.0751951
0.0348192
0.23086
0.092995
0.712587
0.306925
0.382527
0.767697
0.595648
0.462358
0.588511
0.0631586
0.132714
0.784874
0.83643
0.670202
0.0154253
0.0755569
0.125246
0.0357697
0.0141971
0.0377105
0.336657
0.245479
0.0362633
0.831051
0.206037
0.180292
0.339866
0.0374384
0.320955
0.0723932
0.255539
0.11287
0.772084
0.0737638
0.120833
0.256096
0.648414
0.542371
0.0523566
0.0526961
0.349649
0.187472
0.0456894
0.120814
0.112308
0.0942288
0.0418223
0.116296
0.483823
0.0134539
0.245385
0.433551
0.0558753
0.0108346
0.117372
0.304908
0.381746
0.0853121
0.105962
0.423072
0.233378
0.132245
0.686307
0.121201
0.114715
0.0420939
0.0368828
0.140145
0.0935245
0.15294
0.335548
0.174244
0.0663487
0.201787
0.0633074
0.139744
0.325488
0.103745
0.0198646
0.0559772
0.145537
0.237951
0.0352477
0.0870905
0.0660812
0.0277121
0.0623468
0.17906
0.0469005
0.00976832
0.132355
0.0974562
0.205278
0.0998811
0.341592
0.0188249
0.125308
0.882368
0.168075
0.11611
0.289704
0.0442533
0.0115145
0.0349701
0.182122
0.148308
0.00621556
0.650812
0.0420639
0.0193815
0.0184546
0.0287606
0.0877573
0.296605
0.0594498
0.436915
0.782325
0.0408541
0.310011
0.0850251
0.153743
0.0398979
0.144467
0.254711
0.0270869
0.0623455
0.0390489
0.108642
0.771286
0.0244037
0.0929786
0.346688
0.0284204
0.731794
0.272848
0.227143
0.19824
0.102936
0.0129628
0.243788
0.0394511
0.016576
0.053689
0.0180373
0.0295629
0.0463243
0.0614752
0.123229
0.0227576
0.0262314
0.391723
0.282435
0.360617
0.139124
0.117585
0.0318912
0.0771598
0.0470532
0.380689
0.065623
0.153843
0.0529249
0.0852116
0.0257272
0.115502
0.0227157
0.116381
0.0548427
0.0825234
0.255188
0.65044
0.0605632
0.069456
0.108101
0.0568458
0.021168
0.018176
0.0399545
0.160382
0.0105143
0.215089
0.710454
0.346441
0.12488
0.0256418
0.0245578
0.199506
0.0905618
0.0710414
0.234485
0.0645363
0.146554
0.0833267
0.0234942
0.200069
0.101194
0.0321362
0.0263353
0.153764
0.125861
0.120507
0.38667
0.544623
0.0424984
0.159201
0.250256
0.206834
0.119671
0.0204026
0.0219316
0.10444
0.0216148
0.0173342
0.110103
0.0473045
0.0689081
0.0129209
0.011773
0.0163017
0.028874
0.0906122
0.284788
0.130342
0.017843
0.0476548
0.296372
0.469967
0.0843545
0.0122629
0.0952974
0.0688921
0.0985352
0.0279211
0.0571507
0.10641
0.304174
0.0873082
0.180126
0.0986815
0.13193
0.094721
0.131309
0.256073
0.168787
0.317235
0.0314855
0.504832
0.0566726
0.0390241
0.376902
0.0963141
0.0996801
0.106534
0.130822
0.210352
0.104574
0.0623284
0.0185899
0.0289586
0.0268265
0.176575
0.062056
0.596716
0.0762996
0.00959624
0.0682608
0.0745483
0.026839
0.0203864
0.0405448
0.0948843
0.466654
0.125924
0.0187746
0.222198
0.0296313
0.724786
0.360835
0.603324
0.250186
0.332071
0.121671
0.507786
0.144271
0.0234588
0.0326236
0.0223754
0.0142807
0.516363
0.0723698
0.111865
0.216751
0.42166
0.0503323
0.0281604
0.0942632
0.0661767
0.0445026
0.0253775
0.0345874
0.0208118
0.176188
0.908409
0.0476872
0.0461536
0.0942619
0.221769
0.0350411
0.0178029
0.0523169
0.0800583
0.366983
0.268906
0.225466
0.295291
0.0330436
0.0555521
0.0444746
0.0508646
0.0235957
0.0149367
0.0176533
0.273503
0.011982
0.0989702
0.0304391
0.0169968
0.0494505
0.4618
0.240904
0.0655568
0.803559
0.0584082
0.0219
0.0249262
0.112554
0.131882
0.148961
0.0829036
0.351012
0.0630096
0.0181555
0.107873
0.0356174
0.0435334
0.297092
0.024396
0.331216
0.126736
0.139314
0.0167799
0.0644361
0.00641894
0.0329731
0.0374722
0.0977485
0.0398687
0.0105551
0.0246945
0.0171474
0.0837518
0.0499933
0.00603748
0.102335
0.0307051
0.0222336
0.0743873
0.381292
0.0273918
0.123693
0.0435623
0.080181
0.019196
0.0757438
0.265368
0.0663421
0.0817714
0.105627
0.00499021
0.0294207
0.014395
0.155823
0.257892
0.684375
0.36346
0.0242372
0.17677
0.225017
0.0598829
0.140235
0.0757635
0.0538609
0.0909387
0.488117
0.122037
0.0168406
0.0870153
0.0775185
0.122599
0.0730389
0.0933788
0.0322125
0.333817
0.0776559
0.242407
0.116085
0.046483
0.164025
0.0848348
0.0577703
0.66085
0.255362
0.352696
0.0479841
0.044376
0.15916
0.147882
0.10897
0.0302304
0.0192316
0.108235
0.0200546
0.102128
0.588575
0.0122783
0.0732187
0.0195971
0.0441352
0.055546
0.0166056
0.10456
0.130066
0.0854352
0.159279
0.0346553
0.0606652
0.0796392
0.0401555
0.14686
0.138558
0.171543
0.0423386
0.0262862
0.0396104
0.0376316
0.0550848
0.0145318
0.0102778
0.0448644
0.0923225
0.0286535
0.00601248
0.0151279
0.0251368
0.00762376
0.100991
0.0305604
0.0312868
0.0476401
0.0247192
0.610459
0.030054
0.0119463
0.0097103
0.0707967
0.106509
0.060263
0.0175816
0.0521072
0.0592747
0.456241
0.0229602
0.0290927
0.0181706
0.0787368
0.100493
0.0411337
0.063793
0.0667959
0.115221
0.180701
0.0757612
0.0196663
0.463735
0.00826594
0.0384624
0.0240503
0.304878
0.0188304
0.00524902
0.0167181
0.171862
0.0542772
0.0356051
0.120225
0.0471449
0.0856459
0.0594273
0.0644248
0.0627007
0.0210421
0.0339108
0.0471116
0.00653063
0.0217464
0.0289611
0.136893
0.0506646
0.005171
0.0398088
0.0707624
0.0322915
0.0656345
0.0447116
0.0693982
0.13909
0.0388368
0.18932
0.0338026
0.041323
0.0524798
0.119508
0.0919487
0.0439629
0.0376673
0.037625
0.082672
0.214217
0.0097347
0.0123826
0.0394438
0.0308799
0.091397
0.0433134
0.0590581
0.00774538
0.126131
0.160572
0.0475934
0.164314
0.0290687
0.11862
0.0788856
0.0406237
0.277798
0.0843176
0.00637931
0.414071
0.0504418
0.318375
0.021196
0.0950904
0.341386
0.174419
0.0467732
0.0550682
0.140195
0.0467721
0.0837601
0.0220583
0.243329
0.314939
0.35493
0.0134703
0.0341089
0.0283335
0.0877618
0.10983
0.050353
0.134793
0.0378919
0.0580874
0.467416
0.0221225
0.324724
0.048028
0.0653199
0.141655
0.294397
0.137276
0.0297217
0.2733
0.256564
0.0329414
0.0795444
0.0647805
0.0257301
0.0630518
0.204128
0.208362
0.0460205
0.0660311
0.0852842
0.0434148
0.0522074
0.434371
0.195886
0.0348623
0.0289727
0.0150496
0.0549019
0.0226863
0.127512
0.0284502
0.019252
0.0501103
0.00789503
0.128162
0.0877682
0.271579
0.0484786
0.071813
0.0574653
0.0547029
0.0424312
0.0499107
0.0357889
0.0675177
0.0914168
0.00812885
0.033729
0.0520363
0.125695
0.0924353
0.031376
0.0259438
0.0159758
0.0229066
0.0179495
0.0142085
0.187544
0.113382
0.0345318
0.0177842
0.0237844
0.219942
0.013413
0.406158
0.206757
0.0402587
0.0151162
0.0164596
0.0257196
0.036198
0.0297348
0.0690968
0.0251333
0.0681851
0.0506791
0.0318895
0.00780916
0.124133
0.174131
0.0508189
0.13887
0.0194724
0.186528
0.242162
0.380993
0.155218
0.0703211
0.0126691
0.0129348
0.0928605
0.0816746
0.755214
0.0404488
0.0839928
0.0133493
0.069682
0.138876
0.0613058
0.014901
0.0560112
0.0259058
0.0149363
0.0460979
0.0130732
0.459742
0.117935
0.0217632
0.0200224
0.0677993
0.0219866
0.0504549
0.0749488
0.12664
0.176899
0.161822
0.0343731
0.024741
0.0323867
0.0271575
0.0618367
0.0178506
0.0303185
0.0160938
0.0352435
0.0292497
0.030113
0.0159769
0.369358
0.0077022
0.0133664
0.0227451
0.0461548
0.0150242
0.0622965
0.00779747
0.0773415
0.0400223
0.0304078
0.458641
0.203151
0.577859
0.0104998
0.0278747
0.0149568
0.034867
0.0154061
0.0503165
0.15441
0.0530868
0.0825586
0.155983
0.0171734
0.0354282
0.0346615
0.0152052
0.0432404
0.0714673
0.0465309
0.00784501
0.0396521
0.0443446
0.0160969
0.0230185
0.0489107
0.0911554
0.343731
0.135824
0.00848211
0.0324942
0.159598
0.04639
0.0364324
0.0253003
0.102902
0.157234
0.600432
0.383227
0.0446356
0.253854
0.0318939
0.496362
0.46071
0.044492
0.137374
0.0489738
0.0994916
0.0527052
0.0123279
0.0265542
0.0289254
0.401592
0.083622
0.134226
0.0370586
0.035454
0.0603786
0.021425
0.348047
0.510981
0.0117013
0.0134392
0.0119874
0.133386
0.207352
0.175741
0.03458
0.0255052
0.0135525
0.0493762
0.0417817
0.0268694
0.0968909
0.0342539
0.155121
0.194192
0.136102
0.00617843
0.0389784
0.0484623
0.056604
0.152858
0.513201
0.0101937
0.0417958
0.150907
0.0344517
0.0539745
0.124408
0.0308201
0.0612508
0.0403264
0.00862061
0.0161126
0.0616405
0.0120089
0.0210126
0.0177737
0.324785
0.0193738
0.175953
0.00527233
0.0277643
0.0168916
0.195535
0.0602636
0.0490761
0.0695204
0.116532
0.0885132
0.0498524
0.0272053
0.0658492
0.118181
0.140875
0.0105595
0.0349444
0.0382118
0.0928163
0.152734
0.0118361
0.0590697
0.0524349
0.023923
0.123649
0.0258169
0.138658
0.0253748
0.0336556
0.0125063
0.0592892
0.0630457
0.0396471
0.053261
0.284652
0.0240301
0.036468
0.0323357
0.160755
0.0130292
0.0438507
0.0138543
0.0156598
0.0252627
0.0400858
0.0348377
0.0140479
0.0448813
0.0330364
0.264255
0.0904064
0.129725
0.0159547
0.0524267
0.368101
0.0207435
0.0218792
0.10761
0.192314
0.0091334
0.0413133
0.101297
0.0353225
0.0187112
0.0226866
0.00702289
0.0715281
0.0531681
0.0870511
0.0412084
0.0603562
0.0129478
0.0750814
0.0147833
0.0255176
0.0197952
0.10447
0.238008
0.0715837
0.0354061
0.0379393
0.0258045
0.0154294
0.0278417
0.105634
0.0414523
0.0263628
0.00446368
0.00661146
0.0429926
0.0217677
0.0645658
0.0217951
0.0218501
0.103875
0.0650139
0.0795553
0.0726488
0.0496416
0.0913956
0.046256
0.0936878
0.014164
0.0231794
0.0396888
0.0275566
0.0704345
0.0742313
0.235504
0.0803912
0.0329282
0.0392563
0.0293043
0.00571343
0.0182737
0.219053
0.0578247
0.0073881
0.129754
0.0221342
0.178714
0.107119
0.213684
0.139379
0.0841781
0.312702
0.0410002
0.0308021
0.0408337
0.559759
0.0310988
0.0298911
0.0696756
0.108122
0.105552
0.0513584
0.106954
0.263327
0.0693645
0.0277678
0.0334608
0.167341
0.0539309
0.0265808
0.0774218
0.085666
0.575577
0.120705
0.0162274
0.313087
0.0353495
0.0991453
0.0160784
0.0430604
0.24384
0.0232827
0.171322
0.142824
0.0211098
0.0524578
0.114495
0.0257174
0.0753222
0.00928535
0.0633798
0.0329987
0.0307251
0.054657
0.0363224
0.0239276
0.00922274
0.0113091
0.0593368
0.042218
0.0111382
0.0428241
0.00726149
0.029029
0.100833
0.128373
0.0616897
0.0177192
0.154854
0.343609
0.137433
0.0282849
0.0157201
0.234132
0.00845331
0.0453265
0.0402082
0.0234985
0.0454339
0.0216326
0.0284237
0.0347844
0.033211
0.0473029
0.0365944
0.0494651
0.0321133
0.1261
0.0484598
0.0241735
0.378276
0.157721
0.0569789
0.0175108
0.0278466
0.0137438
0.258521
0.0218059
0.0351251
0.0886244
0.272912
0.0423894
0.0320889
0.0272656
0.045852
0.0507497
0.0156655
0.19915
0.119304
0.00858236
0.0196444
0.0358275
0.0178542
0.0527689
0.145351
0.0308624
0.0328232
0.0272748
0.0329307
0.0568758
0.0611682
0.276165
0.111383
0.12326
0.018109
0.0103739
0.0130016
0.10785
0.0155987
0.0130505
0.0460921
0.0200144
0.288272
0.24712
0.0271777
0.0191283
0.115039
0.0399646
0.145145
0.123252
0.0429688
0.0289494
0.0416523
0.00488781
0.0544051
0.0262917
0.0239813
0.023427
0.0253785
0.0301138
0.226481
0.0557478
0.0802482
0.0312628
0.0457475
0.0673967
0.0954835
0.0920327
0.020668
0.0310827
0.0785065
0.101364
0.228622
0.0548674
0.00493823
0.0539706
0.0137043
0.0152947
0.152535
0.086227
0.0353297
0.0833679
0.0378391
0.0469729
0.112542
0.0363513
0.0331149
0.0505632
0.0206213
0.0461261
0.0347565
0.120324
0.0350466
0.0986305
0.0448851
0.694403
0.158221
0.0823719
0.0668166
0.082744
0.00823655
0.74325
0.0874851
0.0605513
0.0181235
0.123331
0.0406063
0.118728
0.00930668
0.070067
0.109859
0.0332273
0.0425165
0.0412773
0.147007
0.0363578
0.0473177
0.0279952
0.0900242
0.055781
0.066281
0.00998442
0.0393536
0.0305268
0.0231889
0.0246252
0.033674
0.0378718
0.0257445
0.140588
0.0559353
0.0715666
0.0396233
0.113131
0.0765676
0.00559983
0.0637633
0.216878
0.0149944
0.0595681
0.0113619
0.048779
0.473126
0.057651
0.0767916
0.257916
0.101508
0.0413747
0.0319208
0.0842059
0.0699435
0.0288914
0.089631
0.043661
0.176168
0.277941
0.145211
0.13881
0.055567
0.312531
0.0438005
0.0149353
0.0508147
0.0384355
0.415083
0.0691294
0.0626491
0.0559474
0.2987
0.0388428
0.014867
0.341501
0.104202
0.142582
0.175385
0.387114
0.0119485
0.0479464
0.0194567
0.0130155
0.125787
0.0164288
0.0844537
0.0538128
0.0414828
0.0285837
0.11156
0.0296368
0.0207403
0.719267
0.00721697
0.0283787
0.20678
0.210184
0.218996
0.70827
0.251468
0.170872
0.0775421
0.0753409
0.0277443
0.0213673
0.128181
0.100006
0.026296
0.052775
0.0117889
0.00560745
0.0249572
0.012172
0.0407055
0.0330922
0.0830678
0.021667
0.0918835
0.0239624
0.0663112
0.0293297
0.00955772
0.0811332
0.283492
0.0272872
0.00829732
0.0304544
0.131153
0.0732263
0.0190385
0.106702
0.257313
0.508563
0.0250895
0.014676
0.0788141
0.0256156
0.0270228
0.287879
0.097193
0.0234536
0.0500838
0.264764
0.0583933
0.0235181
0.221188
0.242128
0.0294164
0.0623838
0.0335244
0.0370057
0.144858
0.0504649
0.029603
0.0246806
0.0380403
0.0922036
0.0196466
0.0306437
0.0452649
0.0771291
0.0513733
0.0249624
0.0179391
0.195447
0.0522365
0.06517
0.0130773
0.0155575
0.0452315
0.0446809
0.0200484
0.0712759
0.199573
0.129659
0.0275597
0.218743
0.0196456
0.129768
0.159506
0.00951594
0.0168417
0.0829605
0.0434368
0.0766863
0.219164
0.0841905
0.0197035
0.198689
0.0781217
0.119802
0.0173205
0.322719
0.0688375
0.738308
0.0809167
0.172896
0.0899754
0.0575856
0.466681
0.0212658
0.0685076
0.0305569
0.0109873
0.0811383
0.0131123
0.243562
0.226293
0.0394855
0.0450847
0.023537
0.0283677
0.0564018
0.00441539
0.153695
0.028548
0.0984869
0.106712
0.0123459
0.21753
0.0816979
0.079825
0.0277534
0.23187
0.737602
0.115917
0.0683516
0.135389
0.0936702
0.161673
0.302224
0.0739637
0.436946
0.0125589
0.00341008
0.0377148
0.0334363
0.275464
0.049644
0.0161902
0.0304436
0.0429751
0.0330645
0.00452797
0.0698024
0.0321647
0.0159045
0.00960631
0.0510672
0.0421088
0.033464
0.0323625
0.0331415
0.0145223
0.0914404
0.0336344
0.142608
0.0236817
0.0582329
0.268665
0.0279169
0.0675689
0.149797
0.0718369
0.0272491
0.0393587
0.0220684
0.0137511
0.0504055
0.0423691
0.0165585
0.105985
0.0129437
0.0367816
0.0518395
0.684136
0.0486242
0.0387602
0.0194917
0.0140381
0.0142354
0.156232
0.0466075
0.0766464
0.0280516
0.0655802
0.0118522
0.0301668
0.0436697
0.0378416
0.0509599
0.117346
0.0409381
0.0532824
0.0741679
0.0364321
0.172082
0.0986534
0.0794714
0.24983
0.0101858
0.020627
0.0448334
0.217211
0.182464
0.144473
0.104156
0.0706378
0.0239542
0.0105114
0.0654302
0.0592128
0.406342
0.174987
0.0621619
0.275224
0.207577
0.0144375
0.0495664
0.236013
0.207101
0.0322933
0.0180681
0.0293821
0.227492
0.341337
0.0145279
0.161737
0.110595
0.116544
0.0130784
0.236995
0.0613166
0.0684291
0.16778
0.108717
0.106713
0.327584
0.0564442
0.248608
0.0311328
0.0323578
0.206883
0.00996638
0.0559538
0.113958
0.00806426
0.00888563
0.0222985
0.104337
0.0127488
0.0349763
0.183419
0.0551128
0.0698953
0.0492824
0.0269477
0.0163042
0.0279914
0.0572981
0.166951
0.0237031
0.0266146
0.145057
0.0590583
0.0138737
0.0175357
0.100559
0.0356757
0.122847
0.0418251
0.131114
0.0210313
0.184032
0.00855081
0.0219973
0.242142
0.118306
0.0563497
0.0711888
0.220029
0.0822683
0.022876
0.0446493
0.0701423
0.00953819
0.118887
0.0434211
0.0405028
0.0148297
0.0330418
0.113501
0.0345135
0.0524911
0.0503339
0.011891
0.0141758
0.0460617
0.18549
0.168607
0.0386266
0.0644142
0.00977965
0.00660234
0.0741237
0.0561756
0.0161298
0.0375574
0.0755366
0.0139799
0.0150586
0.0123182
0.0428151
0.00698731
0.0441706
0.023423
0.0242337
0.0167189
0.0551789
0.0508207
0.0275207
0.00618596
0.279179
0.21029
0.168844
0.132507
0.0903665
0.103719
0.196488
0.0189684
0.0100935
0.00580665
0.0409048
0.131462
0.0889224
0.136792
0.316527
0.278573
0.0278857
0.116201
0.0920776
0.0547157
0.163098
0.0733417
0.0213246
0.268586
0.0992427
0.127669
0.0602803
0.0261644
0.0656543
0.242135
0.0361927
0.0405365
0.0581322
0.0567012
0.0700182
0.00996637
0.135409
0.136863
0.022193
0.260255
0.084316
0.0677664
0.0663195
0.137527
0.157745
0.18839
0.0439975
0.0257959
0.0671075
0.273861
0.304718
0.0420334
0.487683
0.131198
0.0548319
0.630744
0.0822535
0.20573
0.0522844
0.0385857
0.0346615
0.0902232
0.0790196
0.0128128
0.115266
0.188799
0.0885346
0.0582867
0.0908076
0.0316931
0.0755129
0.136032
0.583941
0.189637
0.0679387
0.0462775
0.0612259
0.0299234
0.0314149
0.0329126
0.0156388
0.0518747
0.214984
0.6458
0.183292
0.283047
0.692028
0.959866
0.916551
0.442904
0.255362
0.726931
0.909819
0.643134
0.371287
0.482439
0.638165
0.156328
0.165537
0.945291
0.464651
0.188244
0.418418
0.330165
0.565033
0.352394
0.426333
0.698736
0.109438
0.127471
0.179387
0.371049
0.219004
0.152459
0.985051
0.987761
0.989553
0.334665
0.0235653
0.713444
0.374128
0.877687
0.742726
0.992083
0.101565
0.0480487
0.901443
0.708
0.731466
0.659361
0.681014
0.135341
0.387284
0.429443
0.52421
0.133345
0.896805
0.914652
0.462416
0.52928
0.932798
0.0994674
0.043477
0.667973
0.137772
0.241852
0.782291
0.61649
0.721598
0.0721742
0.135904
0.0916858
0.302612
0.956445
0.985516
0.357557
0.913079
0.440269
0.262276
0.829352
0.366451
0.871726
0.570777
0.844314
0.990023
0.0533353
0.518919
0.863359
0.44192
0.140252
0.0518474
0.0555917
0.13697
0.00933645
0.010698
0.979192
0.61533
0.519396
0.210767
0.705874
0.952341
0.441703
0.23843
0.723367
0.953568
0.956163
0.982247
0.972555
0.398158
0.0890863
0.851072
0.981806
0.934228
0.990452
0.398271
0.960099
0.701868
0.896358
0.146265
0.725702
0.603126
0.29178
0.689775
0.916707
0.915586
0.917834
0.132008
0.0639659
0.16399
0.665667
0.131644
0.0368051
0.0425005
0.0422574
0.0639676
0.0424749
0.120166
0.0890606
0.228942
0.344971
0.296796
0.953103
0.953717
0.522968
0.241602
0.504483
0.478414
0.154497
0.0677319
0.11374
0.337227
0.857881
0.432174
0.0417621
0.0886321
0.542941
0.349
0.427655
0.597735
0.430923
0.0609318
0.841686
0.0423863
0.951858
0.909144
0.245786
0.0417559
0.678325
0.542875
0.503498
0.253169
0.538425
0.585082
0.934662
0.964858
0.633012
0.671365
0.0687761
0.807375
0.391798
0.844407
0.557283
0.254028
0.10403
0.269718
0.248071
0.84485
0.3187
0.734567
0.255815
0.109912
0.846587
0.826462
0.957931
0.580869
0.383035
0.837697
0.248306
0.359241
0.151
0.0377039
0.04715
0.583163
0.146836
0.683031
0.987624
0.0695385
0.955459
0.147109
0.114303
0.464071
0.491147
0.569111
0.680513
0.132113
0.707199
0.467965
0.904353
0.0242221
0.0885328
0.414249
0.1323
0.974837
0.958977
0.870938
0.21346
0.105105
0.910137
0.951303
0.271236
0.641776
0.652205
0.251851
0.971985
0.690725
0.629331
0.0325054
0.438818
0.979777
0.306874
0.693279
0.606634
0.605681
0.488131
0.651015
0.638996
0.482276
0.753101
0.850217
0.741455
0.525478
0.873496
0.960773
0.928186
0.656696
0.962606
0.508134
0.531729
0.964282
0.680118
0.850005
0.691821
0.371414
0.55139
0.416216
0.120737
0.145894
0.382831
0.0535841
0.613133
0.510493
0.955081
0.756082
0.403371
0.599388
0.268987
0.862107
0.941369
0.770874
0.107887
0.411887
0.379947
0.418416
0.275524
0.562109
0.0842742
0.974271
0.933047
0.89916
0.803188
0.0476292
0.31536
0.507071
0.800714
0.521721
0.437225
0.92545
0.993419
0.970279
0.178289
0.455673
0.164197
0.691368
0.949355
0.932748
0.485252
0.147574
0.799833
0.640517
0.719582
0.921224
0.978603
0.984102
0.92811
0.829361
0.35288
0.53532
0.958778
0.822827
0.242134
0.953172
0.948281
0.896684
0.197023
0.612862
0.717737
0.174131
0.902338
0.891625
0.960829
0.953708
0.447476
0.454894
0.824528
0.137759
0.424385
0.168393
0.951887
0.120809
0.279749
0.235138
0.145187
0.348622
0.259831
0.668745
0.64687
0.309567
0.616718
0.347423
0.144981
0.847584
0.0923106
0.25074
0.0745063
0.174724
0.0897511
0.448141
0.459966
0.331986
0.268157
0.905887
0.974129
0.691432
0.840116
