0.545753833528
0.215492158169
0.676565708993
0.538976079104
0.848361013613
0.362453829175
0.236809146314
0.308165794643
0.393397346475
0.700148644893
0.00950953697614
0.239307229192
0.278069194008
0.684236432147
0.0915525711938
0.959769935023
0.848588673362
0.19733825605
0.229700165729
0.124880623267
0.296468795688
0.289269516401
0.0565283600164
0.183736099866
0.550148924311
0.207041710826
0.304980132883
0.493791051403
0.298901085234
0.39450392248
0.8930219497
0.725299513198
0.19256403231
0.151852604422
0.757387712714
0.0809741732958
0.951100179761
0.493796337682
0.0784759069534
0.976262725511
0.944436835207
0.866976381685
0.888996957205
0.104962842424
0.596517481226
0.886698376782
0.926102276702
0.832374241994
0.935576611497
0.378944466203
0.58891181906
0.1310720355
0.0132160297916
0.800977609573
0.81534496275
0.710620871896
0.745650960271
0.699801540114
0.150397834419
0.854447393715
0.414526694764
0.983620037327
0.904611781548
0.948383061309
0.0611815884531
0.247842977536
0.0120878139041
0.59826305473
0.0638374449574
0.769737891939
0.846524556275
0.881456430901
0.770383928179
0.642102249729
0.55376929316
0.32869722582
0.203664948922
0.0608796898409
0.931975215906
0.0072031985717
0.00974996358517
0.302881797961
0.869319152775
0.0968953551599
0.817679343894
0.529742618875
0.73434366314
0.991147068651
0.168464814516
0.136799808587
0.622878774586
0.0831766493108
0.3807501596
0.748037604219
0.773234017288
0.772780541748
0.142554118531
0.177077605342
0.954361386423
0.024714644588
0.264795201147
0.12080761453
0.435989662271
0.0326484005226
0.0154460953001
0.0861343083422
0.742672666456
0.544576039671
0.724155515612
0.776986656407
0.937063365435
0.753652772347
0.392909535939
0.292801173785
0.72456485275
0.133976847592
0.947133639893
0.0686037282423
0.0555443343345
0.111644867652
0.0299198282657
0.358404549428
0.00556209020363
0.933698919843
0.567118837203
0.9568311857
0.956988652749
0.929783845808
0.970796563147
0.71248465364
0.491102948748
0.0395049051425
0.0439436803988
0.0667902957543
0.0786762623201
0.715712241868
0.555730734673
0.115999392676
0.821001321501
0.256447246591
0.0952826026391
0.0547064961558
0.0203614495222
0.940900160761
0.0341781147282
0.920070947781
0.177851817319
0.469358069992
0.896163417181
0.197621692246
0.887738651103
0.612269927658
0.900150946605
0.885033809742
0.342402310815
0.373063464409
0.282184559595
0.0506696320007
0.268291934192
0.363209926813
0.647646892027
0.526940330433
0.336758810812
0.119558997074
0.855630766119
0.0777024246531
0.668278379335
0.663845668109
0.944774146753
0.147253565541
0.383595118119
0.524781265739
0.573926665169
0.660308576696
0.109333975399
0.149414678819
0.0511706799285
0.140761444171
0.316204637746
0.842247023797
0.781711838347
0.941403132633
0.983776601966
0.0445243458495
0.203525278755
0.7823956236
0.976352988088
0.863050123407
0.0329156863916
0.0581136211683
0.260321115642
0.00904236714291
0.918945201847
0.7870509876
0.223174562135
0.252516862177
0.187667582061
0.0974240671262
0.903710575516
0.989682550724
0.0173711779693
0.0828178007571
0.0108794056227
0.443753058669
0.935604154942
0.040166643628
0.130229881578
0.410556070388
0.124443118121
0.125279003311
0.391239022864
0.174524537998
0.969741818758
0.101973725681
0.0578670347612
0.0103747593338
0.0135999256401
0.318955264667
0.873275728714
0.10563246999
0.0633480347348
0.649027556967
0.0624822131198
0.855507589317
0.428829317953
0.98685414406
0.82812393772
0.468657662691
0.943656771514
0.803988630453
0.194792301021
0.0641869551234
0.245010532399
0.0720886321121
0.343954976396
0.733798713274
0.16948785965
0.933884158288
0.0597045183408
0.0521226485505
0.0290455439834
0.0230595074443
0.0885400698371
0.156139780923
0.650093585743
0.761566293146
0.993375122613
0.978785387867
0.31727622659
0.799152073647
0.871009386244
0.619301382041
0.0319191121582
0.0885282520361
0.109450355382
0.0504581276247
0.0154282153344
0.0305163763017
0.0178853526537
0.491241071195
0.146401254734
0.438710268116
0.33284890644
0.938314945843
0.679622603003
0.0753008617611
0.907860288842
0.505974905314
0.852563261697
0.645915630786
0.210609798549
0.0207395844456
0.0136795622273
0.0191158666189
0.512983469617
0.132723978311
0.131350999894
0.74491230365
0.0473401706994
0.495941830881
0.923472063689
0.733925807124
0.705387582645
0.569654674999
0.784154438819
0.782422028395
0.732733080269
0.0248856113595
0.0450954777076
0.914648643199
0.643161566369
0.339219589288
0.749254492526
0.0623275725676
0.0184524996441
0.410661024184
0.79791924283
0.182729377055
0.829166620538
0.626823804875
0.0802092393702
0.153721708093
0.48925946672
0.100928964547
0.388373983391
0.34492724847
0.206525425278
0.171444223306
0.63011819229
0.812685419231
0.0619009658434
0.0578763134406
0.719886844196
0.0400839789184
0.55766744236
0.182571184364
0.0977547086129
0.38406353765
0.973157774923
0.650796489393
0.61873738914
0.17790209485
0.220591616579
0.715568093363
0.0271429387489
0.936746509884
0.280406370679
0.0629375823181
0.077409402336
0.986345157977
0.0137288391605
0.0690494964017
0.496418710997
0.661738944527
0.0551364376575
0.0195575830466
0.979419345422
0.944616539836
0.482416143611
0.118283993629
0.783741380281
0.803299444614
0.890924121952
0.930178131601
0.129647707525
0.510287537465
0.225806869467
0.0103955594717
0.0119887837001
0.0322425541723
0.853727810044
0.308763264215
0.713029344514
0.135401430834
0.362082421727
0.140488968984
0.0774547341338
0.928823000416
0.626883073012
0.780944696302
0.118456933068
0.078750361705
0.941413235537
0.135976068216
0.961067991598
0.88030033361
0.891271097272
0.785254685921
0.131824081394
0.00924659733019
0.355709707045
0.643535229369
0.749170708752
0.567693338672
0.527437353684
0.446780844044
0.355275758074
0.970797336968
0.0984247485455
0.382640523418
0.00436414399437
0.0947475455507
0.0782930960841
0.453640528441
0.956636893862
0.207612458767
0.918107797808
0.727297854002
0.0700901463496
0.669495454041
0.53846211444
0.00773122090301
0.0120680247548
0.0465400761016
0.962008231182
0.969793014488
0.596958143316
0.0940890271252
0.766354922833
0.909901334468
0.460671418505
0.0320562183991
0.895117945731
0.70229909182
0.132547052494
0.955897660896
0.689257252281
0.639172746174
0.951990313101
0.605789458998
0.16523058262
0.0421586983846
0.964859029335
0.536307916277
0.0810040037826
0.774933077886
0.0703580389993
0.898583383472
0.912507486935
0.757703103294
0.405195330633
0.202805141698
0.516910277621
0.909205668553
0.077330959613
0.0131017879507
0.640023670476
0.238670525995
0.990637835162
0.54441459501
0.0755695118471
0.32876555025
0.0243555756681
0.0798463420007
0.305405848614
0.13359492533
0.817921113966
0.688622826338
0.986217618367
0.960010982228
0.0149288379558
0.00898580940758
0.145705491195
0.243778970235
0.347021766186
0.396063670966
0.707224862982
0.398445304339
0.240091333995
0.10551173346
0.232046811019
0.0432923883773
0.286652297752
0.898613819999
0.854963163944
0.647592539606
0.48219683848
0.00500889798851
0.334620911799
0.0935225459394
0.342130309731
0.606175796133
0.609846007029
0.591562800604
0.758977067342
0.789615648607
0.70018713139
0.370207599163
0.366487608494
0.949183021451
0.808447044888
0.655874151921
0.747478948851
0.918663896907
0.855465021563
0.78148050668
0.77800008763
0.83168848419
0.239279270049
0.123622727343
0.0656824993114
0.891238521063
0.0383324289209
0.0109552175288
0.256525111878
0.458689684075
0.0892631949964
0.100598754683
0.478994189469
0.315450832333
0.0675640885033
0.807204346448
0.0210083655701
0.0189033394361
0.080770859093
0.732452158943
0.380796515663
0.399538324172
0.0554698357879
0.481902421347
0.843290043433
0.887402896736
0.141697632439
0.787009111778
0.228433709968
0.513343077501
0.227402720325
0.0422212928333
0.101594984194
0.0271177118199
0.729336404236
0.658686793793
0.368393091805
0.0415262448786
0.0255282620577
0.0153104276085
0.705619038768
0.0548707731439
0.121128339802
0.295327093435
0.707128763439
0.155001909816
0.867941429457
0.962117387086
0.0311590121645
0.195157022509
0.0570022592376
0.593122704618
0.34336908117
0.936223792919
0.076416301996
0.114756833755
0.854969875292
0.900988364005
0.750494272556
0.569174980376
0.703515279562
0.291427414854
0.507349351312
0.352029586638
0.590652659512
0.105141568511
0.0642945090797
0.512716209279
0.783484680007
0.735381329906
0.418086760753
0.0836402917587
0.294264223869
0.888878656071
0.77691179338
0.859136751412
0.0207424929321
0.2752705341
0.0835201750574
0.581194744069
0.0269002946669
0.900554299684
0.843847975003
0.051499248929
0.773328302453
0.123041919856
0.759291819165
0.0959738457429
0.0147171920007
0.0473981775625
0.949948151122
0.0552005953228
0.437966349417
0.373580692008
0.0313978481075
0.955501124704
0.00822603578026
0.88996110188
0.0899849520009
0.861733476352
0.95143038133
0.228613104
0.0430152274461
0.00721703720756
0.198507345435
0.961119478753
0.41258960031
0.201946014887
0.307524642144
0.122564682004
0.926677174516
0.0159512843567
0.940838901228
0.150696384521
0.0099648762597
0.912793200907
0.115975989318
0.0505534247906
0.67137708492
0.00962323182146
0.161198780505
0.0938520176237
0.0680831643283
0.799869142238
0.0624047929733
0.82578209273
0.429017169391
0.117734764194
0.013807299444
0.0572187500989
0.208833565153
0.304632946053
0.0625743490156
0.325135392874
0.499818219346
0.0160475566106
0.24138784795
0.851838798164
0.958757166153
0.930406730871
0.0401531094006
0.0287443396615
0.0683804345822
0.0103215833693
0.0606051607481
0.0263504325226
0.986469566256
0.593094017231
0.866026667912
0.0361542758283
0.514065537454
0.10404542622
0.125622237116
0.0148520129161
0.0283377150618
0.0544702744968
0.815166636708
0.772377320609
0.341026615446
0.896269520755
0.592141458987
0.524032080037
0.459033311916
0.495317377219
0.499653393737
0.949971803795
0.648785780911
0.98842437863
0.0794553103055
0.860675548766
0.362876204094
0.874785687389
0.956099354998
0.956878468999
0.962007088555
0.259476442263
0.124846841525
0.817153981888
0.247507969493
0.364251817823
0.0195208235919
0.025867688941
0.649322067491
0.419115857104
0.752679495848
0.0215919778877
0.441915616693
0.0873261851064
0.0172663171928
0.0313693382544
0.362335430283
0.691754578704
0.273658831678
0.0297887211763
0.0406526644386
0.39967606013
0.636952450758
0.0187157714946
0.089111467592
0.841743193367
0.070459500985
0.608537443558
0.189524306409
0.607949419625
0.151805474331
0.800825168375
0.0594437124652
0.515342251403
0.0209282582005
0.037001302435
0.793057334851
0.482313897393
0.947382760549
0.651672467637
0.0104932375575
0.300473318434
0.521723783895
0.553226967661
0.1095804613
0.526965099677
0.0109911396833
0.0164069847845
0.0207760227709
0.924753075624
0.468532735069
0.808822037496
0.115113092418
0.0556187291246
0.110815115904
0.240393977755
0.492127476144
0.264056741146
0.941746350377
0.0530902718934
0.963630603467
0.47903704237
0.729416556042
0.934688841512
0.965258369168
0.917712644593
0.543471149933
0.0898843234059
0.219363589662
0.71102345215
0.0712828662927
0.913256992582
0.018077516646
0.015229743789
0.10559084988
0.968123014436
0.751233984708
0.761770991961
0.433965988089
0.547399636381
0.0379023150766
0.269635130545
0.082573710982
0.661921061512
0.0884330086471
0.451534590878
0.767638829773
0.155958963034
0.0862181741458
0.0702897389017
0.0677251100429
0.863120951564
0.887852427331
0.820647031931
0.562730114263
0.712169805657
0.0545756465846
0.360407924529
0.85484717638
0.0328249955415
0.927142853933
0.109104358011
0.679075899489
0.850361534611
0.714763335769
0.0077137942115
0.205564538625
0.466936516965
0.0296139126229
0.851379694643
0.228940516709
0.0669750757876
0.828608562211
0.18895969172
0.923508744126
0.678370438335
0.185911435838
0.859234883723
0.0318629238612
0.846385562361
0.524922850846
0.696295173186
0.390100858324
0.390955289979
0.642030567995
0.976814471013
0.0363505647822
0.106557923125
0.0656651812858
0.0219091659465
0.223021326821
0.035146990985
0.0783622790693
0.804820920918
0.0822246727098
0.0075589998649
0.0314098433733
0.32410968398
0.275494494511
0.283589942369
0.633289924392
0.695428946327
0.109476760032
0.946299870889
0.104718225968
0.0472089826745
0.633254241898
0.766274461654
0.0253133376505
0.0872351064594
0.0455461014606
0.871768887549
0.0815274022133
0.261113120489
0.452275567285
0.0247616065252
0.0398996687571
0.280221769799
0.578594577645
0.0452816676691
0.0516060342542
0.0355158728263
0.0529590915857
0.168680240105
0.0171086980499
0.0120274409136
0.714150661033
0.73884767594
0.112991065926
0.138271455982
0.162973372318
0.0842018925229
0.125976384646
0.362433434054
0.0361906023014
0.899672357455
0.0136717132289
0.424862001334
0.136650542784
0.104368844668
0.0196572695772
0.789692250903
0.0718802863638
0.760663712009
0.909189926057
0.217906116498
0.416362575787
0.113663954185
0.00707880193067
0.929294456497
0.774801280296
0.0534602203996
0.425993800174
0.403074739857
0.00886850280722
0.91309511492
0.977331626739
0.0244404826804
0.710128158058
0.276832810864
0.462732597526
0.0211603857607
0.986274509901
0.235721972135
0.143865776333
0.150790104632
0.636438271961
0.0873253456693
0.0069174445737
0.881273788392
0.0217796228649
0.716392837217
0.192711321511
0.705332580954
0.0110020191568
0.00619774299994
0.202646151512
0.73198425264
0.234885624194
0.0130089137592
0.90549049569
0.643786083154
0.0388165331202
0.163575112199
0.0198680291807
0.658901143728
0.622312827182
0.174932853312
0.0967346146405
0.111667103196
0.102852442582
0.894683948378
0.749579680418
0.124910320468
0.107597471874
0.00368450045405
0.711728968075
0.0320615019853
0.0342597442461
0.111156055807
0.0136515741554
0.00485754085172
0.0280452012059
0.899242725116
0.0597829930134
0.0572287397651
0.800499525757
0.902581092546
0.0347875383134
0.190373108795
0.159538433832
0.0583101344617
0.213040436963
0.0794553650233
0.225635282384
0.0294220661829
0.330070658171
0.0105377953493
0.102738558671
0.0117202008956
0.0596627259218
0.01684264672
0.00346800900051
0.00231863280388
0.0474480889747
0.0400087424614
0.8647633636
0.0495093805864
0.833792314618
0.0352569186912
0.972501350537
0.979713833323
0.968704512828
0.878175681566
0.781034618563
0.103368899291
0.06862653391
0.0176389771074
0.0271381158632
0.0201416366723
0.707517906655
0.898112649009
0.300594137687
0.500092866298
0.0315214604232
0.204150390437
0.0450210138622
0.273228580237
0.608674878999
0.962547441286
0.959558191595
0.965300480644
0.963785221126
0.461303866058
0.022735932845
0.0208821356308
0.156304638717
0.934345861691
0.181537966197
0.0241232974053
0.326077144618
0.0281125331113
0.0230490936645
0.0300597952051
0.0435927115203
0.00969647903598
0.478978670093
0.0752936262918
0.0570265879077
0.174466510415
0.984545286682
0.985144082287
0.973606463022
0.94653603421
0.952002331669
0.0676788440848
0.0480722931943
0.160333660302
0.435114714928
0.0179969960477
0.0260572847901
0.0630436635667
0.964417245927
0.890309791761
0.00883821944029
0.862771245315
0.0271429057695
0.0102371119975
0.0454192184739
0.00338979014975
0.98410780605
0.966091312802
0.0292539808901
0.987801419142
0.96609863997
0.929202620283
0.107833487485
0.913061081811
0.703189538355
0.126523608848
0.136625487822
0.870504738938
0.00391309950724
0.923815355506
0.0412017182216
0.185631330611
0.444357294135
0.795718970255
0.028583964494
0.97866120583
0.784402600859
0.815842406443
0.0373069746826
0.80847897073
0.966435531299
0.886119345378
0.371245757054
0.937879931603
0.327410255111
0.508929785557
0.0709599475364
0.945646571336
0.422105657767
0.168945950384
0.947114327387
0.971252447058
0.890316033829
0.925174203644
0.0845733869579
0.521797577907
0.0988977898109
0.203538255813
0.748630514265
0.030020782126
0.15663793113
0.512861328669
0.0974832640392
0.753474334694
0.0231463388471
0.077144881017
0.0437385589445
0.966103870273
0.100606099836
0.595721531167
0.590801930599
0.438789226629
0.141917291226
0.430087980767
0.86839679766
0.292194042058
0.0388342281755
0.921866890325
0.886294608486
0.160070471496
0.175909558331
0.0311751152031
0.68438086833
0.100297730806
0.041070470115
0.695390807728
0.672069658518
0.100922735506
0.288606594177
0.469199282247
0.77067653431
0.364735920565
0.763713848659
0.626026831955
0.181010576591
0.951061709387
0.963926051938
0.866348749752
0.308029730363
0.0320504878138
0.954980294075
0.197378294346
0.844075525364
0.0556260995126
0.768203955403
0.880841299971
0.296861685619
0.703944402112
0.447736845635
0.143388328412
0.962273631177
0.974040395024
0.938242662751
0.735233932158
0.983116881034
0.105389695621
0.126360556174
0.140720730035
0.870499266403
0.858039086864
0.0352511730446
0.524521411812
0.102622359931
0.55481684994
0.0682198042823
0.332038243043
0.729492805883
0.521346723883
0.158837935615
0.30881571723
0.513706292901
0.761177568201
0.0423602384463
0.103586554653
0.774436361145
0.782233974919
0.0274858328664
0.106009099856
0.768029223283
0.00789617120775
0.909714964338
0.0321429067008
0.17441108846
0.0528605719737
0.860131263423
0.107892642834
0.876641225157
0.629534021994
0.143121126226
0.0195959204601
0.699675654783
0.0129880845757
0.11047350384
0.0243723691236
0.069658208216
0.0335113554479
0.058908158809
0.671437093761
0.233661846858
0.0213733574533
0.0307356291179
0.0295368303405
0.015275925326
0.0179904839113
0.0133996734929
0.0169502442889
0.0736333351031
0.011415238524
0.00267342435625
0.242849417121
0.452028925544
0.607717457367
0.0142912563825
0.473052947219
0.334212998664
0.0595426140718
0.405971221996
0.0803298960524
0.00899720444139
0.151031945236
0.220014487049
0.00738966078828
0.0426447161232
0.0359663610567
0.895160609161
0.172757916984
0.0716218194094
0.0598213670017
0.00943327373662
0.18113952027
0.182256153231
0.649744277977
0.0969473020682
0.0250996116514
0.0163503364323
0.0245564595758
0.110639407017
0.646205932048
0.654109648052
0.152038357669
0.0313788429274
0.0119616167561
0.0435538790545
0.0714013013361
0.220462492716
0.728869748261
0.0612916633675
0.0206495927217
0.157275024997
0.29901019177
0.0327359277005
0.913737856258
0.134319559974
0.0452034261336
0.0199543408253
0.731221483151
0.0689020553611
0.541857056278
0.386987785426
0.318666904748
0.0136426741447
0.00667666355664
0.350909792603
0.232040612964
0.476708724371
0.135752770708
0.424379065288
0.215094685671
0.748506229513
0.612637992494
0.823365378501
0.0244860247938
0.0333366166124
0.337990968607
0.570352651712
0.0304441774455
0.4127162064
0.934426546406
0.330481645736
0.864878917305
0.0502700093698
0.047426336735
0.0410750206173
0.0401918719461
0.0756215080832
0.358921342255
0.0948760849912
0.449470295615
0.496559369157
0.137260664427
0.02649077114
0.240122498235
0.0160403589147
0.0393869634734
0.236327895247
0.0186437267653
0.00851468386635
0.0129528822393
0.0104722364414
0.00587479167945
0.0811609713379
0.122598497494
0.0357445630376
0.0176257346746
0.613255807259
0.594600502422
0.393686917605
0.139158498092
0.37323336285
0.09688763842
0.0454896618521
0.187302214893
0.449520178547
0.0152789751231
0.0421654620456
0.0375343924227
0.0148828340055
0.0169948591993
0.0140409148212
0.0160986219765
0.00856646046553
0.0354817918939
0.0081698871588
0.692001409138
0.77593755993
0.122055005853
0.0185220762651
0.249691206816
0.0199700542784
0.0104667488419
0.314744063563
0.0423605328025
0.180657839084
0.0369673785528
0.192475524793
0.0527168269224
0.338608236555
0.0432611193602
0.0586538431321
0.146444695368
0.688892952177
0.603494481991
0.085789138879
0.695583027485
0.023840794902
0.203053819342
0.0568567556482
0.00731594325604
0.0292782363618
0.0457923447054
0.0380341177241
0.193930186452
0.190255735373
0.316684872988
0.168868866134
0.0361148536732
0.0114980864416
0.0105544141414
0.0286003824646
0.00864429096887
0.0364622315099
0.312770103638
0.0532412260021
0.288273281877
0.082571604313
0.12874026438
0.120285873022
0.0460259829226
0.201878356143
0.0934382322666
0.253808758484
0.0764286277542
0.113738387956
0.0708221458214
0.254537245481
0.0442125617491
0.282282228126
0.268054199197
0.595843236261
0.155345497239
0.33111239953
0.834487835521
0.18709927699
0.0292287700984
0.0377789386092
0.0920866987238
0.0478432794663
0.124902965987
0.255814794462
0.118878467189
0.0876762918633
0.337062099509
0.205952628069
0.151219729101
0.0419818838483
0.16459704679
0.147217961243
0.046325772503
0.0244032473485
0.375866824438
0.00747795923523
0.130786217045
0.0348516186371
0.0440456509554
0.0644548122228
0.0405454687794
0.242739074636
0.438427372736
0.0138642355275
0.0776660829069
0.189424849126
0.0160703545503
0.0348126166753
0.693385071941
0.265460527854
0.0460362492897
0.0084051656419
0.00600358998421
0.332378072398
0.451369831129
0.0096373519529
0.0188760593348
0.00717081021409
0.0685870096732
0.0151790961033
0.0322212789576
0.1623319299
0.110758462404
0.0964084151523
0.107567051615
0.260626017624
0.368837600081
0.0106685128603
0.0220160830356
0.0862868057322
0.0169500786155
0.061193866998
0.0233247295174
0.0996515792325
0.0194670269964
0.0407852475974
0.0492471234875
0.03199414503
0.0119348500345
0.307307610793
0.455098157519
0.0289279589463
0.0372224379424
0.141508860633
0.862294178762
0.678358072947
0.481332118523
0.156635551196
0.33956999283
0.214567296575
0.950041898022
0.0872571400404
0.116825653729
0.159181666589
0.820881304408
0.830108166716
0.190140659406
0.233729770974
0.5826852029
0.0325096049778
0.449311207473
0.826438687878
0.0424879619866
0.0100825403214
0.00612504788807
0.677582162053
0.684841846538
0.450695696191
0.5575346957
0.0598498329774
0.0151213218714
0.282741169236
0.0243472736244
0.153286153434
0.755018512179
0.749352891413
0.478192470671
0.0223560850019
0.0269698457545
0.160834538637
0.665065635681
0.0242111571725
0.0493632231639
0.0146996316748
0.663063254551
0.202918148795
0.0922856149793
0.395867543886
0.0677511068255
0.201382742388
0.0143834822544
0.0614210039001
0.172510700334
0.00839002458852
0.068480888727
0.0311215212586
0.0278486933531
0.0182437193658
0.0108433064041
0.0231502648897
0.129765299155
0.0705808062237
0.0657251402392
0.987277504048
0.97165262976
0.929971125563
0.0684322748302
0.897714454138
0.922233323294
0.0107810058394
0.00449260073014
0.391696014939
0.491049975469
0.0517929729945
0.176021146004
0.00572101768613
0.158872254193
0.0319889153369
0.00868526183368
0.0887679550149
0.0305400062152
0.194378221548
0.00872691325495
0.0649451417213
0.98897284986
0.975263809489
0.0873642469587
0.643404766874
0.0614616364581
0.0739573577935
0.184468299927
0.38117886731
0.0184421088936
0.0804643220952
0.768253928768
0.108186271606
0.364281872734
0.627158662519
0.133508925621
0.462905760935
0.0426248654287
0.753379560926
0.107800306377
0.539035593531
0.0285117918819
0.184030851152
0.0958526968101
0.0107895036267
0.843099026944
0.0987733423984
0.234100080428
0.756093414193
0.0195191776962
0.0395231097627
0.0119556570879
0.319085830427
0.0500386460307
0.00873709013508
0.14962090875
0.323597544264
0.426692633572
0.142517087304
0.638382940348
0.355501254967
0.237289910954
0.13439396286
0.0174083342511
0.00900915417275
0.0599907755011
0.0426722325675
0.0637550849571
0.0335240099668
0.027767921116
0.135853641922
0.108185424989
0.0690175646561
0.0249185874907
0.942029706224
0.0108990330289
0.497455807749
0.180520561345
0.0571913397841
0.0363092241146
0.0108647485225
0.0256899811635
0.881383510175
0.00814810474029
0.851485159908
0.821461920534
0.949408480176
0.0197498563835
0.0192982481516
0.0108031346509
0.00492754962119
0.0175969033146
0.0215418473737
0.0258824931335
0.100236359016
0.0224610806756
0.437428481161
0.0691778830477
0.0644617998978
0.0180115020052
0.0135581194048
0.468004550091
0.457981110963
0.497866120357
0.0830671347504
0.148174188881
0.20273729769
0.0214191876463
0.0190092099385
0.0974533107403
0.0395246772833
0.795926621704
0.718441963214
0.00553990001755
0.149803037665
0.393693372265
0.00204155292102
0.02225346641
0.721686357861
0.0194329256083
0.018569208871
0.285756651643
0.0436267806624
0.0741345272883
0.00691180431674
0.0113779368567
0.0917303699393
0.0108474042514
0.0140588387971
0.0299940182189
0.0188135262897
0.00459403958427
0.0921118641247
0.0289306897375
0.181710262839
0.0775251568223
0.0434312380555
0.0279254199646
0.466410057045
0.0399170449018
0.0048573918617
0.123048430967
0.545344291395
0.0750938393753
0.0109259760683
0.0153188233308
0.0564579131717
0.0979641227561
0.102588364581
0.0267639696929
0.097838771158
0.0156934176555
0.840540663681
0.973738291491
0.845684804054
0.0769933415658
0.0179831652344
0.784513267525
0.0143820538266
0.0505342132983
0.0375895223413
0.0400619955705
0.953161495677
0.00586651704782
0.0322668135132
0.127346767564
0.0690443148022
0.012260890374
0.0266245909146
0.231053339424
0.385145027756
0.739574248364
0.453357455946
0.514663355218
0.0899655400064
0.0432743162519
0.351057772753
0.525261005615
0.0383828289544
0.027200216663
0.760103199445
0.139257766972
0.722714148525
0.31564229946
0.0326113682029
0.946463068661
0.0655340644183
0.535230993341
0.021149572588
0.465271053419
0.0292001200506
0.149169714495
0.875905089633
0.0777329719973
0.299448554696
0.0151788179879
0.0926177151987
0.132940221753
0.0406581336443
0.145907825875
0.0422757038023
0.031964001042
0.0248401782688
0.0239084881168
0.059027792169
0.0122165793993
0.887897933194
0.0596297850371
0.0246127641033
0.0695403584
0.0478359190896
0.00912241229909
0.13271674622
0.0237277806737
0.606310831964
0.0507701174417
0.225188998188
0.872600125876
0.0897686213435
0.373918157334
0.901607461346
0.0579246182676
0.01898699597
0.10189834014
0.0879006602704
0.188653557495
0.0935784281367
0.0215309184857
0.0115049599319
0.0187964232443
0.180713147172
0.171223636916
0.803251040567
0.630375083125
0.663226734188
0.0760223204428
0.0259136102469
0.0409009756014
0.00788117313485
0.00690650777305
0.00561093505945
0.0890724150427
0.0667649049218
0.394524169659
0.431911648186
0.0611836913233
0.0136795164061
0.029511222149
0.275846155743
0.0261900345633
0.067077201293
0.0271248583374
0.0154360270573
0.00750014543649
0.00468942831764
0.115359358836
0.0250894970033
0.0244437454773
0.239651059901
0.124975094937
0.00549865097889
0.0197607773831
0.0201320130614
0.823772840415
0.803510446371
0.240969333066
0.358280314353
0.0419604846742
0.0387966812918
0.0586988656941
0.0480834036768
0.0351178716413
0.192743959694
0.776374722696
0.178915481109
0.0144811114531
0.0175151706477
0.0563984757759
0.00791103756829
0.0745123218128
0.0629267413473
0.0613776289488
0.0487096902684
0.925022258193
0.671239136343
0.0169095021926
0.0499013257193
0.0200879240877
0.0276772428116
0.327344063892
0.531939627821
0.125820300112
0.0945206308721
0.0424592672168
0.134625984117
0.179118323001
0.0505808525631
0.116369196847
0.0487652720414
0.609511557102
0.160788835223
0.0403923475706
0.0117296547805
0.870155036437
0.3539148165
0.812618525682
0.736309714877
0.509873248194
0.128634398726
0.0570450748725
0.0400491858338
0.0184259262083
0.206604183669
0.12464214074
0.304631334323
0.588870323388
0.0243859880644
0.0775879147931
0.00466921408334
0.0198789153068
0.0252458978523
0.0286561294968
0.157844608159
0.852425550171
0.0788838730695
0.527946693469
0.00484048881588
0.503156726509
0.17231039376
0.00505145089272
0.540799936232
0.0737732027809
0.777549170536
0.0700403976588
0.337923741221
0.0970840321509
0.0292670393482
0.00462788777955
0.16370948997
0.0331932702407
0.038670812292
0.00281830639293
0.256073771295
0.0343739202432
0.0973899534688
0.0224745270553
0.945091145652
0.758578150763
0.872039216776
0.0136286494491
0.0661166946217
0.00875014890707
0.15378912958
0.107746685361
0.00938070837077
0.168552696829
0.00473158311787
0.598348207497
0.264855823651
0.0521173203241
0.0190762573129
0.52497812525
0.0228953300803
0.485507677313
0.425493190464
0.190898717664
0.830953752488
0.725510688233
0.421303971859
0.0199608200899
0.063852163577
0.0967400393005
0.234241284744
0.0202804343185
0.514697493215
0.00714445317301
0.36233743921
0.0129043053553
0.0138586352634
0.431763276213
0.0286855495403
0.147348473003
0.0604723821505
0.0678822217464
0.303497278931
0.170794403978
0.130604836447
0.0924430712367
0.0450940300368
0.114208618995
0.0177414869697
0.00296460515512
0.0939707047164
0.23157403255
0.087234182007
0.0911727950821
0.0677066630796
0.0616250357616
0.0159943117505
0.118772524746
0.0965684810023
0.0279008889915
0.0593404382608
0.149384002433
0.0129695247899
0.00881727405104
0.0538203508768
0.0165130750074
0.179521272922
0.349265704063
0.0110742919547
0.130952177234
0.215859748906
0.435787854078
0.0504818451187
0.223396250882
0.106816624727
0.0675770737082
0.050537458949
0.477334252383
0.486501903463
0.0252645579184
0.0333935446505
0.0439963816498
0.0143913767449
0.0897446645766
0.0131544545206
0.327036794975
0.102533517913
0.07837492272
0.0546491641761
0.0120007160968
0.0144018959631
0.0654349664111
0.0418915386217
0.956596556416
0.827266894422
0.877910327515
0.0219690235866
0.826943765076
0.867896240153
0.0215830024211
0.575798406463
0.00626923460326
0.00670620292007
0.0150754492335
0.0162029277123
0.0647645983411
0.0351067464232
0.112889630424
0.0122922293017
0.0325496109299
0.266477530342
0.43754903083
0.0222115713113
0.99439016493
0.657220421162
0.0672232309198
0.0194788841905
0.0394882623069
0.232513890524
0.710652684759
0.0723027372676
0.457567647558
0.00959386861897
0.0291984175389
0.0473367575759
0.0397983250835
0.0133448090134
0.352173757306
0.788059854824
0.372946347763
0.701463536145
0.919466831728
0.916343164901
0.0504865933841
0.0107439755121
0.0341739169048
0.0318682916656
0.20201106017
0.0448242840566
0.0333761979336
0.366709218893
0.809885185321
0.55959527616
0.0106931739513
0.0162538967493
0.138774414533
0.355240395163
0.0132452276076
0.00693455700569
0.305227861407
0.102766679836
0.265196036433
0.00490999216262
0.213483088072
0.828012633207
0.166458736501
0.0896808169563
0.181538994532
0.141034777809
0.532150929192
0.0855926001109
0.968319042206
0.0273511470218
0.0265647913982
0.0147796468795
0.0464197188857
0.0212498722984
0.0416096715703
0.129005109416
0.232171121828
0.105248751143
0.538481529135
0.858668850071
0.00287276793164
0.0573080233142
0.273965762176
0.809242359347
0.0413208002467
0.430868508114
0.0116462166163
0.497584266407
0.0527966684833
0.0132139016157
0.517230735626
0.0426395612933
0.0137011292918
0.131627997262
0.24702097595
0.692557595471
0.648378747361
0.294874366046
0.225298934171
0.0572812578564
0.0278697566846
0.0163240279608
0.010534955404
0.0147049442999
0.0323904553292
0.128446463181
0.16476996915
0.0519801667633
0.044103648323
0.0421089536242
0.236069884798
0.120821245815
0.0496587679188
0.265692320182
0.019408328831
0.0209413492932
0.0623023386264
0.0168425747477
0.0672846521027
0.0753178090163
0.250360579332
0.411938734089
0.348767832524
0.170810456541
0.773876466083
0.509312835387
0.0542052267796
0.0200187170347
0.0189838374717
0.00970956543529
0.0742527573893
0.723771569696
0.517749287004
0.0159988642264
0.162336509834
0.635729143808
0.269039838723
0.022972506753
0.0278523803184
0.410570362236
0.0096171587758
0.0484412309581
0.0255387100719
0.787496904417
0.533364538141
0.905546883041
0.115322384821
0.322169103616
0.0264779299436
0.0180349287944
0.403480151787
0.0960130348597
0.380031930716
0.0383862582995
0.66307196527
0.0399861678741
0.127249002552
0.0404780214738
0.0217859721966
0.49530007022
0.0230433534877
0.0470330252013
0.13244245423
0.0660673199487
0.0481893146241
0.0063180907818
0.00878400145868
0.723710038851
0.450723516024
0.190765678228
0.350120095549
0.190150317523
0.00504753369513
0.525235826264
0.051543221128
0.313630228053
0.0725361155632
0.710264219788
0.233647268558
0.064025677053
0.053088144654
0.0809319923324
0.0813430160153
0.0415570916816
0.276370372454
0.556063083484
0.65423698618
0.805297957385
0.777862561569
0.29340140114
0.0417231146101
0.101390996228
0.0163315066078
0.0199176435745
0.737763968114
0.133261448109
0.426945282319
0.0297838518053
0.429406971658
0.0882196507653
0.269045310709
0.76663778879
0.145018916406
0.0440220259219
0.0128392596519
0.0293208048736
0.975032793848
0.920350655214
0.120193900359
0.0165015296225
0.00780368605741
0.353038269126
0.218434311501
0.025387832592
0.166086299325
0.146516285208
0.014444356917
0.0567382863492
0.0135159102969
0.325481542636
0.0265388986274
0.148288810036
0.0699625893927
0.00687731952092
0.126791495221
0.154196464987
0.779389278328
0.135484865111
0.154342427715
0.0403206090907
0.32269997524
0.373951250102
0.337585720334
0.0402843389767
0.0250642408375
0.108406228191
0.0734340893887
0.983423188326
0.98121532423
0.963216770362
0.0102049759209
0.480306637662
0.0530542436509
0.0963845139883
0.0126267056089
0.107586079562
0.359340664588
0.00962778043746
0.1065824812
0.373008349082
0.0266793506249
0.0996438053121
0.0195656133429
0.00622852831106
0.842921058936
0.39143112177
0.0146341550807
0.330673282647
0.154410926774
0.026003943952
0.0273718191102
0.135449035971
0.0116771341679
0.0705702782443
0.531881961608
0.765555439456
0.0419050657659
0.546507518516
0.225688127012
0.0161363741186
0.042944204541
0.0528577960578
0.827374634003
0.0999716389865
0.0769164294213
0.0495121871404
0.0789232784321
0.00690694753187
0.534204911182
0.0338498596601
0.0169894111847
0.059855420332
0.230921779674
0.0153522537886
0.160904927201
0.412998782991
0.00472955557753
0.0302116682594
0.060385315472
0.0161723535021
0.128778582563
0.1937310107
0.0263796335618
0.276655677841
0.355987139665
0.214832427195
0.636076791801
0.547842988976
0.00531613219308
0.00498669315822
0.107402891107
0.121536386421
0.0663178956893
0.0681614557849
0.625974428925
0.108532175758
0.469301661366
0.00365057277213
0.41512160432
0.898277903109
0.920394633641
0.705501197405
0.186493699075
0.0386448598574
0.0369543123741
0.108131443252
0.548612932132
0.165159305927
0.169160765542
0.0704413300126
0.0813990315073
0.717169499762
0.0189255523244
0.167780749763
0.970900332425
0.0246192707178
0.0373437980704
0.0191130368253
0.93832981628
0.809119774279
0.0205146982433
0.609105576915
0.628054056259
0.583123928036
0.673063697845
0.25543568908
0.0066526785909
0.167329994839
0.0441001846331
0.646980014122
0.507687756132
0.0276054778694
0.18357458592
0.135452223836
0.589783526929
0.0296713731646
0.59807147743
0.649859316374
0.726361408848
0.0605824955566
0.512861181619
0.332483042102
0.750030604089
0.0704589179763
0.328169455773
0.0121031350703
0.634679495237
0.105560634294
0.0269711597344
0.231973079392
0.085452760182
0.0351037191497
0.0485124328429
0.953977720146
0.302302499251
0.0515081283977
0.0489862786135
0.884289813972
0.44992466171
0.561865420433
0.532249307355
0.0860190141121
0.482244671453
0.12658455227
0.559044873651
0.0805243178418
0.0303828348527
0.30945532577
0.0804238684717
0.235473221947
0.603216628404
0.30178197689
0.00693590221285
0.585391472661
0.337735327727
0.293370226017
0.0271725111656
0.252420109598
0.455028806606
0.0454895506792
0.00760185309856
0.00491417678462
0.0747983000667
0.0430756689348
0.0743572781325
0.0466503760499
0.0361561415997
0.047018526641
0.624138491764
0.22626778762
0.0231807584788
0.532254075715
0.0311302187206
0.0312508307406
0.00766116574779
0.816392071864
0.478652461092
0.46760383582
0.428448373846
0.646285211095
0.92431068886
0.916729841598
0.915733956312
0.825932673511
0.551338321282
0.90529112051
0.943166531691
0.81680418296
0.87762583985
0.839170970778
0.802583233735
0.0219692085291
0.0431427326527
0.805163401911
0.686991661184
0.0210586115108
0.786761233263
0.826594999741
0.011050081506
0.0217544498399
0.0169874854965
0.876550927864
0.566743910098
0.106894412697
0.59362257379
0.396972434695
0.273230206616
0.32255532643
0.00468272614616
0.254656045503
0.030717785627
0.915033268607
0.796852412866
0.113930891644
0.0174026111565
0.156951611885
0.259056005296
0.133934402787
0.0775301687544
0.0966801432983
0.603352635224
0.589860615634
0.00788301569017
0.563804470649
0.0125266099922
0.0334725958637
0.696440704027
0.347728521007
0.24109992409
0.0506136049849
0.084683976819
0.0170106807039
0.0100192498773
0.0426375837318
0.0149271434791
0.394969658407
0.107571032821
0.791047815006
0.875457384625
0.170412284664
0.606846795992
0.0802341767756
0.0425293808856
0.193730066134
0.300931245202
0.0212163024684
0.0176270891972
0.00855419036203
0.0224555167538
0.00210737456442
0.00412270057161
0.0265247254225
0.0448758548499
0.232979376045
0.168831896751
0.016521410526
0.444424751804
0.0239852111293
0.0704595513866
0.0215075203428
0.146976851529
0.431535215647
0.238298789825
0.527589857004
0.201972963956
0.0519697094424
0.0438569186333
0.301776745117
0.00773905331756
0.204009527201
0.017660817991
0.0563081700627
0.677295390709
0.025628543402
0.0413694859952
0.979055485223
0.0641589134986
0.53480319665
0.0407128037786
0.712387395594
0.450269979858
0.59330562502
0.46766220798
0.657796887401
0.700640703093
0.123764795125
0.943245393962
0.685664095875
0.0465987504066
0.311229269263
0.755490483861
0.575973648681
0.0449716529811
0.664910544418
0.0192326183196
0.12719963705
0.482156590042
0.0662196254717
0.0564674147861
0.62095167739
0.015864983004
0.249566898854
0.211826764385
0.611203212004
0.604437523598
0.228584879981
0.00276532727132
0.780311902289
0.771549087042
0.82476592567
0.34087828418
0.65969531593
0.681627342986
0.00983902190512
0.191374258244
0.406205859819
0.224875906463
0.642049508994
0.237726725465
0.0148274836405
0.0276661717867
0.0102050709354
0.0541011494048
0.0855873205563
0.00652466195392
0.13184965588
0.106659014635
0.0787254454998
0.123818898746
0.219475906291
0.0478178263119
0.529952994309
0.165818013832
0.0155387817144
0.0540626234137
0.0115416519567
0.0273106545157
0.0539960045524
0.0166566189343
0.0358143787438
0.166751821173
0.77877229223
0.00730263367438
0.909197833774
0.0747547943048
0.0310749476784
0.956142564642
0.0251026536223
0.891384352084
0.0178613120046
0.948434023718
0.829014758362
0.635070330147
0.741596023361
0.0176310397589
0.0665227911212
0.010374822923
0.0163415820271
0.133510210815
0.312274941481
0.016269167402
0.0428795028521
0.142032956331
0.90524707893
0.363957439361
0.184645820347
0.0828895527187
0.0272122576264
0.624171984369
0.0221255919386
0.0445440218951
0.0407871282745
0.104767163213
0.482939192123
0.906634663145
0.0250385544835
0.630332599283
0.887983898641
0.623610391436
0.372462628207
0.357760464946
0.800422236097
0.488528954416
0.0791990061684
0.0213298770966
0.0629489848227
0.019790673801
0.0347835130389
0.0498345594976
0.0652208887695
0.0113012529802
0.531394351888
0.414238139326
0.012033217784
0.0673647082244
0.756552918596
0.606549490707
0.0241289777903
0.130893135802
0.742605404322
0.403626550301
0.246405893849
0.41229235186
0.00658697834789
0.0426372604936
0.340527159651
0.470093520457
0.928943851141
0.0576790658814
0.0770367142019
0.85786878483
0.127687438751
0.0198584550956
0.0975460831787
0.0404640624746
0.0717141858315
0.49624052466
0.63353835279
0.0307976049567
0.525491533894
0.0521966831036
0.0101936047261
0.197094169181
0.0724167045192
0.045959476551
0.017089409899
0.0177438435639
0.154465477859
0.834184106388
0.0622764386895
0.0548187785364
0.143621162952
0.0169941715996
0.0177004504051
0.161576183003
0.0740837174596
0.0687891942663
0.159993748372
0.0842357565357
0.0137365487574
0.101502626883
0.683034110015
0.529011518143
0.570790227933
0.0424982487465
0.0225338858547
0.186122883197
0.0382743247344
0.0489237400007
0.0129245665335
0.992112735563
0.970970721586
0.145484881874
0.0353626185788
0.0287576975045
0.351082478884
0.00505595264499
0.59218737444
0.0169209097854
0.0228774644723
0.174369422715
0.0101264152953
0.0949845158794
0.0422303706049
0.00930342372094
0.451857646435
0.072230716114
0.0194754366645
0.0146070447664
0.0997742894301
0.134973099874
0.0270695545935
0.0136765675845
0.959263682973
0.856639025864
0.908651899026
0.276798491672
0.0557055020092
0.508618350278
0.975821330293
0.97034380503
0.033271947867
0.0406518540421
0.015924742169
0.729834882914
0.00819966030005
0.0251263666999
0.369219369362
0.054204577649
0.0743944987146
0.0102612974812
0.0115209596096
0.00585549624259
0.0283662732649
0.323768389675
0.581016654056
0.0110608894018
0.0586273033507
0.71004947153
0.115757928423
0.894978309646
0.920358126303
0.0727085755099
0.0199505143081
0.079196305869
0.0635126917994
0.407150250697
0.528371540822
0.630270041368
0.0309497184696
0.25841989996
0.0102595412888
0.14121912108
0.85527688879
0.931343508019
0.845768486537
0.984808465685
0.317219661956
0.226749586534
0.0248605180244
0.0225508298564
0.919802428212
0.970551627951
0.958444748675
0.39152744931
0.89131000663
0.0121832006
0.00893792687919
0.910527317306
0.0048662869003
0.0439365518488
0.0271378573254
0.909327280247
0.0264256680593
0.0221714773533
0.0372505126113
0.0265331784213
0.130972350648
0.00676185319889
0.0300917768122
0.0348453183751
0.0167236188488
0.917905004968
0.0499626440115
0.768949896084
0.0345681824174
0.969012723526
0.968899636651
0.833995920722
0.789115885508
0.714280985783
0.153591259723
0.324656527249
0.142993130261
0.128091957548
0.0600500115796
0.32346447841
0.673312123924
0.866301034995
0.0661886730305
0.155059616119
0.0699006080644
0.0651985757104
0.957988163062
0.0110327141333
0.424042489251
0.266361485285
0.949067928255
0.905594922975
0.993074417103
0.983554799063
0.986055171521
0.983456063678
0.664812081092
0.738063101648
0.116975202497
0.650234714774
0.213015937531
0.168588741689
0.747182862406
0.0830790098706
0.242382456519
0.0218026233732
0.033216200511
0.40685617331
0.0786505843389
0.0456887051326
0.0891883584422
0.256418290407
0.0596506537801
0.0272636726204
0.0345794314034
0.36251936014
0.398470550049
0.421091804206
0.0851887832072
0.0728250054469
0.0314145780139
0.0886537213687
0.326097260695
0.612761766577
0.0477812579528
0.0739055773989
0.00810124953398
0.136769954608
0.713908932115
0.0124177230145
0.0545035175334
0.233235358597
0.185656880391
0.0185634263681
0.0965324265683
0.86488605225
0.00612312340958
0.0408810078521
0.97448674984
0.979026366684
0.319098993831
0.012358479139
0.294591070511
0.109277084803
0.444475763253
0.0306511127303
0.41977831636
0.77434205688
0.107810436134
0.0778734087909
0.779212932136
0.64478594447
0.0359335103021
0.16530866245
0.0510278507233
0.230237104066
0.118138589905
0.0231069518789
0.689337213278
0.562902886485
0.387647194271
0.0324001361745
0.405424007562
0.170173994803
0.0498118636855
0.0166619855177
0.00448768443711
0.0144909968678
0.0070579958018
0.00938757006414
0.0152185626844
0.0247375317492
0.0392625839456
0.126387947078
0.0157854437981
0.241995509511
0.107246731302
0.0778513623775
0.009271403439
0.0435057708952
0.0409510154772
0.334333376831
0.00463632177134
0.0217667926277
0.00200153370813
0.0360434824664
0.075829055645
0.0265835184655
0.00795116748211
0.0677483565615
0.0931878252839
0.561784914359
0.0231268176681
0.0232780436651
0.00734331196248
0.356658264507
0.0149531167166
0.00402930245529
0.00619664918011
0.0267698608217
0.0190852037899
0.899282718912
0.25309972332
0.702855206149
0.395169199284
0.20429300623
0.0246479310154
0.716367438869
0.0459511284898
0.712583855579
0.278126004617
0.705837520074
0.140260790577
0.0791720730495
0.474634035664
0.0503908089094
0.0167435470477
0.277813044868
0.258990527903
0.0913294189176
0.227788594894
0.0929034542311
0.0420436703186
0.0720878330815
0.0406593040885
0.0182411720728
0.0047754415264
0.016132050773
0.00940831571833
0.510410379964
0.958283845856
0.944303326243
0.713432015766
0.428519647125
0.0327411910362
0.0779226332933
0.108397849254
0.0652285247527
0.160199247614
0.0451479888465
0.171417377027
0.0213718883541
0.808730695749
0.0144407909468
0.0153164885204
0.88469715941
0.179445397352
0.0902170884261
0.0885056469665
0.0378123751175
0.0510082308304
0.0665617782846
0.0203813023476
0.105422002766
0.0158187395532
0.113914151311
0.318492545368
0.0471839660522
0.0106969409054
0.0275146883546
0.0176768286812
0.0809691115914
0.0257948582784
0.296805136499
0.0317927383939
0.0897947326513
0.198519729892
0.0206069348323
0.00270827551895
0.0310135479686
0.203059577454
0.0879914468701
0.0442084643035
0.507508429845
0.0237943968356
0.0110994322234
0.0876947925937
0.130631038253
0.883971854886
0.213457026108
0.0450874816491
0.01197839795
0.255586332874
0.330018869653
0.266027889059
0.0175415601739
0.0163707222634
0.266283724256
0.0434933912022
0.00582622460029
0.0163232052969
0.0145591911344
0.343987153428
0.0887965651571
0.0276991799818
0.0837088984144
0.15656916805
0.155181667634
0.0836421744929
0.212546703557
0.0568212978525
0.337717547304
0.0683892242672
0.295875406834
0.0737909488075
0.0242035368529
0.0406870707487
0.250311662839
0.170467271645
0.0767113277856
0.152888711633
0.13676284714
0.0851222709372
0.116961073836
0.0505434650328
0.195227721584
0.181384314433
0.376499556065
0.308416634374
0.0544270845555
0.027212287485
0.0701860047751
0.0401838507675
0.0436047511317
0.449443085459
0.102333015579
0.150113905212
0.312585663369
0.142248991696
0.0754172509518
0.0451077790958
0.058295580957
0.012523239364
0.0550216752169
0.498128898576
0.0445347103788
0.0170287743946
0.975671221736
0.951565307968
0.967622094429
0.0106211809657
0.0346338413119
0.0577749348461
0.682346253284
0.669578520634
0.171196547584
0.364470033919
0.376660726501
0.545081313897
0.276473710507
0.346629446433
0.102535480157
0.789223129
0.96021398209
0.62913897283
0.0292861094701
0.0681069291879
0.0266859751373
0.0884553439704
0.0300632976871
0.788724764798
0.600373640058
0.156184580358
0.226885388022
0.0626843096018
0.0342973304139
0.0205483467586
0.261135026963
0.172439983708
0.034744176692
0.159700999789
0.249794230735
0.795077102717
0.316136828591
0.69428268441
0.0436986725914
0.219923041898
0.0282141387235
0.0161574318146
0.611548274008
0.112643562095
0.0184995540174
0.151924188019
0.32419205476
0.0201858786978
0.955266425843
0.64813917973
0.495120829998
0.764924307183
0.250528487783
0.33429219131
0.97085197682
0.517512008741
0.0127548400758
0.699301183215
0.171262883995
0.770139324173
0.267973770692
0.258487182987
0.037984452197
0.0390561962876
0.0241506816061
0.112745833577
0.128963389109
0.386907774324
0.0993338027153
0.00447284552361
0.0241931046734
0.163305129646
0.0213760529609
0.0196237525516
0.145652004796
0.0147913316428
0.201606926648
0.506092288418
0.213699009905
0.0479180488378
0.691115432995
0.545907489313
0.0787351748551
0.0077527857085
0.753781552532
0.0587963254442
0.382403874124
0.0477342902527
0.380862384318
0.197624310506
0.464665998251
0.0777564070109
0.0233542600147
0.102246960565
0.400400737528
0.016839181786
0.0232463008456
0.0181074842959
0.187887721381
0.0556173337996
0.708209162952
0.881980247005
0.0655284452807
0.157892148143
0.111534225038
0.0811069376243
0.00920250151974
0.0728403723725
0.00580484752716
0.108685711377
0.0531643673889
0.829085250987
0.638176960909
0.622990421268
0.875379829917
0.840331603919
0.738914016221
0.680116162369
0.131917894926
0.0526962681642
0.834575927115
0.786097728823
0.808057218478
0.0159642570497
0.320114133135
0.247618701589
0.0716116637193
0.00844292491141
0.0240622595562
0.703378195015
0.0883053944827
0.00930851734817
0.828775565269
0.475714821105
0.528273005467
0.628582722427
0.023666310484
0.217194714078
0.12421381493
0.232027143594
0.0644170152774
0.557474881433
0.0407373980368
0.12561996093
0.214020871787
0.438248811326
0.519040244069
0.0543868870709
0.0565583837124
0.527680097119
0.204715263058
0.133301229167
0.147043500603
0.531584653305
0.0531330278413
0.100987203837
0.117189263117
0.543848659716
0.00490555512775
0.0943168282245
0.674588059185
0.077546667378
0.00696625755568
0.0802142235827
0.208463096483
0.215793217044
0.340135146641
0.0420088077686
0.624017140885
0.0501242990627
0.115943166024
0.866646840827
0.0543247098873
0.0285844801441
0.082072063028
0.0483550205108
0.116685483123
0.0387107077627
0.0519042870309
0.155646202829
0.0670861393788
0.049163761021
0.16002711864
0.310810009943
0.0633104794209
0.308986466877
0.53108418816
0.0286623029433
0.0152841513543
0.216068239147
0.156564865088
0.0143279616101
0.0373565177851
0.0675788988384
0.0794934165715
0.0742808165304
0.061257032071
0.0102782326923
0.00965653256305
0.123322332015
0.042234785877
0.0728966301534
0.0336694229341
0.293482874254
0.0804822613521
0.150764635523
0.928059342249
0.0688240664631
0.0581865202756
0.382320107831
0.0142596227066
0.00876458809474
0.0133657321113
0.154206332305
0.325258923498
0.0102746615553
0.585255033482
0.0300370852482
0.0182788370715
0.0175970324107
0.127177458125
0.0660258583185
0.450045553122
0.0711930212107
0.638167067083
0.718010258158
0.121525580834
0.184676803037
0.243990824033
0.187767884984
0.0332612405051
0.123289627957
0.277273091381
0.0597424563397
0.0529503078073
0.13711369237
0.127817328681
0.740681552518
0.0194852249276
0.0499212394147
0.307696634647
0.0158231656101
0.736017411775
0.241029353618
0.111917694871
0.130581799348
0.108235215727
0.00279419401939
0.474841778383
0.0161817771114
0.0121112206546
0.104321323933
0.0111316475211
0.015291809908
0.0256964595818
0.02087304575
0.0626544861597
0.00552347529247
0.0136846387988
0.324583746228
0.122478273358
0.398515140348
0.354083640235
0.110921063798
0.213895968235
0.0914369058722
0.0650423648571
0.578666273706
0.203260428593
0.0955197067225
0.0312211824422
0.0204141628309
0.00690948307356
0.213747409759
0.018671019109
0.290095468178
0.0519239714216
0.0626360608486
0.140789976258
0.892719991154
0.0263083753971
0.0914245718462
0.0506750389298
0.0529711681009
0.0210641764747
0.00628618861207
0.0392848324271
0.0689498876202
0.00332055522932
0.145698751731
0.747307572109
0.0559966633129
0.0408730033106
0.0106154910192
0.00531448510019
0.622115699488
0.160474203984
0.064735174055
0.404862872039
0.0620524676258
0.400786979663
0.213878001554
0.00836622050422
0.0826021681958
0.129293874635
0.0716604969612
0.00923734298946
0.0599905415049
0.0389973276503
0.0748974336055
0.607886200795
0.627353812315
0.0204703984693
0.0977078857676
0.0845674371886
0.114375803498
0.123416525585
0.129031897773
0.0512365383645
0.0489050508259
0.0109466144548
0.00788741371223
0.0458722505345
0.0337511501671
0.0442426044445
0.00747673600716
0.0168431892761
0.0880084027924
0.0128552034155
0.0282289018128
0.0889515507484
0.0991820359458
0.00805600669576
0.0376857770716
0.112858152793
0.393604140423
0.378177107925
0.00816886609122
0.0499376433495
0.0359195026916
0.0197238166941
0.0135825186316
0.0395889389311
0.180170088304
0.208983165176
0.0532521415465
0.143933317902
0.0469595760309
0.152952907425
0.0265214484899
0.0287542694876
0.127807239043
0.201423815299
0.491775741892
0.0179268115132
0.81833207108
0.019179541089
0.0383890676999
0.151677965837
0.181204359107
0.118719073681
0.05617197219
0.0519320938444
0.155191737388
0.0212056222909
0.02644469158
0.0102221845292
0.0267351208467
0.0174799841289
0.0370358178999
0.0267968298536
0.268673003135
0.0923300529177
0.0248101070146
0.0387551783698
0.0191973935468
0.0140680817875
0.00517272100248
0.0103916401206
0.127130004694
0.635892830802
0.112184263924
0.00799709223028
0.225245928411
0.165810571133
0.64355583926
0.36634238009
0.535902368052
0.154963846918
0.363672098084
0.0798727153261
0.371446155242
0.198304797734
0.0130786285667
0.0562779780985
0.0105762915514
0.0221865935703
0.161688216216
0.0333794687095
0.0422403249378
0.443649628059
0.489221924363
0.0382100416104
0.119417746861
0.159364361924
0.0625322084506
0.0918749082514
0.0119036680944
0.0105100022492
0.0240507266186
0.573431920021
0.868857657036
0.0538962012898
0.0276225985895
0.158841930456
0.207173799992
0.0135409448634
0.0328151451579
0.0437061855054
0.161368873971
0.313544622149
0.0971026143659
0.0971202491199
0.355546790373
0.00958391164237
0.0957218162516
0.115080709485
0.166405717851
0.26831830009
0.0164661697148
0.168003157789
0.24415763108
0.112705610922
0.413093209424
0.0119815472378
0.00900836504563
0.135991054669
0.517095389743
0.341274354075
0.0612125656384
0.650954260767
0.0595620560853
0.0118901549524
0.0203851323102
0.297367721459
0.161684563915
0.0443277379351
0.0794895784043
0.222796851084
0.133285146612
0.0221285335236
0.042018627492
0.0523141135332
0.055720276114
0.542726860936
0.0238492381541
0.290784572058
0.215850451461
0.0736106554177
0.0364171934116
0.0143611720035
0.0110082978138
0.0162171777561
0.0320487248005
0.106145301706
0.0563223165329
0.00385151681335
0.0172788676917
0.00945605254484
0.114371368387
0.135251561244
0.0169395449464
0.0219316778777
0.047590345316
0.0109153651524
0.026668725178
0.558968254007
0.0103998373228
0.0559023701301
0.0626439418926
0.210449360407
0.0157815668777
0.064011076756
0.100414708984
0.0312421719523
0.140756923181
0.361436325301
0.0128126414315
0.0717639168331
0.0156150894026
0.0758233232162
0.392725075856
0.245740094185
0.512569655322
0.224514801961
0.0680923894759
0.0640778426497
0.14035745703
0.109646448993
0.0727454032225
0.0305270317401
0.0378528035459
0.635866261553
0.263933214224
0.0103714289538
0.0648126386734
0.11213003657
0.0901158056113
0.092635009916
0.124677625607
0.0175518659055
0.354099001897
0.0870842769626
0.342451661847
0.0785982087572
0.0182029966411
0.292895148341
0.0412135120361
0.173167431252
0.77807817552
0.274553734103
0.605937774437
0.08872819787
0.0164346647296
0.165352081718
0.0394349502816
0.0772595686759
0.0597185268377
0.0137188716217
0.0942492762378
0.0393252865049
0.0142922521706
0.714998397447
0.00737633838024
0.131461676601
0.100156536208
0.0139069882424
0.0206589421157
0.0377431135794
0.139303832788
0.0374865129751
0.0249827997962
0.147288358224
0.0322299116801
0.0643166726476
0.112816059745
0.0354012945552
0.0186455036603
0.152644560761
0.213717665749
0.125789002147
0.00699972333465
0.0338381092395
0.0164369982727
0.0195783166542
0.0508824369766
0.00550655911745
0.0283395118983
0.114250458264
0.027106381002
0.0131068016724
0.0215118979678
0.0293860998026
0.00776417979078
0.201955153506
0.006056249591
0.0370624790587
0.0150114215369
0.0356742302258
0.541577782302
0.018785147029
0.0223328225672
0.0100837749314
0.0826657944913
0.0391788866851
0.0791543080762
0.0270130885548
0.0370119107969
0.158985319524
0.266924604451
0.0119445880939
0.015136992717
0.0169973945548
0.0651774005552
0.0231984209326
0.0230052258928
0.0530406673881
0.101933319692
0.508899038631
0.281788577899
0.141849680029
0.00448173636303
0.478521871996
0.00632827738114
0.0196597442419
0.0384078788998
0.220578323044
0.00611586133979
0.0147011517686
0.00993241010786
0.14968284298
0.0353424062595
0.0114796209031
0.255486596391
0.0313586804423
0.0867995913793
0.0317865615309
0.041915887292
0.0229165139917
0.0287783673905
0.0205081473305
0.0251252579761
0.00771032436229
0.0261650778662
0.0129388847245
0.0523327229361
0.301876949202
0.0199785652699
0.0415297098016
0.0358036585064
0.015300612272
0.227949331083
0.0208248974856
0.330836441012
0.20213725037
0.00839169886266
0.155064852043
0.105723045969
0.00701022489941
0.0446695694708
0.263563408164
0.0715612563848
0.018482587107
0.0438985984128
0.012826773183
0.174023445534
0.434988818395
0.00809697013831
0.0153533039125
0.0259098004377
0.024147430622
0.0757855734411
0.143793238435
0.0154885779844
0.010083511938
0.0568140181749
0.13478867107
0.0111971176344
0.263058941311
0.0109455431143
0.476600159931
0.0251242788919
0.0232793420842
0.230444231736
0.145675755346
0.00699447084175
0.738035324403
0.0759890794551
0.196619686204
0.00907544537516
0.0213561939247
0.312540325416
0.115102367272
0.0287249446947
0.0587828938084
0.718473366605
0.0453034295615
0.237177650164
0.051385657444
0.116119688574
0.633305857982
0.72364230313
0.0241896226934
0.0566339688361
0.0272655807794
0.155437805735
0.0865333319593
0.0698585066642
0.0474998089007
0.332376472322
0.102160836155
0.112130997626
0.00449888332488
0.315619839927
0.0286359004897
0.1273716239
0.271403853354
0.114943571434
0.0959493735478
0.00926689509049
0.43672067692
0.112435515404
0.0378850313072
0.0368847140942
0.0207663182211
0.00588258960664
0.0813908587839
0.333729794125
0.285853370251
0.0566660208698
0.0132467264335
0.0209050918794
0.0459571406588
0.0264814653532
0.624754570182
0.135100214751
0.0192117656251
0.0148298947433
0.0279952050051
0.0794091146624
0.0322257856126
0.0633300028492
0.0220692858018
0.0275469740697
0.14908951274
0.00269855920256
0.0944445019449
0.299898261314
0.240870439349
0.0536868527403
0.161848276246
0.0706628992901
0.0720617513192
0.0201331135677
0.0661024275135
0.0236037055179
0.015166040948
0.0235451561117
0.00499167964962
0.0147626333494
0.0214717777771
0.241845453624
0.155090766335
0.0404255122316
0.0674910208181
0.0098317755432
0.0370100174104
0.0155325982344
0.033889993825
0.303989371238
0.0738031061265
0.0390991317878
0.0358083036803
0.00886455440214
0.271783653394
0.0132663016319
0.735217991978
0.172201281609
0.0208394515652
0.021277278746
0.0307229396787
0.00784742199377
0.0746842728766
0.0431016136357
0.178722067803
0.017735254578
0.0376015083125
0.0255719639041
0.031610871844
0.0109192107971
0.187384221787
0.222294869491
0.0196705843855
0.0564280665833
0.027107711788
0.408521311088
0.474926273216
0.643574778117
0.369491505132
0.357226096259
0.0186400671731
0.0118723359564
0.0469463205075
0.0559243119566
0.705399262379
0.0704797828321
0.0291289229492
0.0557033882819
0.0453596299122
0.266888599074
0.482322996015
0.00574322291891
0.0272985466166
0.0293013461581
0.0087470291494
0.0184938075426
0.00645049162327
0.662050147805
0.10086583276
0.00781472957118
0.0238076901297
0.0878563865611
0.018984353861
0.164078250472
0.0293433589812
0.0854019037705
0.0580861791307
0.0532427334342
0.0191969099174
0.0112576131137
0.0134349957825
0.0117279168548
0.0539697507241
0.0118737795376
0.0196515960387
0.0107015266971
0.0246981875811
0.0422476678201
0.0645722900042
0.00933666405324
0.420081842096
0.00566745646419
0.0197166395452
0.00898063962635
0.0498770753238
0.0240465103375
0.156027025251
0.0103183038328
0.094121819874
0.0146894029872
0.0210739398083
0.11402770645
0.42195752563
0.318171519347
0.0170244065089
0.0385232199724
0.0119721031047
0.0214362381589
0.0315899658531
0.220381442689
0.22854116813
0.0540144902775
0.402073054797
0.116081592684
0.0211030089939
0.0453132445813
0.141042959852
0.0106511703251
0.0311750034838
0.0645693233371
0.0710753077127
0.0211116191626
0.0189041662721
0.0258918653708
0.0132567588439
0.0162085036334
0.104930285866
0.0366604735972
0.741596751835
0.112454682239
0.00851756320875
0.0659806558476
0.533622139608
0.129559275306
0.022902166883
0.0382786636166
0.244167671972
0.18248059556
0.75814480147
0.433677184109
0.0127383517284
0.673439345619
0.107099079399
0.48523993225
0.548154418004
0.0155616368818
0.144857111627
0.0286861314808
0.371506642369
0.0296969565425
0.00918248696842
0.0190745554138
0.0214781413429
0.170862936319
0.0543289538965
0.0180471043095
0.0200660661015
0.0817834308057
0.0649708133593
0.0184653438217
0.167956875723
0.397386208289
0.00900440252766
0.0107451389288
0.00647025499071
0.496292257883
0.158097611121
0.0915218812425
0.0475688884347
0.00742122952104
0.034461757552
0.149762005843
0.0486653388044
0.0620291561093
0.0628111668404
0.174389430796
0.083849910961
0.348141044668
0.284089477331
0.0136437767403
0.072762635354
0.0454133558918
0.0361786462564
0.308158586968
0.523674007117
0.00798319896453
0.0249914551
0.25959676309
0.0627911444624
0.0713832655179
0.206534338917
0.0729063090072
0.110035064395
0.013349164767
0.0118097978067
0.012813704421
0.0292985503769
0.00782824598048
0.0394314653045
0.00913962168984
0.546113463154
0.0118122256383
0.0271155786739
0.00481568557601
0.146838672888
0.0330925971834
0.132640353846
0.0485968052304
0.0301134649825
0.0342694337008
0.0740007328894
0.188280604005
0.0105393093007
0.00916675046411
0.148274610942
0.264327329029
0.296297289692
0.0922031458997
0.0539323708376
0.0584958958071
0.0472468885083
0.310169155385
0.0126412632985
0.363859296908
0.0238724179254
0.0096046627069
0.0416081359606
0.00883244660441
0.181521031885
0.0214335136042
0.00942311353425
0.0138620753527
0.0403370580568
0.194537702057
0.1216368665
0.0185549277534
0.326289879683
0.0201189216512
0.0214543341133
0.0156451627817
0.206557918005
0.0298725267989
0.14925536313
0.00530650679595
0.00821118979275
0.0943166835877
0.0236082315828
0.0153878497692
0.0129072772411
0.0563191695824
0.0171554952691
0.168815351691
0.045183198503
0.144564760895
0.0956539820026
0.198454734514
0.2932041165
0.0125480840985
0.00475437817652
0.092064216295
0.027458611654
0.00271319342977
0.0215608674063
0.0528330568063
0.0134468329374
0.024267328192
0.0336578574704
0.00938039991195
0.0451581162724
0.0171078703843
0.16180414136
0.0935345192396
0.244090639062
0.00935529062627
0.0202656794746
0.0120173165416
0.0161580778868
0.105012038563
0.231108072278
0.372385870146
0.0731431044814
0.13316056291
0.0933879407778
0.128167149646
0.00808532972309
0.116331046161
0.0249693983205
0.0267403789088
0.0436716379063
0.00626806694584
0.00732253196461
0.0242319099074
0.0127123833405
0.0332379096042
0.0121121706015
0.051942489827
0.046382688578
0.0182014671914
0.122543014701
0.0131605815285
0.0921605367098
0.281236609701
0.133235037814
0.189981094518
0.0101091484946
0.0123359168913
0.0443461873281
0.0346403014385
0.0177571628123
0.0327249911788
0.0600612726828
0.0573421369433
0.0413027949243
0.0290969582017
0.0123445337198
0.00173662714774
0.003952931288
0.138947907917
0.183662599862
0.0445851675881
0.0569811037037
0.0320270921024
0.0620493352002
0.0362294417064
0.512510853541
0.13217523593
0.120320545073
0.471890369683
0.00526045534624
0.0136526239926
0.0096807391672
0.828935385331
0.0467523970165
0.0165620757527
0.0614570025749
0.198425190009
0.0576181818453
0.101553699229
0.0741539333377
0.499500348114
0.0512518830372
0.00745200632756
0.0100602002305
0.19687136878
0.0161159561269
0.020521897331
0.314676221429
0.0199656791717
0.501971773126
0.201543519289
0.00423452258791
0.299051489348
0.0453166295719
0.0830767170186
0.0108579966837
0.0199223373209
0.0924800340462
0.0164307090245
0.273724100003
0.0395489277651
0.00881300532237
0.147988185248
0.0932619397927
0.0663307613252
0.413260640592
0.00490451941811
0.0211549791785
0.016296877756
0.0502979840959
0.058450095604
0.0137586754781
0.113533952126
0.00639058633947
0.0126010866111
0.102463890769
0.0712085085846
0.00490089522737
0.0115598112087
0.0141139368943
0.262283802838
0.404721719179
0.0730515718791
0.0303979286729
0.00982344669208
0.449617990706
0.194014182524
0.134746927739
0.0167119277791
0.0162187321585
0.0734093254118
0.011580370394
0.0243319066285
0.0111163450383
0.00541813678193
0.0150732150803
0.015182169993
0.0176222514255
0.0230558751044
0.218705651121
0.0172375606065
0.150268828431
0.0198833493289
0.0255436344815
0.225057376727
0.0886486779741
0.133244374788
0.634533462368
0.311382557512
0.0677635047104
0.00898914210626
0.0248094000657
0.0314106092202
0.645172318319
0.0120669151527
0.10343222244
0.0262196018413
0.0890413715965
0.0341952720491
0.0348868177208
0.00713413126349
0.0758141709574
0.0494638259848
0.0299750935827
0.125244903773
0.176594852559
0.00957656531058
0.00897036528983
0.0274423002015
0.0212352774032
0.0272295633335
0.0722760798663
0.108769192796
0.128764477598
0.0501770742107
0.0258081521489
0.243381532073
0.0939229786323
0.0848228102118
0.0335631677727
0.164590997733
0.013024980156
0.00941294612885
0.00501160363456
0.398626549592
0.00635139270118
0.00595968030762
0.130495143315
0.0672476466799
0.117507071065
0.151582733872
0.0090306838327
0.0163076774919
0.118901377637
0.0160719670967
0.29617344972
0.164281258137
0.0116602218804
0.0288062753894
0.0546787227473
0.00494715429726
0.0717838290226
0.0290939933915
0.0131267487913
0.03576652353
0.0294258313967
0.0245932465067
0.52102361177
0.18313868657
0.050573957783
0.100781081839
0.144655709201
0.0356837808445
0.0533685726884
0.0346175542807
0.0133527319623
0.0349245031494
0.0510994260061
0.103060496147
0.353330833702
0.165783071436
0.0148977899409
0.0415267846645
0.0186626765307
0.0483162103194
0.220021642497
0.0423929612737
0.0144522608091
0.0758729981559
0.0389329505891
0.0612801903148
0.121037065909
0.0304971734107
0.0138390437701
0.0368628924429
0.0217131359221
0.056767634668
0.0251708003448
0.0325411514453
0.00959917955005
0.0759089923151
0.0606630677706
0.216926252239
0.157456693548
0.0731870272549
0.0195415987823
0.0909339391754
0.00528781180848
0.916573615006
0.329775440247
0.0481260080129
0.0100379167624
0.286321797077
0.054844970733
0.0733189565531
0.00792624473088
0.0255470341533
0.129929610052
0.0407270899383
0.00935888352546
0.00996156943107
0.0449001422904
0.0219672092494
0.104522011103
0.0608550760378
0.0832785632181
0.0256138892301
0.0775341861897
0.00929152408644
0.0186250568074
0.013223990145
0.0277490348159
0.0144731707902
0.0837082919082
0.106503695757
0.0160469955809
0.129523563638
0.346822637945
0.0540554379619
0.0627512465516
0.09213216259
0.023401511528
0.00361372731692
0.128499312767
0.15553784931
0.120451139019
0.0280359595595
0.0514041054803
0.0305557176206
0.76832311614
0.0447430622208
0.0313179229823
0.116211013424
0.161370747866
0.0173402960224
0.0127984868982
0.0139158055018
0.0265262311656
0.00940036464174
0.426293286548
0.078014731859
0.337051415671
0.275668551863
0.0388197566042
0.0673927568041
0.07138793596
0.592080546136
0.0516443034267
0.00567147856729
0.0451552455574
0.0133815879428
0.262544318417
0.0235547500621
0.0500177228083
0.0681492002161
0.299510821553
0.0385410227639
0.0190511363409
0.34137427027
0.0641650887131
0.320812307218
0.0783449555639
0.260970274528
0.00585879208785
0.0230707383752
0.0365779502613
0.198970525037
0.0644568110454
0.250920571616
0.0525599498951
0.0937634171503
0.030508477058
0.0320334183092
0.121987423712
0.0299759873307
0.00967764845697
0.873666955324
0.0396768695699
0.0199043953687
0.207890439261
0.0761719474438
0.155116104761
0.20189345325
0.171572305936
0.0437469348498
0.088623749725
0.167843556368
0.0308692808781
0.0109920683703
0.289357284657
0.0327338377081
0.00821664728081
0.0338282058697
0.00661459091535
0.00268118624566
0.0518110232663
0.0236198696497
0.00896369829276
0.0352554025638
0.0326614968288
0.0107951790615
0.0311976950049
0.0370796196619
0.331839135374
0.216156512511
0.00656101847078
0.118268695646
0.172272930667
0.00796468411314
0.00235298227478
0.0160196333165
0.0813535252169
0.00759509550556
0.0543371209289
0.0525393408399
0.120337508802
0.387808995241
0.0171266440229
0.0418783662271
0.200776491811
0.0536308245391
0.0270777274518
0.128621875525
0.074118714355
0.0196723285915
0.0161001248747
0.225272780989
0.0188974987986
0.0184747306748
0.0946536090972
0.0817315878111
0.014999600008
0.100661398501
0.116647642251
0.0365182862509
0.197356054409
0.0298127381965
0.0329520125919
0.0604395289106
0.0522706608319
0.0986929005349
0.0160879685083
0.0182749647433
0.0510956930505
0.408245271223
0.0326446247862
0.0168505635905
0.00606853436344
0.157435874407
0.0481836100269
0.0367733666129
0.00868811489811
0.0228869062954
0.0261199344181
0.141591739373
0.00654732424609
0.096459530683
0.0590446849955
0.0327179963633
0.017703559702
0.353248786568
0.00555811643709
0.2599564943
0.0986471502776
0.00463898329331
0.0476890119069
0.0317798426111
0.0299952320097
0.0175946048221
0.2774382388
0.0739524783204
0.0176095034625
0.277048316329
0.095478235686
0.141423616104
0.0139118585808
0.148147517936
0.134670233919
0.409288729477
0.020715415268
0.0539306727877
0.156736255958
0.0797319132389
0.259417010088
0.00745614210428
0.0435729863284
0.0093480311745
0.0109624869294
0.021646263785
0.0147114057464
0.0505041535242
0.0652059602056
0.0342488432301
0.0263857303624
0.026319891969
0.0266494444041
0.0228562037468
0.00694666440433
0.0837334091351
0.0334021974877
0.0795378225866
0.0600484559981
0.0397270887471
0.100305458869
0.206236718137
0.0597611275777
0.0670629340333
0.0855461063394
0.627237702085
0.0660248283657
0.0611112623076
0.244495822523
0.208601750209
0.104152840734
0.471154304789
0.0501916599198
0.596830767862
0.0193887925527
0.00210256448184
0.0171840074905
0.0243504494651
0.475393217884
0.0239792436483
0.01288324574
0.0459947014889
0.0520978777493
0.0196857968225
0.00275064434885
0.0588926649919
0.0192678210386
0.0347694881461
0.0343478116472
0.0841541940279
0.0237919427182
0.0381899019517
0.0078508836863
0.0206633652946
0.021923922521
0.156589220842
0.21231004933
0.0787502212234
0.0722630872496
0.0464835086207
0.0866392568363
0.00705223456155
0.0422637354589
0.154937294943
0.0177880693246
0.00775813513578
0.0274104294512
0.0267464794796
0.0172919419538
0.0221106194183
0.0118487431287
0.0373583515907
0.0234166136132
0.021376442479
0.0186894479659
0.0679806297965
0.351815267703
0.0632871392536
0.00710107829157
0.0194552374568
0.00937636070464
0.0118688325375
0.320291730593
0.0229887352191
0.022083613834
0.0327850765391
0.00981890144856
0.0088907169766
0.0587294510335
0.0261854339969
0.0364699098535
0.0145367889953
0.0582038367249
0.0298883953529
0.0155505901835
0.0382564504415
0.051043568496
0.124973564217
0.0257267793204
0.0187950112042
0.320311656406
0.00376445451171
0.0205751633152
0.0536999669668
0.0812013542174
0.172612651039
0.130874497169
0.0490488942618
0.0708377846055
0.026382141685
0.0214175272325
0.0219646809518
0.0160576654064
0.412137935766
0.0468636416585
0.0425588655859
0.174866096422
0.0863517399089
0.0185253481879
0.0260371024945
0.261445190533
0.0759061437054
0.0381059593952
0.0196640260418
0.00661565725968
0.27149033573
0.592526794991
0.0086306256398
0.0593302957109
0.258979861155
0.100505043945
0.074785794034
0.0507653743654
0.315720090896
0.0303110993558
0.338357885693
0.221483046231
0.0695119197437
0.507107710646
0.0340256341308
0.0825477033165
0.0123998781243
0.0361276855487
0.132042851431
0.00880714947949
0.0560296569253
0.0576859370483
0.0172357379369
0.00752875894101
0.00781089447142
0.13880744125
0.0698500332373
0.0350196668792
0.0870871401457
0.0204597021723
0.05404279517
0.0468065275665
0.0111693861581
0.00659648293084
0.0099246937653
0.0873180962603
0.0920763691799
0.0410140569537
0.017403203438
0.0530815539776
0.0239568592383
0.0110729959802
0.00691079894048
0.0533768653572
0.0311755840954
0.196004332254
0.0245681564826
0.106932056632
0.0257544273633
0.0775692994051
0.054309396086
0.0289815715838
0.173542468038
0.271171000359
0.0228598444729
0.151478641656
0.221721054953
0.0600340665124
0.0106580089989
0.220680439807
0.0831474250872
0.00702410529052
0.367197049867
0.0885608463687
0.0307207964687
0.0438971808416
0.0181010935781
0.155145573642
0.0283352745337
0.0638313431404
0.033928349355
0.0120746455947
0.0199223352753
0.020751896179
0.174338984675
0.242353603412
0.149049964402
0.109507799076
0.0274764219431
0.0198938531887
0.0379863777648
0.0306405474112
0.0117116439222
0.033801797275
0.0629497017083
0.0096629169268
0.00566585270534
0.0154843123004
0.0159588197806
0.00585899870805
0.0528654322711
0.00901852868781
0.0319768653346
0.0117637457094
0.0735842129006
0.0313149583357
0.0327219159126
0.0100534243376
0.179492284508
0.287034456233
0.357449740594
0.0558706165026
0.0751538190249
0.123467827159
0.190945006399
0.014194514124
0.0165453878124
0.00731790914195
0.0552271842543
0.227285202922
0.0940965631637
0.338768843439
0.0974974021363
0.307718868692
0.0272600029253
0.13891933279
0.0711209780562
0.0352173207861
0.0873129510649
0.0898903452072
0.0591427406026
0.148327147095
0.0386142012764
0.0258570639946
0.0712415039288
0.0210134728399
0.311600235259
0.0577564227779
0.0177114101253
0.0498215962358
0.0614950408092
0.00865706759351
0.155061258544
0.0132139432499
0.0569596802482
0.0619393420013
0.0453674053825
0.220427563052
0.0413328254458
0.0351137180909
0.267746145285
0.244911972473
0.121436639045
0.264578069957
0.0270948699956
0.0133517529036
0.0655811982559
0.434911386869
0.436966821052
0.0243339319372
0.694524243453
0.179771742729
0.035637539816
0.119763512633
0.0439290702826
0.0638538833277
0.116770103223
0.0838078898851
0.120961292443
0.0954530623801
0.0189187194599
0.00679847101011
0.120890333225
0.2535097264
0.0316677507982
0.0582193209689
0.036911442641
0.0346541982625
0.0289616260953
0.139437896193
0.499419647639
0.3312386442
0.0852464394421
0.0159009373386
0.0317247116616
0.00623214614924
0.0706113161289
0.0509320115992
0.00759312712415
0.0325333239764
0.297910964809
0.710663276456
0.46860333638
0.640986435737
0.635966643202
0.952538541487
0.894266282163
0.719458210216
0.785454527353
0.857854977188
0.893897755692
0.388751877212
0.421620116059
0.279939527575
0.522507787696
0.225391483175
0.273143300297
0.973274206959
0.785179818518
0.46143280674
0.388776183437
0.154506609351
0.621830396611
0.288396157108
0.300715668233
0.418970463943
0.212339731515
0.1278982113
0.0654836364182
0.311032493832
0.685451426266
0.165253532589
0.977488880495
0.983589424582
0.981799094474
0.113531893355
0.0437853863969
0.740817153405
0.218367039948
0.954032699416
0.894842006401
0.987559958571
0.044610148934
0.0361224461974
0.962318108101
0.815898955407
0.744746572253
0.84085600059
0.792456672133
0.685317725124
0.300773800659
0.0980799640902
0.707767014514
0.448905401693
0.966589122879
0.970696198672
0.756602962679
0.773419507061
0.781553571933
0.320174934599
0.108908278704
0.642632830018
0.277324630491
0.348370157433
0.851351019016
0.889714814563
0.879409715375
0.0513111205717
0.0799836684891
0.0987289145621
0.245285017835
0.972602652321
0.988058845677
0.599167470361
0.923951649377
0.66900857368
0.69189076143
0.884422426002
0.692649686703
0.941183290327
0.852723876892
0.947988122804
0.979645958687
0.0394025958085
0.627547920828
0.871507001807
0.535759819047
0.144399169576
0.0133903787618
0.110860228969
0.606335016209
0.0490116400388
0.0254516334708
0.977478289251
0.861564365079
0.783194000345
0.585542730371
0.756813847809
0.79395339385
0.773227065868
0.622435089643
0.542768556383
0.975652408257
0.968761522668
0.986921947509
0.985508170816
0.78895439142
0.2158743152
0.529092839025
0.960727144335
0.931351810573
0.981482710526
0.349092576873
0.578030242495
0.57975428081
0.893816326987
0.582204422773
0.838073506035
0.779349240799
0.586452461555
0.842350104738
0.953099635096
0.937937761126
0.947344650037
0.132885318643
0.0260193162633
0.186524172838
0.919464981787
0.44752885221
0.180734342917
0.329671368034
0.382999403068
0.463631235632
0.319154153368
0.163842752228
0.11627740331
0.346947977678
0.439636639644
0.194320077591
0.96131384889
0.961013214
0.75562842341
0.669662789947
0.708667980554
0.731495037216
0.145939396959
0.233363223529
0.30447264291
0.15889936569
0.779959858991
0.609770303839
0.449602438086
0.460440440545
0.63772835695
0.639012120005
0.705285045806
0.785255533259
0.683444262574
0.203326983834
0.8694780593
0.0893826771316
0.798256143715
0.920076968785
0.513532651979
0.180187492549
0.666440625249
0.745128874807
0.624772188269
0.415362286866
0.812884323859
0.743589484825
0.882384391888
0.963401161194
0.890337548346
0.250427306565
0.0623432970517
0.745709604037
0.614931148962
0.878793465358
0.483110003847
0.429274180537
0.0195642925902
0.405360659345
0.336238436807
0.923816333993
0.622288889791
0.671027144329
0.475064444142
0.196177772231
0.85666287723
0.874402751933
0.958773833285
0.651425823146
0.741350836265
0.852125409824
0.347951609677
0.435034131275
0.295548225411
0.153743011032
0.22593168295
0.695384121816
0.106523099105
0.856973185564
0.993000714951
0.107009986131
0.932429843004
0.0954939866555
0.531826592383
0.754476829521
0.792561936119
0.77015303098
0.686436132271
0.245819322816
0.515660527071
0.447671382668
0.93940116868
0.138377223183
0.224843215649
0.80270965328
0.358679122717
0.967578766655
0.966449035148
0.469221789964
0.582116367617
0.118437134396
0.948443631195
0.939175658959
0.717545417508
0.756648292815
0.601228917428
0.659700840274
0.965136268913
0.719438225931
0.572488031813
0.11203235923
0.636485160148
0.980781453104
0.574655427741
0.76582667576
0.566264021419
0.777328647262
0.774492860863
0.806210162806
0.803179341322
0.622871090808
0.410494263932
0.883251684066
0.932546220015
0.864657757441
0.933423369049
0.965936370247
0.958391315839
0.469308075061
0.831786427951
0.863426695162
0.328331172604
0.985366580763
0.635835448557
0.45690353067
0.89037757317
0.440805726001
0.571498356678
0.656097207901
0.0909527278498
0.659807918773
0.717497801033
0.268010216749
0.806929862092
0.686131979771
0.980801117838
0.838468367862
0.5753782953
0.620277384598
0.462094720788
0.928758717326
0.674411215352
0.87532939905
0.109229455725
0.664457192038
0.512670462879
0.493687810073
0.55614638243
0.828685313751
0.168573922358
0.974793322103
0.922976487798
0.925159922385
0.811704372912
0.0917782373646
0.462129023815
0.447718053187
0.513321700671
0.531085722347
0.498597772155
0.90217855657
0.992597703542
0.982614746815
0.602037603964
0.676548663202
0.764774351303
0.828207488992
0.911927718734
0.936830115612
0.836983108982
0.283467493622
0.866260565692
0.56533895773
0.875923555238
0.966225869906
0.965225140179
0.988564422604
0.783908800097
0.624434085825
0.611752654451
0.74853625768
0.965900039161
0.857321876247
0.550953917666
0.969465555922
0.968943417705
0.969450091298
0.460331470226
0.762406451077
0.534920085244
0.360030702521
0.941539613632
0.935956464573
0.973883617971
0.959048049521
0.783462205525
0.135213403016
0.935153655435
0.071941218279
0.445387281235
0.526473319692
0.958727883005
0.0223062305669
0.140015762739
0.469350873507
0.282771864616
0.599831742988
0.397110882182
0.783862205255
0.869363049455
0.815565401222
0.778966865853
0.601043371851
0.0665243594521
0.839771239402
0.0554029814122
0.316831736347
0.0891919417658
0.0891300655244
0.133196790645
0.750711746885
0.708385665554
0.0816037716941
0.591829137076
0.923154299308
0.968717319969
0.848172796935
0.92196253036
