0.150986
0.0423623
0.412186
0.176394
0.737268
0.603795
0.0129899
0.416593
0.261263
0.492221
0.0153972
0.0459454
0.308014
0.859693
0.0824303
0.624567
0.240686
0.042758
0.423487
0.0419972
0.0848668
0.104204
0.144589
0.0164913
0.362125
0.00804321
0.0621161
0.101656
0.33852
0.271242
0.967448
0.85657
0.147545
0.353682
0.585472
0.0570377
0.873489
0.201924
0.0462025
0.316228
0.594153
0.332337
0.360522
0.149538
0.74735
0.904199
0.710656
0.433268
0.650364
0.608485
0.265106
0.0773146
0.0129348
0.433879
0.251941
0.666602
0.576188
0.689506
0.0377406
0.610053
0.30646
0.963013
0.8845
0.271835
0.0554422
0.0758984
0.0266256
0.56541
0.0690815
0.511016
0.478311
0.800996
0.582803
0.326694
0.556259
0.20047
0.0107914
0.036571
0.92286
0.0255099
0.0221067
0.133266
0.0804155
0.104364
0.552946
0.251702
0.796201
0.984073
0.195368
0.104461
0.267616
0.024716
0.24325
0.650285
0.229736
0.785089
0.0440645
0.229407
0.889387
0.0718375
0.215004
0.0880808
0.202815
0.0446828
0.0337938
0.194739
0.880584
0.122978
0.413052
0.229484
0.857097
0.786757
0.12241
0.217098
0.573368
0.0413828
0.289713
0.0108654
0.00573541
0.00870486
0.00860627
0.603529
0.00510884
0.349111
0.454209
0.964018
0.874689
0.919906
0.982726
0.830555
0.15246
0.0450998
0.0663585
0.159328
0.411399
0.849507
0.79178
0.613962
0.44605
0.0279218
0.0815731
0.0145616
0.00418666
0.901415
0.0720188
0.889328
0.0191042
0.114857
0.5588
0.0777064
0.474532
0.498192
0.918694
0.833378
0.168895
0.394935
0.359834
0.215116
0.197199
0.460119
0.249517
0.547801
0.14338
0.117467
0.411107
0.0166778
0.573819
0.344366
0.888764
0.148749
0.151007
0.525444
0.791336
0.77784
0.0695826
0.0828171
0.106472
0.0892408
0.17243
0.395789
0.259095
0.4995
0.788317
0.00482921
0.245638
0.650384
0.91457
0.413748
0.0239054
0.0584468
0.228049
0.00496103
0.752478
0.0574989
0.110344
0.260227
0.0281345
0.142394
0.648262
0.984991
0.0132301
0.0275224
0.00390359
0.227644
0.9013
0.0309515
0.19926
0.104328
0.118824
0.0728944
0.0804113
0.0650716
0.799212
0.015488
0.116559
0.0291992
0.00871579
0.339245
0.0845641
0.116666
0.0112014
0.929349
0.0104898
0.939622
0.195992
0.932743
0.415561
0.194749
0.858751
0.411872
0.265423
0.106052
0.235295
0.0968613
0.484756
0.558884
0.0282777
0.686114
0.017854
0.010549
0.0914218
0.0276115
0.00356249
0.0618497
0.516824
0.711521
0.998507
0.991449
0.703998
0.482992
0.857382
0.195467
0.0981216
0.233288
0.168197
0.118909
0.0269276
0.0583999
0.0269456
0.0939468
0.67573
0.186463
0.220917
0.892558
0.541344
0.0254051
0.498331
0.0948021
0.574281
0.0555214
0.281453
0.0139119
0.00929671
0.00959732
0.245411
0.0261628
0.545572
0.902076
0.0143055
0.202914
0.866069
0.328867
0.556033
0.746093
0.516498
0.724822
0.448811
0.059433
0.0189731
0.726333
0.581472
0.242319
0.620231
0.0270444
0.0189399
0.184213
0.935214
0.0183379
0.749765
0.246262
0.0403515
0.0253228
0.211673
0.091936
0.347175
0.156885
0.0318875
0.0257009
0.600971
0.910929
0.0649079
0.0183853
0.495095
0.0269838
0.627721
0.130038
0.0986875
0.0772222
0.950862
0.426065
0.761991
0.0946317
0.165033
0.330421
0.0293909
0.43982
0.131973
0.0226032
0.0401351
0.982316
0.0180739
0.0602398
0.425753
0.277024
0.0781728
0.0166235
0.930274
0.681961
0.121942
0.0196673
0.354626
0.535899
0.424092
0.579693
0.265412
0.737839
0.00961347
0.0218492
0.0205291
0.028655
0.724296
0.48947
0.38232
0.083291
0.35415
0.26214
0.0195474
0.918894
0.3272
0.78462
0.111332
0.180686
0.931398
0.215253
0.731125
0.717613
0.319229
0.844817
0.279384
0.00860281
0.119808
0.490917
0.673142
0.0960573
0.433356
0.301589
0.345706
0.714788
0.0901678
0.227471
0.00334011
0.113834
0.256664
0.255674
0.675589
0.0616296
0.766352
0.547069
0.0814721
0.622754
0.167337
0.00676363
0.00592294
0.0182593
0.919796
0.962402
0.683161
0.0765753
0.0550038
0.379736
0.0495978
0.0756678
0.893569
0.514193
0.197638
0.941091
0.171146
0.655925
0.863736
0.351967
0.113899
0.0169212
0.681985
0.651507
0.040941
0.541816
0.0433867
0.272969
0.583361
0.703362
0.276702
0.318574
0.473273
0.161835
0.0159466
0.0113642
0.427391
0.195948
0.974304
0.448257
0.175559
0.121052
0.00932045
0.0346293
0.275043
0.0568936
0.834677
0.62785
0.984564
0.905246
0.0174843
0.0245314
0.0478962
0.0828024
0.192223
0.207265
0.279486
0.0374105
0.25126
0.218983
0.0815112
0.00838437
0.124726
0.694076
0.802665
0.520197
0.179907
0.0131623
0.274054
0.101755
0.0866385
0.102727
0.425332
0.121773
0.86495
0.515613
0.331676
0.073478
0.0507555
0.359409
0.185249
0.396103
0.617952
0.841645
0.809785
0.257097
0.139094
0.542665
0.0415096
0.0647672
0.0109643
0.910525
0.26563
0.044826
0.643063
0.868284
0.0319161
0.0928093
0.0108456
0.21552
0.031744
0.479398
0.0558867
0.012869
0.0311688
0.496235
0.245444
0.123291
0.0348616
0.636401
0.864972
0.256277
0.0487429
0.417849
0.144863
0.187054
0.175935
0.0984494
0.0574951
0.0605398
0.425932
0.050129
0.187016
0.0101417
0.0404069
0.032228
0.206459
0.0704953
0.110118
0.0892775
0.777128
0.12271
0.690025
0.524936
0.0310009
0.0587925
0.077615
0.58774
0.867758
0.572112
0.059642
0.100299
0.672847
0.806685
0.407573
0.379995
0.217634
0.126019
0.0562319
0.137365
0.174908
0.100499
0.0436001
0.273065
0.83486
0.673937
0.416774
0.0250569
0.103859
0.549424
0.423972
0.366424
0.00912634
0.084425
0.219792
0.0734718
0.0136982
0.506346
0.729637
0.0413042
0.641746
0.123552
0.496282
0.0177086
0.0136019
0.00798561
0.362444
0.0111382
0.0900426
0.133995
0.0382207
0.869828
0.00201237
0.295449
0.0511261
0.400299
0.503903
0.237854
0.0277985
0.0126073
0.0347553
0.924255
0.194018
0.0961137
0.209142
0.142863
0.339012
0.0291888
0.453769
0.016536
0.00278839
0.823744
0.0288429
0.0297795
0.189942
0.00963971
0.0555739
0.0188102
0.303792
0.475557
0.0582673
0.472132
0.125823
0.106356
0.0074843
0.0940891
0.245368
0.462613
0.0277158
0.103239
0.0686151
0.0474276
0.156144
0.619186
0.972617
0.663779
0.0041188
0.0291376
0.0507865
0.0069871
0.0327614
0.0270256
0.979665
0.108952
0.901554
0.0591534
0.134061
0.0251056
0.0278934
0.00246383
0.0261824
0.0734477
0.693874
0.859004
0.193656
0.676575
0.292689
0.320838
0.55784
0.0633818
0.377722
0.95886
0.602245
0.959289
0.351027
0.839047
0.426594
0.791021
0.958411
0.870713
0.89485
0.331422
0.0230306
0.852826
0.757529
0.145561
0.0266164
0.0627602
0.61251
0.376031
0.76249
0.0300105
0.361783
0.0806894
0.0114183
0.0234188
0.26175
0.55296
0.322171
0.0332685
0.0708439
0.247688
0.399518
0.0222543
0.454838
0.222245
0.0126258
0.427157
0.0366028
0.194799
0.348438
0.463619
0.384142
0.137394
0.0543081
0.0485525
0.544879
0.817387
0.764494
0.408357
0.00997551
0.0495052
0.412633
0.467221
0.0440069
0.0735732
0.011754
0.0153553
0.0263658
0.513027
0.377717
0.743491
0.157804
0.136759
0.527816
0.618411
0.13495
0.0575046
0.746558
0.0631112
0.861766
0.0240542
0.0948798
0.62059
0.729602
0.888383
0.439624
0.101054
0.0687676
0.63846
0.0311736
0.804899
0.0038082
0.00767937
0.0473854
0.850921
0.283564
0.369005
0.210388
0.207929
0.0494397
0.00426864
0.0109515
0.235422
0.0755743
0.491868
0.338898
0.118533
0.220332
0.0775774
0.438978
0.888799
0.802596
0.401109
0.644196
0.837119
0.332239
0.802067
0.602254
0.0565388
0.665184
0.184269
0.293658
0.524503
0.571843
0.0153593
0.13429
0.223775
0.0497862
0.496429
0.0519253
0.00773074
0.101099
0.285542
0.91832
0.466492
0.0833212
0.235201
0.0197019
0.614939
0.116048
0.317278
0.356545
0.291613
0.0801475
0.765904
0.0373482
0.282357
0.0221936
0.0357282
0.0289664
0.012983
0.178718
0.661149
0.0293623
0.0168406
0.0263785
0.194288
0.189238
0.111195
0.800113
0.247148
0.100301
0.33774
0.0404962
0.0223507
0.29626
0.0890127
0.00464119
0.0102668
0.219297
0.530371
0.0542934
0.302789
0.145809
0.00339663
0.00187292
0.390122
0.385764
0.0543124
0.227751
0.0137551
0.084027
0.1246
0.0553056
0.015347
0.110066
0.150496
0.327249
0.0966293
0.0923098
0.0826315
0.254885
0.134076
0.0711925
0.706516
0.00875539
0.329268
0.214947
0.0564544
0.0108658
0.434397
0.0618285
0.372048
0.830395
0.0320459
0.0312047
0.0195851
0.0150321
0.503697
0.532522
0.0265291
0.0437616
0.108793
0.00956245
0.120293
0.956473
0.0107274
0.556033
0.424239
0.361783
0.0160081
0.963013
0.555791
0.289996
0.229806
0.552061
0.092428
0.0167918
0.838321
0.0346216
0.168708
0.265978
0.163667
0.00532508
0.0150655
0.147801
0.600014
0.464674
0.00835605
0.181238
0.102997
0.0035425
0.025406
0.0198897
0.837534
0.912949
0.16974
0.139262
0.0117933
0.069735
0.53519
0.19752
0.0408495
0.232439
0.00327981
0.858958
0.235054
0.327696
0.0722931
0.00671145
0.00654364
0.0452477
0.905397
0.0172293
0.278193
0.589183
0.436801
0.100618
0.104919
0.0421184
0.116272
0.279426
0.0360401
0.113926
0.0448425
0.262766
0.0622632
0.0991297
0.00390728
0.012245
0.0176604
0.00117345
0.00128849
0.00503983
0.00486456
0.175433
0.0858733
0.828414
0.0884536
0.971293
0.952486
0.780137
0.862289
0.809014
0.0407285
0.0572686
0.0453948
0.0418892
0.2207
0.0536313
0.796084
0.0751986
0.188151
0.133644
0.325763
0.0716564
0.0438007
0.0755859
0.969126
0.809593
0.966472
0.948387
0.230481
0.0520295
0.0212128
0.0180839
0.898697
0.0694258
0.0485198
0.180011
0.0599638
0.0215361
0.0332135
0.00905627
0.0400403
0.254447
0.205476
0.0983026
0.329805
0.996588
0.996903
0.957654
0.952304
0.972539
0.149432
0.133046
0.0251339
0.0878349
0.0760552
0.0568328
0.174006
0.895488
0.792165
0.0288497
0.178938
0.00892381
0.0114737
0.0103949
0.012138
0.962218
0.778476
0.0943977
0.984769
0.983187
0.665968
0.0296407
0.87067
0.116624
0.0555596
0.101832
0.602439
0.00472706
0.945795
0.0302797
0.0270981
0.344376
0.624014
0.0403156
0.893845
0.807565
0.617745
0.0484139
0.88097
0.933089
0.758531
0.236318
0.735671
0.0761918
0.216584
0.171027
0.787576
0.132968
0.0515437
0.715321
0.854909
0.934547
0.478998
0.0230323
0.494442
0.0688681
0.232299
0.267401
0.0110549
0.279384
0.387066
0.0751119
0.405796
0.0390265
0.0781753
0.052155
0.738938
0.0887306
0.735839
0.484071
0.240868
0.164103
0.230872
0.405761
0.26875
0.0790302
0.842716
0.964012
0.306369
0.0948577
0.0118104
0.174937
0.305357
0.311532
0.444566
0.378162
0.0257161
0.254077
0.0809284
0.22455
0.10747
0.20351
0.558311
0.238268
0.315296
0.594075
0.223252
0.213644
0.0494769
0.787259
0.752925
0.427415
0.083217
0.686309
0.901823
0.498034
0.120565
0.375395
0.148188
0.509357
0.862141
0.598914
0.36587
0.875183
0.0432531
0.0713051
0.156474
0.758678
0.131291
0.0237595
0.22266
0.136259
0.59465
0.17826
0.0970834
0.182308
0.146518
0.153949
0.168863
0.144045
0.808036
0.088163
0.165231
0.440823
0.534318
0.0410957
0.21573
0.339388
0.0124869
0.379736
0.0110131
0.436741
0.104475
0.496429
0.0672793
0.743636
0.312598
0.0690892
0.0281769
0.78166
0.0111783
0.0144228
0.0131155
0.654714
0.0611085
0.120763
0.259132
0.196167
0.0460665
0.228963
0.106055
0.0215951
0.0156301
0.145534
0.0417736
0.511401
0.0119311
0.00155961
0.347712
0.207181
0.180257
0.0483919
0.189084
0.209662
0.099068
0.150275
0.107379
0.0546838
0.364069
0.664095
0.0327683
0.0787357
0.180338
0.689389
0.0906157
0.259476
0.24114
0.118876
0.131873
0.0412049
0.242836
0.130539
0.00969417
0.0493542
0.0397188
0.0960883
0.813653
0.74099
0.0952404
0.0306145
0.0292225
0.00928662
0.0536166
0.00609637
0.570977
0.156306
0.314487
0.246018
0.197834
0.0210498
0.617854
0.0319544
0.00812317
0.0427299
0.589006
0.0588677
0.143435
0.0990288
0.165784
0.0189185
0.0163747
0.174313
0.0636849
0.175864
0.0270494
0.28346
0.213506
0.73777
0.067149
0.818791
0.00929616
0.03151
0.0558965
0.244912
0.0624572
0.449596
0.933308
0.643132
0.0749027
0.0735423
0.0630644
0.0923319
0.0101011
0.0251512
0.609191
0.0615865
0.0924033
0.0355817
0.0853247
0.0943266
0.0260334
0.00402257
0.00537631
0.157666
0.0874549
0.0073495
0.0152059
0.0140744
0.00489654
0.0282471
0.495301
0.0141314
0.00993098
0.728734
0.648804
0.241319
0.0313415
0.139576
0.0248329
0.010126
0.0733525
0.111192
0.0309559
0.0728657
0.246561
0.0116306
0.0497148
0.0335931
0.0350948
0.016516
0.0713006
0.00392878
0.460277
0.603303
0.0182566
0.0233728
0.440071
0.0317717
0.00319659
0.104697
0.140859
0.112964
0.0753475
0.172368
0.120638
0.306228
0.0353851
0.0446368
0.0462921
0.0683596
0.0796979
0.0190582
0.678296
0.0428566
0.560162
0.0333885
0.00338924
0.00695796
0.0299245
0.0831245
0.192383
0.109184
0.0469015
0.0194933
0.0228097
0.0058173
0.00861484
0.0602296
0.00628922
0.0413014
0.0677834
0.0717864
0.166097
0.0177375
0.0850893
0.0996011
0.0100204
0.0300782
0.0888406
0.0971115
0.0783575
0.0483287
0.083935
0.0100861
0.020487
0.0399543
0.0940558
0.576728
0.0414656
0.132636
0.688313
0.0444405
0.207757
0.232281
0.0568512
0.120995
0.0376809
0.0349658
0.0900769
0.198015
0.0187209
0.223114
0.288045
0.0219214
0.0848953
0.156529
0.0182042
0.0205719
0.141858
0.00436913
0.0876271
0.0368071
0.0227418
0.0957897
0.0181169
0.0422733
0.0226891
0.0289098
0.0825258
0.0813728
0.0258769
0.0913685
0.176735
0.0443412
0.0387563
0.00238314
0.00271751
0.0685865
0.106654
0.0980578
0.0152256
0.0293411
0.344882
0.00282244
0.0182574
0.142858
0.0770505
0.412055
0.240288
0.0740397
0.162596
0.42836
0.060639
0.0349375
0.0242025
0.0605265
0.106084
0.0781013
0.112359
0.0307686
0.00821655
0.0139054
0.0184287
0.352917
0.0957831
0.0379752
0.0934648
0.209221
0.513501
0.226287
0.0356564
0.0976872
0.167233
0.20047
0.811262
0.0329901
0.100951
0.117194
0.308856
0.658191
0.348812
0.0395004
0.687681
0.0458656
0.488972
0.769428
0.00646516
0.0233737
0.0195329
0.193561
0.744219
0.681872
0.0819458
0.0404483
0.0122159
0.569951
0.015021
0.0268191
0.221542
0.217646
0.0547845
0.0109772
0.0887864
0.0588158
0.0562088
0.0290438
0.05757
0.00822906
0.649003
0.118466
0.355724
0.0116852
0.0189496
0.166964
0.0150617
0.0228725
0.200767
0.0286456
0.0181109
0.0560076
0.0459413
0.0244625
0.0237598
0.0857762
0.186148
0.199782
0.120505
0.955962
0.861322
0.738428
0.0107729
0.622635
0.849337
0.00626788
0.008804
0.499732
0.599685
0.0504421
0.139677
0.0101171
0.0835851
0.128627
0.0176787
0.368349
0.0190183
0.0117329
0.0134756
0.110054
0.995812
0.986501
0.0865942
0.487265
0.032043
0.242067
0.0816725
0.0681959
0.0411663
0.0694783
0.436312
0.16548
0.133183
0.0740705
0.0257952
0.0375543
0.0216612
0.346293
0.0231568
0.607188
0.0126088
0.0173462
0.138041
0.0106126
0.346996
0.0543914
0.201414
0.50287
0.0213555
0.0419991
0.0228058
0.0544338
0.036073
0.0122621
0.0700741
0.138451
0.0787812
0.0279202
0.241807
0.317205
0.26224
0.00943532
0.0278712
0.0186381
0.0250602
0.0155473
0.00903767
0.0133785
0.0252033
0.0131736
0.102314
0.0209755
0.0394417
0.819706
0.00664354
0.277453
0.0628325
0.0898563
0.0374442
0.0169368
0.0390286
0.440726
0.00736389
0.910417
0.773511
0.811158
0.00806169
0.0617895
0.0064482
0.00647338
0.0475086
0.0967283
0.0373601
0.0832556
0.00882795
0.213574
0.0851659
0.0554108
0.0154067
0.0360668
0.284151
0.146096
0.0587478
0.0468507
0.0504778
0.0813536
0.0229114
0.0049754
0.102892
0.0317376
0.654742
0.67984
0.00322797
0.318328
0.146226
0.00473217
0.0175949
0.197879
0.0429321
0.0437909
0.123279
0.0524443
0.0740839
0.024819
0.00157968
0.0248076
0.00534613
0.0691285
0.0132932
0.197036
0.00748573
0.0455378
0.0184643
0.0442679
0.290534
0.0376591
0.0113013
0.165992
0.0463942
0.00208068
0.101259
0.275994
0.0200357
0.0268313
0.00684176
0.177361
0.0364591
0.0294496
0.0169133
0.016308
0.0235437
0.826577
0.842282
0.410312
0.143213
0.00708738
0.383545
0.0270842
0.0448727
0.0884603
0.0557832
0.925389
0.0129686
0.0921682
0.0312298
0.0243781
0.00657177
0.0790606
0.0428657
0.125296
0.813427
0.322491
0.360164
0.0400113
0.0138354
0.296749
0.170083
0.0245049
0.091273
0.633538
0.194005
0.906893
0.200985
0.0548591
0.983201
0.175422
0.238288
0.00385293
0.235623
0.0714439
0.228638
0.900481
0.142
0.0657239
0.0187869
0.10399
0.218711
0.247734
0.0360036
0.0801059
0.0594968
0.0297181
0.0615543
0.0087631
0.00720177
0.906431
0.149445
0.114676
0.0360826
0.0385545
0.0334352
0.136487
0.182072
0.521828
0.0120406
0.0986781
0.747255
0.0366016
0.231998
0.742218
0.0158965
0.00981235
0.190622
0.0825623
0.01735
0.0352862
0.0160387
0.0132811
0.0250311
0.291314
0.204724
0.809302
0.769724
0.682228
0.276141
0.0377605
0.0230135
0.00680519
0.0214638
0.0165922
0.18695
0.0509932
0.227097
0.430617
0.0299487
0.0082756
0.00813471
0.0989076
0.00193913
0.0409993
0.0331482
0.00734604
0.00897882
0.0394322
0.0109734
0.0115109
0.0131567
0.214109
0.0325766
0.0276124
0.0266842
0.0568739
0.960599
0.817482
0.240625
0.196445
0.0744437
0.0747364
0.0266139
0.0151148
0.0190021
0.150393
0.609822
0.0693701
0.0137095
0.00675466
0.32366
0.0195615
0.0171474
0.413281
0.0652911
0.0628222
0.898235
0.181759
0.00809704
0.0465837
0.174741
0.0386096
0.138083
0.0552342
0.022052
0.0262003
0.0901852
0.01903
0.0862225
0.122886
0.102117
0.00684557
0.283479
0.0900879
0.0600449
0.0526342
0.904679
0.0908811
0.317262
0.221553
0.263396
0.064692
0.0137789
0.125527
0.00828717
0.0672193
0.641857
0.79656
0.188048
0.0261572
0.00746471
0.00413117
0.0378136
0.426498
0.0373872
0.214883
0.286922
0.0133149
0.0632136
0.0145621
0.369334
0.0898359
0.00366289
0.259311
0.0306442
0.362468
0.0100391
0.215242
0.0201684
0.00228991
0.00452292
0.0841897
0.0808198
0.0257179
0.00232352
0.0130193
0.0510527
0.0187811
0.033966
0.762703
0.237163
0.531106
0.0301185
0.116219
0.0039408
0.0702716
0.009605
0.0175303
0.103768
0.00345992
0.0310387
0.0343776
0.0229651
0.00377435
0.0277537
0.00584616
0.0399345
0.0916919
0.214126
0.481075
0.362228
0.136275
0.0319375
0.204954
0.0567694
0.0897673
0.017859
0.356624
0.0170008
0.0802425
0.00814734
0.0227307
0.0264185
0.0325768
0.277361
0.0353158
0.0309895
0.348436
0.01884
0.0594412
0.112293
0.292151
0.256641
0.0163381
0.0116117
0.132058
0.116873
0.0325123
0.0328529
0.0366838
0.0333541
0.0577309
0.0541247
0.0300342
0.0181502
0.00728419
0.00383412
0.0266943
0.00336951
0.033425
0.043068
0.146469
0.0723262
0.035662
0.042144
0.0955736
0.0677526
0.0209675
0.218608
0.0803969
0.192788
0.0362231
0.238151
0.233363
0.0544441
0.00688995
0.0111232
0.0797991
0.0184315
0.00690027
0.110055
0.020877
0.0421667
0.03149
0.00463984
0.0372901
0.0628641
0.0833524
0.675644
0.571708
0.281558
0.0395402
0.381924
0.411896
0.0274225
0.12793
0.0108326
0.008153
0.00420008
0.0558642
0.160712
0.0157174
0.0609036
0.0378799
0.0210163
0.383271
0.110836
0.0277444
0.998028
0.961721
0.0659713
0.00785877
0.00964854
0.0967645
0.41771
0.113739
0.585471
0.0392302
0.075209
0.11947
0.738316
0.0347458
0.0375107
0.628727
0.0179571
0.679706
0.801535
0.855645
0.0389494
0.019532
0.0419726
0.0380639
0.026632
0.0858602
0.0116258
0.100397
0.428008
0.0785097
0.00857994
0.00387149
0.063297
0.199153
0.0138214
0.00735142
0.0134096
0.0637235
0.383016
0.0173499
0.0772906
0.876687
0.0257853
0.070409
0.0772749
0.0522273
0.0390211
0.0170607
0.9431
0.0295102
0.0145348
0.0135945
0.0075098
0.00541399
0.00361032
0.0384122
0.0861442
0.0516814
0.21711
0.714798
0.00361967
0.0119359
0.111014
0.453567
0.0124339
0.509817
0.00952106
0.119858
0.00252331
0.00240248
0.0977845
0.228337
0.0885893
0.0512493
0.0156238
0.339845
0.311799
0.0242174
0.0110242
0.00621389
0.0406563
0.00715261
0.0109314
0.0219034
0.0260638
0.0055194
0.00837698
0.205239
0.0321369
0.121306
0.206719
0.0326109
0.0968674
0.0145141
0.0105968
0.0116789
0.0249388
0.00473318
0.0334003
0.0186291
0.0164292
0.0862127
0.253528
0.0539724
0.174459
0.121127
0.0188281
0.0447927
0.0818103
0.0341696
0.241017
0.673752
0.249946
0.0463294
0.0227549
0.370744
0.0341953
0.0558371
0.117109
0.32224
0.0105586
0.0710032
0.172928
0.524857
0.118315
0.712408
0.116933
0.0372643
0.0177842
0.017933
0.443184
0.0549605
0.351924
0.0185685
0.63682
0.0574856
0.0132623
0.038922
0.00440004
0.195061
0.00717913
0.0946908
0.106628
0.0480978
0.00690536
0.0108973
0.00929901
0.364351
0.553423
0.215379
0.356976
0.157937
0.00343925
0.233374
0.0246803
0.0704083
0.00738023
0.103067
0.161816
0.260281
0.0494445
0.115009
0.0151767
0.0164509
0.0430026
0.228361
0.08128
0.339781
0.39684
0.382431
0.0113407
0.0149581
0.00528664
0.00709151
0.32007
0.0216118
0.0260084
0.012488
0.0577638
0.0440267
0.204612
0.791068
0.0379137
0.0676604
0.011654
0.0215274
0.993876
0.906809
0.228181
0.0165402
0.029041
0.186033
0.0969546
0.015603
0.142758
0.0489839
0.0583353
0.0156153
0.0247309
0.151877
0.0151434
0.0603501
0.0161118
0.0621804
0.0658917
0.183688
0.26187
0.0713078
0.578926
0.0745007
0.107609
0.120192
0.0833348
0.0416409
0.0232186
0.235286
0.254466
0.988135
0.987217
0.866945
0.00169195
0.805552
0.0525546
0.0170379
0.00591305
0.275538
0.271644
0.026117
0.502574
0.0219566
0.0795632
0.00904781
0.0193603
0.00960591
0.599654
0.145847
0.00796554
0.159593
0.192194
0.0139847
0.154872
0.0600919
0.0386147
0.0729582
0.0487306
0.199563
0.0465228
0.0609268
0.0106924
0.0063515
0.0455961
0.0114201
0.674027
0.0168428
0.0177531
0.0560769
0.0766421
0.0213627
0.518952
0.03479
0.0494506
0.0208125
0.219038
0.0211526
0.219521
0.0279793
0.00702653
0.038958
0.0111792
0.0258573
0.0536267
0.0813076
0.0387848
0.0540527
0.284865
0.29877
0.372383
0.490727
0.00291961
0.00506167
0.0282677
0.0323545
0.142307
0.0326832
0.075866
0.0191406
0.157059
0.0151554
0.0793977
0.968639
0.961695
0.814205
0.221147
0.0104187
0.00507962
0.0368054
0.480055
0.181249
0.0154754
0.426302
0.0631406
0.203781
0.027327
0.114184
0.968052
0.0916928
0.0361584
0.0474547
0.67573
0.761295
0.0247623
0.43396
0.272322
0.244534
0.173769
0.260844
0.0625807
0.208843
0.113851
0.318172
0.230783
0.0278356
0.056607
0.0492745
0.300465
0.0192996
0.302191
0.163283
0.103462
0.055047
0.254824
0.317807
0.699561
0.0489696
0.0681911
0.0161695
0.419221
0.428918
0.129807
0.0848998
0.0368118
0.0284178
0.0474992
0.935274
0.309221
0.0390069
0.0494641
0.955056
0.176135
0.121313
0.389882
0.0172924
0.48181
0.148429
0.913302
0.050549
0.0160823
0.164501
0.098786
0.148757
0.645405
0.057722
0.0155573
0.484182
0.203157
0.245451
0.0510542
0.0726021
0.155076
0.0776945
0.0305416
0.0298875
0.0274872
0.519692
0.0142103
0.00560596
0.0198251
0.230934
0.0916095
0.163004
0.0816396
0.306023
0.0305659
0.141293
0.0199672
0.655318
0.313341
0.268149
0.143548
0.386281
0.740319
0.657038
0.966629
0.896251
0.175859
0.573298
0.82177
0.640492
0.460036
0.73512
0.384149
0.0340172
0.142794
0.412872
0.28688
0.0445892
0.738943
0.499269
0.00766325
0.00712727
0.0247832
0.614286
0.335415
0.0499119
0.186577
0.353565
0.184035
0.195737
0.00258536
0.0715122
0.00340507
0.886109
0.654438
0.237818
0.048772
0.0523674
0.0491025
0.0506271
0.109293
0.0308231
0.313006
0.291246
0.0199088
0.27307
0.0286155
0.00997585
0.686518
0.506191
0.059754
0.145055
0.121125
0.0552261
0.0740524
0.164328
0.00808513
0.0464998
0.114581
0.493647
0.556147
0.183655
0.395454
0.117987
0.0182369
0.237837
0.440491
0.0598957
0.0297466
0.0142482
0.0345888
0.00170801
0.0105247
0.0334931
0.232567
0.13146
0.413778
0.0393186
0.0570628
0.0106235
0.0353365
0.0187546
0.177002
0.156159
0.132859
0.165289
0.0798508
0.0413878
0.109838
0.215191
0.020019
0.1122
0.00565182
0.00681212
0.725735
0.0220132
0.00403917
0.779331
0.0233361
0.663102
0.0377791
0.264097
0.166224
0.361926
0.51333
0.379802
0.635252
0.0358149
0.856562
0.130367
0.0262868
0.253865
0.568761
0.399486
0.0384774
0.404777
0.041093
0.0793457
0.0667618
0.112798
0.00705751
0.405078
0.0195957
0.173644
0.238989
0.0376065
0.0804278
0.0287644
0.0066861
0.400981
0.610508
0.126605
0.235665
0.136153
0.743864
0.0232145
0.106892
0.0739359
0.0401886
0.461879
0.0789544
0.0828637
0.00566109
0.00867393
0.165639
0.405186
0.00470041
0.0952665
0.024907
0.0158599
0.0472894
0.0702251
0.292936
0.192678
0.115151
0.011034
0.14844
0.0175455
0.0272754
0.163884
0.0238679
0.0283329
0.0438605
0.686725
0.0131072
0.600633
0.0460233
0.0328839
0.885308
0.0244462
0.8878
0.00757467
0.684186
0.39111
0.179144
0.365144
0.0310436
0.0237729
0.0128944
0.00408117
0.0436904
0.173895
0.00663622
0.0420016
0.0974844
0.8186
0.944066
0.343267
0.0200197
0.031419
0.459125
0.156451
0.101107
0.0371484
0.0521028
0.627171
0.451746
0.0769177
0.295284
0.585063
0.460711
0.0559111
0.162489
0.779837
0.0657735
0.0207926
0.0190532
0.0528216
0.0333663
0.0288669
0.0217123
0.132583
0.00248673
0.328475
0.121046
0.00860536
0.142686
0.289072
0.187542
0.0421641
0.278711
0.717409
0.64177
0.549922
0.444728
0.00638528
0.0288189
0.199207
0.722369
0.729405
0.0178701
0.0143264
0.848735
0.502492
0.0748155
0.0135196
0.135248
0.0254365
0.0693644
0.302996
0.08204
0.0410975
0.0251225
0.0299177
0.644178
0.567927
0.219709
0.0182675
0.0103273
0.147128
0.87112
0.358539
0.0241779
0.0713528
0.0170877
0.0402133
0.0121009
0.0271253
0.059688
0.0762104
0.0531677
0.0234428
0.0327768
0.254648
0.442653
0.444972
0.578897
0.0461965
0.358024
0.0663545
0.00756711
0.00822392
0.988201
0.766921
0.169071
0.128883
0.149103
0.102048
0.00510786
0.124727
0.0143149
0.0115208
0.144655
0.0331644
0.0875299
0.0745031
0.00276628
0.00963307
0.165244
0.0329513
0.00708714
0.077337
0.0648691
0.0418935
0.0113522
0.882738
0.776873
0.737706
0.0324446
0.0139719
0.0692861
0.895159
0.961335
0.0906133
0.0346666
0.0124727
0.744447
0.0128881
0.0397213
0.0771108
0.0198311
0.0199339
0.00394458
0.00488159
0.0176828
0.0552111
0.22352
0.128217
0.0121956
0.122731
0.698549
0.0526466
0.655053
0.719264
0.025975
0.0180187
0.027567
0.0187335
0.0228239
0.572252
0.192
0.0492456
0.0129836
0.037747
0.0226945
0.951404
0.965233
0.60851
0.982212
0.0747213
0.0307672
0.0201585
0.0111798
0.711417
0.934766
0.952559
0.948788
0.874908
0.018246
0.0133979
0.676136
0.0057456
0.0260895
0.0841829
0.911507
0.0235007
0.00758086
0.0914764
0.00808266
0.0625148
0.00558095
0.0507246
0.00413948
0.0226352
0.94603
0.0267591
0.843568
0.0501358
0.865106
0.948664
0.45795
0.833302
0.454571
0.0210176
0.291231
0.0472279
0.108686
0.0257891
0.0692307
0.312699
0.54378
0.158393
0.189175
0.025676
0.00147963
0.946192
0.0295087
0.393856
0.271877
0.923621
0.632389
0.996447
0.981181
0.984564
0.976417
0.449428
0.607592
0.00914874
0.229548
0.0519332
0.142976
0.645629
0.0537436
0.142118
0.00789011
0.0307515
0.111182
0.153904
0.0623922
0.258214
0.286461
0.0680415
0.0402578
0.024593
0.159602
0.305437
0.182519
0.0292077
0.0117624
0.0143922
0.041732
0.0422161
0.132204
0.028529
0.0428352
0.0197216
0.0333475
0.372191
0.0324117
0.0636531
0.0542103
0.305361
0.0266316
0.075988
0.609279
0.00492354
0.144082
0.924091
0.952047
0.093703
0.018818
0.111435
0.12186
0.172813
0.0104323
0.200541
0.311397
0.150576
0.0139004
0.534441
0.261922
0.0598216
0.00698454
0.00398568
0.0333904
0.155539
0.0369963
0.596707
0.376271
0.152296
0.136257
0.1605
0.158997
0.024274
0.0064184
0.0169883
0.0132232
0.0116985
0.0176309
0.0518651
0.057089
0.173364
0.0387712
0.0147076
0.0803864
0.0638977
0.14755
0.0101589
0.0755035
0.0189412
0.111929
0.00930117
0.00990148
0.00587752
0.0199656
0.0872417
0.0241002
0.0109879
0.0393622
0.0443532
0.39426
0.0293999
0.0115705
0.00310142
0.0291118
0.00745216
0.0067229
0.00584056
0.0220675
0.0242331
0.879353
0.0231703
0.171125
0.133721
0.243472
0.0127906
0.542307
0.129545
0.194752
0.0278211
0.62852
0.0423469
0.13245
0.373943
0.193427
0.0101272
0.648308
0.568213
0.116218
0.151015
0.0101923
0.0415151
0.132144
0.0238754
0.0133022
0.00682249
0.00909734
0.0117318
0.199957
0.701339
0.74921
0.648662
0.588052
0.188193
0.0285045
0.0369762
0.0659699
0.00700167
0.0411964
0.130836
0.0112095
0.839148
0.0214344
0.00320228
0.910631
0.684125
0.00770245
0.00894136
0.0449611
0.0933854
0.030245
0.0475108
0.0199143
0.0313477
0.0283846
0.172898
0.0127746
0.0113179
0.0743689
0.00307545
0.23079
0.0132744
0.166173
0.00871272
0.0290295
0.156439
0.0645856
0.0025805
0.0332346
0.130008
0.0665088
0.143355
0.304024
0.0425402
0.0351677
0.199501
0.0732377
0.906668
0.0578207
0.017715
0.0302895
0.194734
0.158776
0.072675
0.0476506
0.0112609
0.0945536
0.042727
0.00846081
0.0842917
0.0130833
0.0414492
0.0426556
0.0222317
0.0319468
0.014935
0.0880044
0.172929
0.0116541
0.0173233
0.0410665
0.0318242
0.0599141
0.0607782
0.0215353
0.0399656
0.171165
0.344606
0.0279808
0.170616
0.0558183
0.0394361
0.0613607
0.0153445
0.0938353
0.119902
0.427913
0.212028
0.0212192
0.0151936
0.169893
0.00871504
0.0202763
0.168731
0.0765858
0.042973
0.0321476
0.00901964
0.0080805
0.0651854
0.0148286
0.00284944
0.00539423
0.115569
0.105609
0.0277199
0.97186
0.779177
0.953262
0.0149334
0.0433203
0.0118905
0.446543
0.484268
0.0901148
0.339979
0.195685
0.302112
0.0723626
0.0677375
0.0163658
0.752982
0.934741
0.250271
0.0133749
0.0349245
0.0355572
0.0191347
0.0987846
0.504079
0.175682
0.129648
0.0435639
0.0787561
0.0190943
0.00727726
0.131681
0.0203557
0.0303089
0.131698
0.058667
0.306092
0.0985258
0.131824
0.0105076
0.120826
0.0112974
0.00681523
0.0757011
0.176706
0.00609904
0.389442
0.106334
0.0197102
0.837659
0.101787
0.0412495
0.502931
0.0318508
0.296629
0.899078
0.269799
0.0210884
0.379667
0.0448704
0.44185
0.0326627
0.065954
0.0759454
0.0154288
0.0253097
0.135774
0.15326
0.335938
0.194625
0.00385575
0.0109072
0.0554014
0.0431415
0.0262005
0.0131878
0.065358
0.0944528
0.369893
0.0936971
0.0287104
0.223537
0.229504
0.0169015
0.0240927
0.409511
0.0732184
0.0392165
0.0211336
0.0578251
0.0332359
0.585444
0.0262696
0.0531592
0.0197351
0.0851941
0.0280502
0.0392578
0.0183905
0.302179
0.0486253
0.0921015
0.482416
0.0764621
0.0132043
0.067936
0.0364501
0.0384571
0.0134319
0.0274124
0.220999
0.0243997
0.738952
0.171667
0.126289
0.519916
0.696561
0.494007
0.285015
0.0182197
0.0950392
0.898834
0.617788
0.513712
0.00770996
0.0381638
0.0533555
0.133751
0.0209542
0.0976174
0.194754
0.224651
0.0351158
0.624808
0.182286
0.221305
0.251262
0.00552943
0.49371
0.100008
0.112338
0.0551414
0.168543
0.016782
0.0367529
0.218742
0.453395
0.457855
0.0782505
0.150901
0.0652153
0.124178
0.0379259
0.0836409
0.0240723
0.038174
0.0263198
0.0305171
0.213704
0.00216145
0.0958798
0.571618
0.0145668
0.0145374
0.090963
0.447171
0.149414
0.285085
0.038789
0.0586077
0.164164
0.201518
0.822743
0.060331
0.132286
0.0705253
0.0435911
0.0271105
0.174719
0.162525
0.622434
0.0798953
0.0240236
0.288125
0.0231358
0.109208
0.294861
0.143874
0.00267522
0.0198039
0.0463693
0.251836
0.0221223
0.0970156
0.043491
0.0527498
0.0434526
0.175245
0.0428895
0.00263452
0.139999
0.0189756
0.103001
0.0490099
0.0707082
0.00828948
0.053359
0.875648
0.186439
0.0993445
0.313554
0.0305463
0.00853057
0.029032
0.190282
0.118417
0.00872122
0.442261
0.019983
0.00437055
0.0130742
0.0180804
0.0331268
0.100977
0.0179392
0.740684
0.73681
0.0818939
0.458044
0.113983
0.0404097
0.0506786
0.0455516
0.427599
0.0210848
0.116692
0.0596483
0.056039
0.835109
0.0253539
0.0582673
0.34703
0.0245824
0.346579
0.136635
0.146582
0.179004
0.0863207
0.010887
0.127861
0.0182588
0.0481647
0.0171353
0.0124067
0.0169784
0.023462
0.0597671
0.035434
0.0111028
0.0179725
0.506811
0.235531
0.400101
0.184446
0.0604456
0.00990862
0.0278664
0.0155583
0.43701
0.0514651
0.0624418
0.0203558
0.0307079
0.0141614
0.0642388
0.0257776
0.0245329
0.019336
0.0614707
0.215344
0.856961
0.0337978
0.121661
0.0515747
0.052599
0.0463966
0.034694
0.189184
0.26221
0.0048905
0.0691302
0.421558
0.380491
0.133727
0.0102165
0.0057151
0.164888
0.116851
0.0719333
0.304452
0.0302511
0.311185
0.127535
0.0324044
0.0307965
0.0362665
0.0617124
0.011668
0.0832119
0.125079
0.168725
0.599124
0.50185
0.0213945
0.0744077
0.247495
0.102757
0.0622637
0.0158671
0.0256027
0.0316565
0.0206063
0.0153117
0.191161
0.0538533
0.0321693
0.0118325
0.00475094
0.0405167
0.00996498
0.025524
0.0458705
0.0646504
0.0190949
0.085668
0.296617
0.230648
0.071821
0.00554714
0.177528
0.0509204
0.0344146
0.0251594
0.0920345
0.146411
0.155663
0.0295879
0.0492837
0.0399418
0.0216049
0.0608111
0.0772764
0.0524429
0.0281284
0.414531
0.00593519
0.638223
0.0180816
0.00545042
0.210014
0.0430145
0.118699
0.0527094
0.115261
0.119086
0.0656022
0.0339585
0.00415069
0.00779113
0.0334589
0.0463884
0.130726
0.381948
0.0560067
0.0110778
0.0383146
0.150449
0.00393273
0.0133735
0.0101979
0.0776928
0.154205
0.119626
0.0146286
0.274063
0.0692484
0.46235
0.234685
0.489443
0.0580799
0.101888
0.0126308
0.525315
0.0271601
0.0156616
0.0165729
0.0164803
0.00936677
0.145138
0.0225832
0.104475
0.120442
0.150254
0.0264335
0.016617
0.0912833
0.0296531
0.0228722
0.0244653
0.0256838
0.0174444
0.175256
0.838402
0.0298524
0.0499172
0.0294741
0.136306
0.0111813
0.029518
0.0369175
0.0893726
0.226471
0.227362
0.276228
0.197626
0.0125923
0.0141132
0.097318
0.0217917
0.00764429
0.00552152
0.013695
0.313712
0.0142648
0.095062
0.0254916
0.0088755
0.0217167
0.406052
0.14506
0.0421513
0.383973
0.0627425
0.0031637
0.110505
0.0625864
0.0615557
0.0252397
0.0477432
0.201921
0.0157606
0.00365467
0.0569761
0.01133
0.00684783
0.179211
0.12599
0.100309
0.0113524
0.0179128
0.0111344
0.0189855
0.00528594
0.0308118
0.0684033
0.242833
0.141846
0.00559454
0.00723407
0.0537922
0.0683516
0.0215806
0.0138241
0.296977
0.0228096
0.0298017
0.0643834
0.493352
0.0391658
0.219106
0.0231773
0.0242061
0.0139527
0.0185528
0.12004
0.121801
0.0123127
0.031489
0.0105829
0.0213776
0.0220786
0.064309
0.313031
0.713402
0.372722
0.0102108
0.0625363
0.149078
0.0291433
0.0438421
0.0324365
0.0296139
0.176232
0.346082
0.228787
0.0200509
0.0184479
0.14395
0.246995
0.0644476
0.0381772
0.00822558
0.170802
0.0842526
0.0708436
0.0436886
0.00600893
0.157929
0.0797827
0.0225811
0.353449
0.0644216
0.22584
0.0137605
0.0469881
0.218649
0.167685
0.024295
0.0119537
0.0163096
0.0792565
0.0168067
0.0886952
0.256403
0.00306483
0.0863999
0.011864
0.0933223
0.00973432
0.0158593
0.0551956
0.1383
0.0631492
0.0479694
0.163641
0.117443
0.232942
0.0618346
0.0380185
0.238096
0.0967177
0.319111
0.00423674
0.0279459
0.0508001
0.0271764
0.0119204
0.0118889
0.0570674
0.149626
0.072577
0.0127968
0.0111993
0.0245166
0.00839719
0.179516
0.0272783
0.0155596
0.100464
0.0604618
0.448005
0.034701
0.00713808
0.0127473
0.090976
0.112878
0.0033509
0.010617
0.0668846
0.120066
0.285865
0.0755505
0.017319
0.00510725
0.0244164
0.0335271
0.0428756
0.0676454
0.0840376
0.188491
0.367118
0.0276679
0.0262913
0.535938
0.00788346
0.0397793
0.0272701
0.317212
0.0167445
0.00335059
0.0170744
0.134461
0.105163
0.0331766
0.289934
0.0248537
0.0196695
0.105379
0.0405784
0.0121017
0.0444388
0.0386798
0.00911187
0.00646584
0.0119536
0.00540375
0.0346171
0.0097538
0.0034685
0.0290116
0.0893403
0.0311314
0.00270203
0.0301769
0.147794
0.0913991
0.00580304
0.092463
0.0118173
0.00501564
0.0955187
0.254559
0.078943
0.0226832
0.0578334
0.0229964
0.0726236
0.217979
0.00916458
0.00777863
0.0668463
0.0739326
0.0725206
0.0235055
0.00864398
0.00444511
0.130931
0.0426241
0.00971502
0.311209
0.027205
0.0532058
0.0211571
0.109368
0.407262
0.0336948
0.00354521
0.354705
0.0796118
0.238578
0.0151572
0.448386
0.295884
0.172897
0.0257058
0.184089
0.121825
0.0281599
0.0478666
0.0119691
0.355233
0.388953
0.669236
0.00832938
0.0251819
0.0125006
0.0429752
0.0547972
0.0636309
0.101533
0.0152445
0.0161934
0.290481
0.0128472
0.147035
0.0183663
0.0434765
0.164567
0.148253
0.0544215
0.0386628
0.120808
0.451295
0.0321715
0.0528642
0.0219671
0.081082
0.0261857
0.224854
0.0858581
0.0101485
0.101689
0.0330642
0.0107255
0.0211986
0.324046
0.0674677
0.0329395
0.00960642
0.00174678
0.0239625
0.0373511
0.0561025
0.520702
0.044527
0.0450155
0.00642077
0.0305536
0.0407882
0.0575015
0.024206
0.236899
0.0801736
0.0699055
0.0726211
0.019447
0.0158416
0.031377
0.076344
0.00477082
0.0140676
0.0628862
0.0522494
0.0532358
0.045859
0.0125339
0.00246191
0.00279629
0.0216188
0.0422162
0.14204
0.0825562
0.0311737
0.00891935
0.0279874
0.330034
0.0152729
0.448361
0.624722
0.0368255
0.0185449
0.0410113
0.0239829
0.0230749
0.0272409
0.0535567
0.0296877
0.0337101
0.0187346
0.017453
0.00942872
0.0645933
0.270313
0.0116392
0.265706
0.0466764
0.239131
0.403313
0.415528
0.04729
0.0349872
0.00915908
0.00503758
0.0333843
0.0352547
0.473916
0.196399
0.142834
0.00621404
0.0131885
0.159188
0.119264
0.0228053
0.195529
0.0129334
0.00677575
0.0189125
0.00376956
0.251877
0.0155449
0.0205229
0.0887462
0.0802828
0.0409171
0.0558177
0.0762526
0.143619
0.266394
0.317808
0.0799029
0.0678423
0.0526913
0.0298589
0.0884712
0.0140669
0.0168633
0.0261536
0.0191791
0.00462086
0.0178894
0.0200651
0.441312
0.0168121
0.0741776
0.0238029
0.0196129
0.0123636
0.0639225
0.0242013
0.168087
0.129211
0.0423164
0.768445
0.22905
0.37368
0.0100863
0.0165144
0.0130811
0.0808359
0.00366706
0.028388
0.0461824
0.0410288
0.0837469
0.134712
0.0245469
0.0471243
0.0280242
0.0241428
0.00991618
0.0785768
0.0214534
0.00367627
0.0289191
0.0842139
0.0334991
0.00256215
0.00917532
0.152827
0.476801
0.0696296
0.00818864
0.0726258
0.103101
0.0896636
0.0282604
0.0134478
0.0293046
0.11553
0.175864
0.522167
0.0316909
0.260705
0.0600415
0.254412
0.460598
0.0103045
0.244018
0.0384454
0.315462
0.0464219
0.0148509
0.0415965
0.106835
0.117387
0.0219781
0.0285247
0.0409359
0.0705875
0.027191
0.0191247
0.159392
0.105481
0.00302624
0.00357093
0.0150838
0.0620215
0.0537413
0.148285
0.0252222
0.0227
0.0722871
0.0500368
0.105159
0.0445729
0.0438827
0.00725885
0.124827
0.449402
0.12299
0.00631018
0.00895905
0.111937
0.0301417
0.112461
0.35353
0.00752011
0.04308
0.0465862
0.0190595
0.0480728
0.0465249
0.0135847
0.0241517
0.0193161
0.0167801
0.01335
0.022356
0.00780156
0.0204608
0.00108569
0.322806
0.0117864
0.103145
0.00138463
0.0217151
0.00271598
0.284245
0.0775291
0.0748271
0.24486
0.0272285
0.0814454
0.0266714
0.00895924
0.320107
0.091428
0.117737
0.00760442
0.0262841
0.0457221
0.0509336
0.0636678
0.089854
0.0440592
0.00732097
0.00444518
0.113846
0.0449224
0.017023
0.0374237
0.0983229
0.0148327
0.0281459
0.0271692
0.03055
0.121005
0.150344
0.0107013
0.00980538
0.0191127
0.0137216
0.00668867
0.0257436
0.0228542
0.00748844
0.0581669
0.0143976
0.03161
0.0267896
0.0100288
0.0225624
0.0399896
0.0768835
0.119575
0.0101683
0.0965444
0.478461
0.00970012
0.0492172
0.18568
0.10474
0.00475789
0.0571416
0.024349
0.00985488
0.0187776
0.0837484
0.00956589
0.081502
0.0517467
0.0602501
0.0108992
0.0200647
0.0322987
0.0617428
0.00369334
0.00915688
0.0194646
0.024262
0.0517007
0.0679614
0.0691455
0.02012
0.0140671
0.0107488
0.0140649
0.0372085
0.028835
0.0366033
0.0045061
0.0310021
0.0131299
0.00801618
0.025211
0.0130644
0.0092094
0.177888
0.0127693
0.0250891
0.0109604
0.0799232
0.0205151
0.0252165
0.0379832
0.0378423
0.0159585
0.0685588
0.0210071
0.042164
0.0683275
0.115374
0.0634405
0.0189045
0.00604288
0.0168979
0.00474747
0.0565938
0.113458
0.0128489
0.0062425
0.0228076
0.00447716
0.328193
0.0741308
0.19739
0.0725641
0.087447
0.580808
0.0104416
0.0221236
0.0380042
0.673088
0.0172577
0.0216116
0.0426533
0.112309
0.114617
0.0281991
0.0323437
0.17941
0.109729
0.0239859
0.025919
0.107296
0.040055
0.00317444
0.0395561
0.0106592
0.390686
0.0274503
0.0281745
0.101171
0.0122199
0.119867
0.0161019
0.0747597
0.220581
0.0595197
0.0288885
0.10259
0.0158821
0.0260423
0.0346911
0.0234435
0.199883
0.0113563
0.0187841
0.0183685
0.0290404
0.0292343
0.0555421
0.019151
0.0196382
0.00486164
0.169369
0.00812374
0.00283543
0.0285787
0.00693871
0.028662
0.0221224
0.0167182
0.118929
0.0187288
0.0834955
0.0680389
0.0549415
0.0139148
0.00626825
0.508908
0.00405054
0.0212709
0.0347068
0.00773449
0.0106579
0.0302813
0.0210895
0.0304687
0.0489726
0.0235928
0.0286521
0.0532984
0.0482361
0.0719936
0.0430236
0.0144119
0.501637
0.110584
0.079982
0.0159142
0.0265751
0.0374772
0.120822
0.01896
0.054182
0.078761
0.122443
0.0231417
0.0138583
0.0367946
0.0848915
0.096504
0.0103458
0.0600586
0.03347
0.00211394
0.0103379
0.0184366
0.00690914
0.0177857
0.0530342
0.037089
0.0453928
0.0200744
0.0155508
0.0616514
0.0385933
0.0980041
0.0385446
0.0949904
0.0164792
0.012872
0.010789
0.0512199
0.0193728
0.0104947
0.0399304
0.0415616
0.0688136
0.057288
0.0103774
0.0149422
0.127681
0.0236443
0.101042
0.148964
0.0328044
0.015621
0.106044
0.00212412
0.0183211
0.00712479
0.0359566
0.0169049
0.0921785
0.0100853
0.0651498
0.0392535
0.0421527
0.108884
0.0603343
0.0158527
0.0242946
0.0801196
0.00875992
0.0297255
0.0178747
0.035382
0.357718
0.0481074
0.00657926
0.0542809
0.00919949
0.00246264
0.181882
0.226945
0.0369604
0.032307
0.0245283
0.0616048
0.0158113
0.0116542
0.015958
0.0333119
0.019046
0.213939
0.0152509
0.0158433
0.0257171
0.0860229
0.034992
0.302933
0.26449
0.0124972
0.0701865
0.21265
0.00526134
0.709393
0.0278572
0.0133846
0.0119088
0.109988
0.0166158
0.162987
0.00568067
0.0340761
0.0355864
0.0167297
0.00909565
0.00597938
0.0663679
0.0203951
0.175316
0.0744558
0.134498
0.162167
0.0229776
0.0138585
0.0260113
0.0149085
0.0377315
0.0289502
0.0210239
0.034117
0.0134039
0.0547234
0.0649348
0.189411
0.0644699
0.0426811
0.325068
0.00732173
0.0528269
0.105851
0.0270187
0.0944876
0.00410486
0.0249738
0.362809
0.0533488
0.0151796
0.161051
0.0652158
0.0602644
0.0484905
0.022339
0.0453463
0.00837662
0.0582769
0.0536164
0.0365419
0.188572
0.107416
0.105508
0.044394
0.275893
0.0163962
0.00439263
0.0436595
0.0208201
0.225379
0.0205097
0.0962644
0.120702
0.503917
0.0127388
0.0191716
0.34548
0.0456836
0.0456752
0.69277
0.592737
0.00613317
0.0413698
0.0203
0.00534165
0.0514448
0.0054419
0.0452467
0.0170271
0.0541966
0.0334772
0.114559
0.00617526
0.0113206
0.544818
0.00127406
0.043358
0.0928219
0.420491
0.171033
0.13162
0.0963062
0.0693556
0.0970552
0.0319261
0.0810842
0.00387697
0.080021
0.0535208
0.0045863
0.0256265
0.00388995
0.00208228
0.0264477
0.020091
0.0220293
0.020724
0.0461573
0.0198725
0.0411323
0.0617416
0.200263
0.0118626
0.0240708
0.104907
0.210609
0.0440961
0.0138799
0.042013
0.105512
0.0288066
0.00921021
0.266347
0.275476
0.724208
0.00947717
0.00927412
0.0442923
0.0535883
0.0196297
0.237513
0.110094
0.0465804
0.0126543
0.179014
0.056044
0.017027
0.0907185
0.057421
0.0600687
0.0166145
0.0251417
0.058748
0.102071
0.0196277
0.0265292
0.00961132
0.0225507
0.0674
0.0142681
0.00830016
0.00995999
0.12904
0.0847641
0.0165829
0.00962246
0.0769236
0.101634
0.0791181
0.000842054
0.00733209
0.135078
0.0353082
0.0166568
0.0356228
0.0351867
0.0798049
0.00770245
0.382643
0.00422127
0.0827826
0.250198
0.00579774
0.0229237
0.0707353
0.0115675
0.0552204
0.247961
0.0422816
0.0198509
0.0691428
0.0212221
0.209601
0.00559386
0.540679
0.177935
0.587434
0.0114547
0.0365826
0.10509
0.0574999
0.292664
0.0146014
0.106075
0.0352582
0.00610952
0.0442897
0.00472701
0.0418393
0.10907
0.0137744
0.0245215
0.0321105
0.0450789
0.0188823
0.000809769
0.0271038
0.0216402
0.111204
0.0719797
0.0109442
0.15305
0.0136414
0.0477224
0.00852256
0.639288
0.625763
0.0395346
0.0498632
0.0856564
0.239311
0.0474708
0.0400923
0.0300149
0.393233
0.0235242
0.0033948
0.0123396
0.0224915
0.276884
0.0254649
0.0332093
0.0790016
0.0140134
0.00571319
0.00395157
0.0483201
0.00717735
0.00757808
0.00700416
0.00356341
0.0222675
0.0250808
0.00591636
0.141208
0.0107157
0.0199538
0.0414515
0.139456
0.0106475
0.0577026
0.0527518
0.0182991
0.0362766
0.2016
0.102575
0.0255025
0.0348747
0.0084891
0.00516641
0.0389523
0.0219511
0.00347277
0.0351977
0.0097991
0.0134939
0.0353123
0.409262
0.0125321
0.0377262
0.0112776
0.00924187
0.0707886
0.170432
0.0130843
0.0800222
0.0667535
0.0230402
0.00589758
0.0384958
0.0823299
0.0220277
0.220921
0.244585
0.0140737
0.0201819
0.0422012
0.0672052
0.0751399
0.0223468
0.0212915
0.32654
0.00432333
0.00980703
0.0186888
0.147343
0.299562
0.353173
0.110836
0.0144118
0.0115573
0.00884866
0.0574983
0.0962135
0.563182
0.0605694
0.0830835
0.346422
0.0563353
0.0228702
0.0116763
0.0600856
0.0513561
0.0304549
0.0153743
0.0130703
0.035216
0.347201
0.0111154
0.254035
0.0773973
0.0614574
0.038192
0.0668857
0.0466119
0.091672
0.037929
0.0312941
0.0607367
0.399473
0.0170659
0.111933
0.0277673
0.0443629
0.0466509
0.00782923
0.0293607
0.098535
0.00587781
0.00978139
0.0230739
0.0716754
0.00418493
0.175785
0.0454378
0.0607305
0.0213442
0.0179527
0.0248874
0.0087222
0.0181775
0.0516927
0.033186
0.0133936
0.0463154
0.145078
0.0582016
0.0118903
0.0232846
0.151586
0.0127936
0.314956
0.0361279
0.0597523
0.0121068
0.0303829
0.0475272
0.096016
0.103048
0.0550554
0.137438
0.126022
0.355561
0.0306463
0.0167096
0.0502683
0.0163953
0.00189069
0.0271434
0.00764463
0.00640257
0.00850224
0.0155512
0.0663804
0.0229825
0.0244731
0.0471428
0.00429179
0.0227915
0.0177911
0.195945
0.19753
0.070892
0.0409052
0.0253077
0.0027423
0.0564695
0.0258958
0.0230315
0.0163904
0.083276
0.00730117
0.00643997
0.0113644
0.010545
0.0294478
0.0463828
0.0250942
0.00925008
0.0128628
0.0614553
0.0187864
0.0263048
0.0101328
0.120007
0.315919
0.521724
0.0955268
0.0951537
0.0888548
0.0844549
0.014768
0.0117876
0.00534229
0.00738183
0.0288029
0.010475
0.101961
0.39096
0.291015
0.0121153
0.0905595
0.0332595
0.0694482
0.0159608
0.0540831
0.0121298
0.302683
0.250299
0.0673537
0.044684
0.0449379
0.0934904
0.0499539
0.037377
0.00943503
0.020145
0.0566481
0.0887644
0.0286682
0.2355
0.206709
0.022456
0.428693
0.0354877
0.0187303
0.0250992
0.104714
0.15349
0.215562
0.0315666
0.0592706
0.0205371
0.147778
0.461545
0.0669968
0.0990343
0.114583
0.0342621
0.374534
0.0612967
0.0258359
0.0542186
0.0294002
0.0910964
0.033167
0.0128499
0.00629698
0.0857188
0.33914
0.0282601
0.0433855
0.0363409
0.0363578
0.0677706
0.113008
0.689186
0.109352
0.175129
0.0344623
0.00715308
0.00636051
0.0186254
0.0713221
0.0193602
0.0389877
0.49057
0.773407
0.0928369
0.670314
0.377653
0.755588
0.84439
0.440522
0.0656763
0.648793
0.523032
0.652889
0.585502
0.483358
0.673249
0.173235
0.355335
0.813437
0.86495
0.249603
0.430555
0.230008
0.715815
0.609759
0.584901
0.858314
0.118305
0.0338717
0.031322
0.523368
0.444566
0.049297
0.974307
0.985163
0.977821
0.33811
0.0276941
0.678138
0.183392
0.914525
0.451734
0.968065
0.0704558
0.0632637
0.893774
0.622768
0.536141
0.522712
0.609194
0.123772
0.215372
0.399066
0.560996
0.337438
0.945119
0.877373
0.295695
0.747986
0.969398
0.0320417
0.0190344
0.454111
0.20664
0.393561
0.319558
0.613171
0.829518
0.0117717
0.225868
0.298521
0.136058
0.94415
0.969686
0.489368
0.638268
0.490008
0.156451
0.777942
0.299564
0.570489
0.154717
0.572112
0.968069
0.066324
0.703718
0.30938
0.394339
0.293547
0.0671785
0.0215178
0.371868
0.00554451
0.00947166
0.864943
0.532994
0.445651
0.449874
0.781844
0.940717
0.210299
0.23045
0.533199
0.793213
0.906064
0.977684
0.968983
0.151545
0.0704743
0.852785
0.943369
0.901174
0.980337
0.382883
0.68132
0.69601
0.857555
0.0675202
0.518516
0.844817
0.314055
0.788434
0.517628
0.707042
0.812087
0.0971517
0.195065
0.0400921
0.461473
0.0389897
0.0123099
0.0292769
0.0264784
0.0242302
0.0215974
0.158789
0.164653
0.0435649
0.422004
0.227361
0.816193
0.742873
0.631053
0.177357
0.756752
0.162142
0.169241
0.0573033
0.249394
0.386516
0.90912
0.271629
0.0397196
0.0147508
0.617016
0.142536
0.831813
0.431063
0.506541
0.0868095
0.912587
0.0208035
0.88238
0.774736
0.179925
0.139715
0.49788
0.598044
0.585291
0.299544
0.513384
0.417876
0.625066
0.969051
0.507456
0.785029
0.0111513
0.914079
0.301198
0.83965
0.655748
0.232153
0.00900788
0.211516
0.0602684
0.651736
0.200753
0.487269
0.405718
0.505473
0.319905
0.416551
0.799007
0.287589
0.589678
0.116692
0.0887201
0.173813
0.147037
0.0373415
0.020219
0.417969
0.0562587
0.662565
0.992167
0.0291095
0.715471
0.0663504
0.058625
0.79355
0.38811
0.610746
0.389252
0.117639
0.603437
0.517417
0.810032
0.0163335
0.0112888
0.19489
0.0918292
0.980228
0.967302
0.911861
0.115183
0.0333296
0.938888
0.948325
0.213399
0.40748
0.549944
0.13098
0.8748
0.709181
0.642065
0.0202593
0.452479
0.858527
0.0677031
0.33414
0.323597
0.378174
0.383176
0.784394
0.387887
0.159755
0.80718
0.753474
0.635867
0.802198
0.909378
0.918834
0.641251
0.332039
0.56238
0.259723
0.293241
0.847903
0.501828
0.502246
0.762495
0.219094
0.139912
0.323619
0.0902315
0.170731
0.609616
0.0130352
0.660882
0.799065
0.965555
0.655963
0.0915271
0.63653
0.348655
0.860752
0.64849
0.865344
0.134417
0.457993
0.24032
0.378801
0.451082
0.905125
0.0414909
0.933693
0.884591
0.802087
0.509231
0.00338786
0.154285
0.554653
0.529555
0.438956
0.277642
0.971504
0.995546
0.983781
0.3841
0.508249
0.414455
0.781261
0.820171
0.725371
0.572133
0.0559889
0.551064
0.782881
0.688127
0.974592
0.889103
0.989388
0.969398
0.87185
0.324897
0.254885
0.823635
0.48744
0.328736
0.960723
0.953705
0.963158
0.118734
0.420859
0.690997
0.0726657
0.845332
0.778782
0.955753
0.934511
0.704073
0.282521
0.550865
0.055418
0.116654
0.215065
0.811847
0.0868396
0.0893368
0.0520959
0.0944782
0.0943823
0.117108
0.396552
0.55617
0.106836
0.412964
0.549202
0.110252
0.835527
0.126003
0.0322871
0.240983
0.0281113
0.0251625
0.38644
0.510277
0.112486
0.141314
0.897604
0.952339
0.81619
0.936591
