0.23932958701
0.219293348611
0.120225261006
0.106034554843
0.173346509414
0.179632506504
0.153965481742
0.181665417894
0.240382979595
0.190094725484
0.106758568109
0.282671595662
0.168798970091
0.232028344663
0.207831145022
0.231880560169
0.236553426864
0.158342839603
0.151827424809
0.158412142417
0.221330022685
0.242747278733
0.392960777057
0.262198599229
0.157919533655
0.127205514416
0.224306778155
0.151925643223
0.301460011145
0.275292988716
0.398967340218
0.29047080916
0.202002059046
0.278600212157
0.264708342736
0.210381614797
0.320486775575
0.196192486271
0.202159271824
0.261153957104
0.364671799674
0.388960178017
0.410473791737
0.274261651202
0.260229295668
0.253097861244
0.167234512996
0.263395010939
0.307718038475
0.327132463745
0.259074014994
0.326487576381
0.185492352758
0.170718624118
0.19081801348
0.263530354049
0.270647351008
0.266442335048
0.173618816729
0.2261162406
0.213952722398
0.426715061417
0.348677646702
0.140850319273
0.156216657056
0.221651298598
0.282033351534
0.253862366953
0.26193961556
0.25659452162
0.348316762033
0.235166608551
0.236164540544
0.199204364346
0.145890913751
0.19381879988
0.143105413777
0.15676347347
0.313703075742
0.0705032737077
0.0861191806732
0.384460335561
0.141910367595
0.121444817186
0.295529344852
0.357248007781
0.667380661261
0.376513804217
0.0933677103068
0.140953253049
0.221024049247
0.188692464691
0.224032171961
0.284653326362
0.245185558991
0.27688955083
0.231742424929
0.278751591276
0.36382394062
0.159065023338
0.289902172686
0.326776317468
0.259980376728
0.149459235697
0.127155485423
0.164592597949
0.352773157402
0.244465815085
0.331618798548
0.207725448923
0.252166600222
0.370602883193
0.268402905265
0.149725608059
0.179079557787
0.191310191281
0.213696248535
0.0500953076866
0.0403373729015
0.0526900354332
0.0362220876922
0.229556032168
0.209182242991
0.280683142616
0.234116676272
0.765639838171
0.743542759129
0.776958514915
0.740595668457
0.667278725856
0.162040672991
0.238829935467
0.283180283302
0.201119535346
0.229216464678
0.308460788142
0.293881076567
0.221121031369
0.501065551202
0.212305684521
0.181872292995
0.0846668183593
0.243108831731
0.361652477554
0.319601617622
0.247344210648
0.147013866129
0.282429190164
0.27735519627
0.230942502654
0.207570656133
0.26431747155
0.391314356771
0.45028232914
0.157614070277
0.142355365746
0.195822331682
0.241091282806
0.321506565042
0.312303986118
0.181413671509
0.198759380221
0.193481221011
0.110295168663
0.139682483454
0.12737927917
0.223354099201
0.250461639166
0.359683093055
0.38695878066
0.267990820313
0.222064099121
0.363670997613
0.347036239321
0.0938048685875
0.251479787535
0.483919227958
0.300256211274
0.254723079745
0.219739751485
0.256862270218
0.30026039042
0.319437988515
0.127141404946
0.290011347853
0.290108638544
0.29990516005
0.133997681937
0.110060150848
0.345383115723
0.335197329588
0.209417675291
0.293504007172
0.313390653905
0.275571221075
0.369042951666
0.229508010927
0.218172194824
0.244296527087
0.453458615561
0.0799438562875
0.108730587065
0.113369137698
0.161182368538
0.34529963138
0.239120473176
0.206747025254
0.191937178709
0.202466580869
0.172894460202
0.284376242402
0.276968583207
0.594303862006
0.253846268977
0.163693793635
0.130836102947
0.164481827189
0.214105406557
0.181029125528
0.319467114517
0.136278573424
0.457654618468
0.195703060003
0.386342594
0.345917897177
0.661018681538
0.575935450947
0.262569551267
0.257015926017
0.250033461093
0.265429141722
0.180493288711
0.255741743201
0.29176017098
0.186263235794
0.347009738418
0.0989278938485
0.0996333398413
0.0918698387671
0.192082556477
0.320975301841
0.248799916644
0.0939728550765
0.192606254649
0.24778798335
0.287745022952
0.880948259512
0.828147318356
0.264571150566
0.182493312383
0.207499281674
0.18995777639
0.22763683914
0.298462461949
0.301202339471
0.293485222931
0.157329966666
0.235717846914
0.169529102345
0.13727624906
0.345513952163
0.291099695992
0.173212928352
0.304329629592
0.207366854075
0.225493031254
0.16619072837
0.128828682681
0.226861457844
0.22072824403
0.411032571237
0.0910809329733
0.0821906855382
0.10477666087
0.166043662575
0.153673630676
0.497762067644
0.570258531283
0.141620063982
0.23592181636
0.485744874804
0.148675870755
0.165760991268
0.152795758486
0.307969093184
0.299033398472
0.271579165431
0.0838090924267
0.224601093331
0.241159526269
0.210075760686
0.183123776884
0.244515548564
0.238976763441
0.100644495419
0.246437793669
0.28589026536
0.237732028371
0.279987073396
0.269835129572
0.195921239992
0.21438107075
0.17577860129
0.165333246652
0.296419875253
0.199443156377
0.24263335493
0.226766311339
0.245708328633
0.269619728912
0.231223128808
0.176261446977
0.198552942612
0.167322204951
0.201778165062
0.214523764899
0.173488077949
0.181252403484
0.255194159852
0.21690533737
0.235514792786
0.244641942922
0.208581747314
0.236073422
0.111448542019
0.175347150858
0.149622504635
0.146202503081
0.12920815968
0.8475738653
0.215387223864
0.182478079778
0.351883809833
0.36516640258
0.268603179251
0.222658147102
0.67927070082
0.683636336498
0.25580421021
0.188763227241
0.187656618481
0.194757042007
0.204935027009
0.234061861821
0.523939774432
0.32397054232
0.195397710625
0.0530688050741
0.295354294458
0.290268826538
0.206695926754
0.232890856373
0.203860003841
0.133893427145
0.146582277117
0.133903548588
0.123634964242
0.669869803886
0.440975917197
0.301114358061
0.279410217712
0.175470871877
0.346429217637
0.298700351279
0.261641254605
0.214847765141
0.13866278153
0.237329772752
0.213545666541
0.194469314164
0.24508481216
0.278730558228
0.294936213855
0.28753796266
0.275104109279
0.231807826296
0.244840348622
0.15034623087
0.122023949201
0.164774438597
0.104541430166
0.10148229233
0.150868588113
0.132773905553
0.263610200828
0.19356752351
0.192149064914
0.152227266514
0.149179872125
0.287999591571
0.291742313152
0.173395359339
0.196366923134
0.121238984236
0.400287270741
0.42382775863
0.269807577038
0.204016610874
0.157446769457
0.183074150796
0.132523943045
0.14752912937
0.433318853984
0.232430294782
0.242649932491
0.434483452206
0.452449715253
0.224482169168
0.291785321926
0.270187681491
0.297330050907
0.150405568362
0.186375015866
0.255159160346
0.213195004624
0.136717100908
0.148570762964
0.0935616492676
0.179092604178
0.118985073234
0.244984700281
0.184966630154
0.219683330453
0.200541307595
0.0908850946321
0.168669061037
0.346775973521
0.328248551143
0.462922700074
0.190531414247
0.0945759180145
0.101025974902
0.0764537359239
0.185427332931
0.194108333213
0.158986945004
0.259169152249
0.323602402809
0.863901489175
0.814670528239
0.202606707932
0.0941637591459
0.196736908045
0.238695264606
0.215607518504
0.226987420601
0.314801870343
0.272545372827
0.145080121733
0.151098903227
0.129921120528
0.149051943218
0.182073913825
0.256670185469
0.274423026451
0.251021644126
0.174487829271
0.152989917836
0.132311188825
0.238257381567
0.175954791159
0.153471714465
0.254396040036
0.22940226554
0.248529651314
0.383040645787
0.319855779044
0.254360765215
0.201305675129
0.219002489803
0.230456141931
0.273267389457
0.271303572333
0.210108372138
0.235684566317
0.216106636657
0.243372978516
0.244525599414
0.156983181718
0.168163574321
0.169618826507
0.508185615062
0.324684678151
0.264554636164
0.289249642133
0.360741957292
0.120642684353
0.204331199446
0.331067910951
0.133311339856
0.18486502456
0.214150606588
0.189023124935
0.178649192557
0.256020282036
0.215646513297
0.21779180433
0.197049891703
0.283596773624
0.445035345759
0.444331276156
0.257552595852
0.159868484831
0.287210195619
0.304551709752
0.21141784872
0.198325047263
0.22053069117
0.214737201648
0.273679379744
0.278570781713
0.238130151454
0.273513630843
0.160077438524
0.163314541971
0.206217898921
0.159068434038
0.186110502726
0.156686092588
0.14315663536
0.344406963467
0.146667692205
0.22186293867
0.163307192327
0.108580321876
0.158525198509
0.228105662154
0.225676470385
0.228371421331
0.231767836451
0.186788132785
0.199553987111
0.264633119884
0.268169476736
0.25440745469
0.260352854703
0.230406054401
0.245888137176
0.151811519875
0.192640051352
0.166373707532
0.24053764492
0.241585082549
0.221816625359
0.250299685007
0.18878456893
0.167280736774
0.117510833154
0.201714278649
0.14975839961
0.205393726762
0.175678782501
0.129117266561
0.164027867574
0.260593580469
0.133621706105
0.14618479295
0.138007187884
0.340945018893
0.205595185344
0.207951240612
0.176825562902
0.209940399706
0.125607884473
0.151724946891
0.110180838102
0.188540820785
0.186853067289
0.144911552467
0.196491527097
0.136550109603
0.268422558942
0.215210296432
0.180498487272
0.198465178903
0.195443305517
0.243179146136
0.199717455018
0.147497369428
0.173623440121
0.269000214259
0.288914188564
0.262753987388
0.199700925243
0.220526694972
0.214843239602
0.252621443597
0.129950939139
0.186037379154
0.126959580991
0.186632401948
0.231241969156
0.213832237157
0.146195215333
0.209331666562
0.147323432072
0.189490470287
0.13260427024
0.217928692154
0.226834796438
0.11957428467
0.125503587151
0.105409914385
0.1591210582
0.127675728814
0.22267699164
0.350785427977
0.304840052545
0.194506188313
0.223256302284
0.162301293514
0.119747197369
0.26811014485
0.688189819661
0.73357335301
0.715228528888
0.127261153197
0.190505060838
0.127469005879
0.123849849397
0.0934797664412
0.232526788631
0.768348348129
0.204656723397
0.281822837231
0.285332447714
0.180956347176
0.165321908743
0.196632031072
0.0870282222882
0.154958668762
0.146510140621
0.276536188565
0.242495470748
0.451149504744
0.363637944772
0.40282804832
0.172078386293
0.337930245948
0.199583936898
0.332188200341
0.358185773873
0.285451997586
0.347849188847
0.389537599891
0.232514649484
0.171829608841
0.419137687558
0.419416261467
0.388038263136
0.39233762126
0.327447495924
0.261877481178
0.229109571712
0.227380773809
0.199828804859
0.227534599525
0.197321620113
0.253012772196
0.291377661624
0.204642184083
0.225643930135
0.217722019511
0.277205713635
0.297766788422
0.311046933353
0.204003479158
0.244513878275
0.265277446233
0.193957253009
0.199828437352
0.253103195444
0.289352608573
0.325682621412
0.292476094217
0.190120828751
0.311331854666
0.301732414374
0.264389373465
0.185184871508
0.204054668772
0.259598646693
0.238462773223
0.201949167156
0.155034495724
0.165324698657
0.24370083536
0.280485086453
0.268229479349
0.212300128708
0.0815240774835
0.149849649896
0.229782834805
0.194604434224
0.228128019055
0.114841496247
0.130335488798
0.211248961694
0.223147331872
0.23544987306
0.252357188324
0.203880302352
0.166260480014
0.217692974456
0.238438654606
0.39762688186
0.125547704353
0.248130430453
0.301070928863
0.23746945033
0.390920955756
0.139976782369
0.0829584120611
0.270435065453
0.298092717313
0.257067574938
0.208259788484
0.174827933264
0.220059553004
0.262876483138
0.129140462666
0.270489433943
0.119509539189
0.141412108969
0.242532286619
0.26292869973
0.259248039978
0.152453643633
0.128352207669
0.287126577059
0.373202863558
0.159786561777
0.116413385402
0.149418774328
0.167676301587
0.171191066381
0.214049233258
0.12448920189
0.0990735570424
0.330675905774
0.32595913115
0.281861383941
0.363757820381
0.247665940163
0.275036738608
0.233323032297
0.214952526609
0.203799666646
0.228839901557
0.196634910303
0.257862220209
0.228500080676
0.256053025629
0.2856931989
0.217408519207
0.164424774873
0.160325087099
0.164287401699
0.091309562881
0.191519310331
0.0934834154781
0.113888996969
0.126934125337
0.211770741517
0.226130233199
0.162461577922
0.164525266966
0.178393130077
0.221115238656
0.304814963822
0.211045101551
0.209375554908
0.238149631268
0.204544095524
0.401574269936
0.321058969726
0.262278773509
0.343217167663
0.178531551073
0.188967192847
0.203241810001
0.122543804424
0.200092450107
0.320276006174
0.185193103695
0.21254171108
0.0597279117342
0.318456344226
0.223266459411
0.163063273705
0.41838512947
0.269198204956
0.279728014128
0.182651065121
0.155270837946
0.126749754029
0.274283861521
0.115700980406
0.122261521916
0.106281925311
0.305030246184
0.220055959925
0.178796685548
0.279319287244
0.193593480769
0.0503308675842
0.0506168164348
0.43810465864
0.452665412014
0.0964340334696
0.183604798777
0.235865794312
0.205044831535
0.128090021091
0.109803420375
0.109582654359
0.112706323924
0.120950361429
0.166141011578
0.156237283763
0.188755466571
0.167854322075
0.222322202036
0.228153150092
0.170507379048
0.165542703791
0.0782238946266
0.234771696311
0.17026307707
0.125982930856
0.0889912443762
0.248983447132
0.133548046782
0.123326788905
0.148498866842
0.124442522876
0.057571382547
0.0707938042863
0.260450254613
0.110017081316
0.160511979207
0.130654541051
0.17233710718
0.160609760091
0.101279466938
0.118327593295
0.388888358883
0.242109827656
0.169995884682
0.141706206882
0.220980329621
0.191435471357
0.430281771051
0.349982927104
0.229092144953
0.238561850018
0.200832478632
0.298094123115
0.146051929673
0.191839118382
0.189376248725
0.211864871311
0.210791511089
0.167523163687
0.0914976716363
0.0892868520951
0.139549230178
0.125759658626
0.200293542598
0.222299633461
0.0829972091262
0.15321914435
0.128029398447
0.075879516874
0.103001127399
0.602215681057
0.696463488181
0.229097859873
0.191407056133
0.171869242878
0.204175950503
0.28458865815
0.408158198589
0.281385560765
0.251065203995
0.25323705012
0.665411533468
0.43611734753
0.438814094688
0.209699421653
0.169565681461
0.114864351751
0.181573232209
0.463000866589
0.0854145557953
0.270272898007
0.286779296508
0.175824395004
0.431172878504
0.177461079041
0.159325770163
0.123802077336
0.181199751184
0.180998514932
0.162935464996
0.193767513016
0.224681857801
0.171935362839
0.202387069351
0.105277411443
0.110064703045
0.158474845399
0.0895661293625
0.0634501165407
0.172858707356
0.184949844863
0.176813397656
0.184801979474
0.215050837284
0.329315230432
0.801997115679
0.803629427783
0.78384150781
0.726860570276
0.202889791362
0.172852522173
0.145578334238
0.200655436771
0.324251712025
0.298747148321
0.214894976151
0.272621109474
0.289502598201
0.208730443889
0.202947482933
0.315771668809
0.141523947258
0.144497623866
0.110117182076
0.848318743433
0.765054252191
0.812510481801
0.738519965284
0.206608427874
0.297611503222
0.32074063064
0.101218365644
0.391856775221
0.220726822517
0.191142473403
0.220709230966
0.265740102331
0.158782264243
0.269143108926
0.0794559054999
0.25316938266
0.33625194065
0.40646369612
0.32337991557
0.391204806049
0.845148016575
0.842535321934
0.826756435822
0.759512693581
0.852635823567
0.569609223283
0.244360706668
0.106848216658
0.199497786455
0.291776358947
0.29942382095
0.314361379015
0.752303165137
0.735556774799
0.142452625269
0.135670036911
0.192681105011
0.0991391825412
0.10632262773
0.277392043502
0.876116613977
0.769757601263
0.193336978379
0.841890433252
0.767258545312
0.158557524574
0.252180079851
0.19774072272
0.276339318281
0.272936861123
0.257239231989
0.319159200206
0.0527634185504
0.317127622572
0.158535515091
0.185168015859
0.15943288977
0.223529879531
0.236398492843
0.342017965329
0.281592443018
0.328887915122
0.269739541902
0.391589268859
0.463687082494
0.403875075459
0.192297181096
0.252428100117
0.315990023396
0.291133825428
0.196953136389
0.225973957077
0.155880042495
0.458439083116
0.40996636771
0.407018229164
0.374608935799
0.333374034586
0.247441553699
0.270240281327
0.160778917856
0.265660597818
0.198469408622
0.154403197421
0.21692313983
0.412334179597
0.282289084302
0.362897248537
0.291745575854
0.334199305124
0.150709040387
0.314733343077
0.343464576474
0.542238504185
0.222539228639
0.199951977974
0.24383893831
0.218456313374
0.200563943183
0.196848564137
0.32757803265
0.383107521592
0.354621155122
0.37287231753
0.270927644821
0.136904284542
0.213900077332
0.288905594579
0.246596834557
0.355390343515
0.180386595976
0.173726735754
0.168205076998
0.129255456301
0.200876101613
0.138878619377
0.205834128294
0.180106405399
0.277018262809
0.166543215812
0.212382324811
0.239484606157
0.21382351177
0.19952703294
0.219409161768
0.22572904051
0.199688266449
0.183125875528
0.300692233353
0.279952176534
0.212675103716
0.343185902647
0.17274155034
0.139485571171
0.2838860412
0.31849471142
0.256255899162
0.284588557124
0.3196421263
0.167239887983
0.175032588156
0.180389632258
0.337962585047
0.211902081997
0.174407196192
0.150071106322
0.128299729877
0.13919612819
0.148024477914
0.177165194801
0.149974520343
0.16662760023
0.283042407227
0.241615572772
0.146383953806
0.259150432045
0.131352393738
0.181941140814
0.265478949882
0.300681476423
0.13449769602
0.166458231353
0.164567550309
0.143849915505
0.180994387748
0.195049850287
0.223723350625
0.141196593682
0.189186189063
0.218397468194
0.165399664377
0.183697981651
0.185582576176
0.0883078641466
0.226180891229
0.299142734822
0.0558071384247
0.141279560984
0.320153253534
0.323682992851
0.314736983119
0.235073328261
0.227054066749
0.140168851358
0.213102811315
0.238221712954
0.306347542322
0.226807746179
0.266462258303
0.211276377457
0.284174824224
0.184807667875
0.187355055673
0.191129363872
0.20245181672
0.175142543956
0.163804652291
0.258394090564
0.326837112127
0.175124509334
0.277645458706
0.229230408758
0.186517253983
0.26466393083
0.286145217318
0.222235680046
0.150945349506
0.124181720794
0.218397204457
0.224311990043
0.16635406862
0.22936795361
0.128998313536
0.183632798982
0.113823079359
0.216980543177
0.171151260481
0.171747990707
0.24842366598
0.175444944456
0.309962320597
0.323137182678
0.317975319765
0.250972753753
0.232250783574
0.2225157135
0.150870884247
0.165727789564
0.0970560579841
0.125759658626
0.171436164423
0.271482096019
0.1463772831
0.194417896996
0.152816078495
0.24909108311
0.126484568563
0.149671167915
0.0592833447
0.258760735967
0.207967555555
0.190262520487
0.125113367791
0.170173890821
0.0663984997755
0.27569862829
0.339100789883
0.155733178629
0.132690065155
0.167618680545
0.262139253193
0.294200607648
0.320698804817
0.141773508854
0.599525558143
0.11074632147
0.16995349832
0.112162914683
0.113386661415
0.0976531491337
0.26717104901
0.255330196608
0.226308194235
0.134747742652
0.206094900162
0.20321289186
0.181529219081
0.138110013875
0.176953277023
0.153572041156
0.235829600211
0.269146474106
0.160519492161
0.216939451986
0.246868110522
0.134519336847
0.189198005235
0.19780393314
0.172575117718
0.203577069778
0.208627811958
0.229789716921
0.169339969306
0.112222840662
0.0974195787468
0.153597379968
0.250350835496
0.153989297836
0.347813646531
0.266596487004
0.448798307967
0.125849748139
0.197073146299
0.189890870595
0.17721696746
0.1699331232
0.42155864334
0.237491313281
0.229062788424
0.275261040319
0.128955077263
0.277642553148
0.271522776995
0.248341465269
0.119518865059
0.197464163625
0.210318782783
0.15165998228
0.177093295738
0.127031144758
0.149296409588
0.560627410524
0.166913990201
0.0694028945409
0.170732887028
0.0823906532985
0.133253594597
0.119264248769
0.131636762558
0.136457142405
0.222100709051
0.195380787154
0.226452845707
0.131155489522
0.0788707458122
0.0792395521751
0.119651848039
0.111464702351
0.0825434032752
0.206271953788
0.217882589478
0.123136445417
0.176323858094
0.143852936653
0.140036315267
0.153784296652
0.136146570196
0.0881055418562
0.0695763695027
0.148368357039
0.149186234598
0.148596428608
0.165630700908
0.157759125667
0.133758602355
0.130022257717
0.250336882355
0.167274884569
0.211165768545
0.201852418079
0.0677149341625
0.0652102478183
0.141152401009
0.214233001305
0.0743480036607
0.158593118542
0.107464303828
0.141097995146
0.137290168865
0.152222629709
0.121233302072
0.0597493714241
0.155766975431
0.145886904621
0.243216532062
0.239266498797
0.184341549596
0.321485800488
0.282103504886
0.134575504026
0.155038112004
0.240388738184
0.320809719784
0.277102093009
0.530217969027
0.380609629069
0.550344800026
0.458824032194
0.178927150337
0.431884069717
0.262297939287
0.298913704066
0.231903484135
0.380579740922
0.154562512898
0.186127843988
0.183490302225
0.156684602829
0.137326716484
0.0604130579499
0.203755970169
0.143196448353
0.160385147891
0.189984448458
0.144086813873
0.152744205961
0.160961592353
0.100813950239
0.0983323442852
0.104167041967
0.113414526836
0.0940616658736
0.18500434265
0.139057148874
0.135122825371
0.0939876703777
0.106519551378
0.180727310847
0.187746083176
0.164197297477
0.189860804288
0.207651777378
0.266645089844
0.31656483614
0.110368072058
0.131577693153
0.283570757283
0.204474034358
0.17060786207
0.0939035852244
0.231996377391
0.163556648384
0.331002970765
0.149005334471
0.237028522931
0.111713169534
0.10089565526
0.102835331133
0.45960522504
0.308521860176
0.219844795885
0.200850648365
0.193808566871
0.170233416439
0.355821936849
0.216846299638
0.246729042772
0.153439851927
0.185512644239
0.303525764804
0.0700760286787
0.222758450924
0.144943650995
0.229168197063
0.282737125267
0.237569003158
0.130502206499
0.248791294248
0.177372039176
0.183406574422
0.275000790881
0.128215116602
0.110893313109
0.199125014653
0.20126347718
0.330671255851
0.266993940828
0.144089061568
0.143006949447
0.137348329784
0.237894951753
0.256555106671
0.134187654734
0.261731799281
0.297399617724
0.249373342139
0.123507158067
0.131496223282
0.194717122312
0.389401165434
0.142480006515
0.125358696891
0.0782878349217
0.206084931279
0.251225542335
0.311512833213
0.0999630787082
0.0727889961184
0.27200091417
0.0845106950863
0.17386658815
0.115169709009
0.102619274592
0.0765323854452
0.182558285527
0.181518459584
0.165141404643
0.123571707426
0.133915648633
0.428616350774
0.4252130473
0.467347513174
0.774324013063
0.785811014538
0.753842774312
0.20561737268
0.199315014879
0.226695483702
0.249687095018
0.311493295
0.264557468306
0.307375648699
0.147017328956
0.119587264206
0.111900232239
0.200630172734
0.191773129598
0.199793692771
0.378417482235
0.0768832425128
0.0896129579195
0.0651589693606
0.264106355288
0.87051200541
0.846958485829
0.135711231556
0.207496702501
0.145153880477
0.261080672013
0.156414981824
0.19132596494
0.109178092725
0.156122853943
0.215582347691
0.186871964096
0.17750962543
0.132543327974
0.180953114746
0.190369635526
0.102959797194
0.172336760378
0.149619548682
0.19815201157
0.0712076919726
0.244151876136
0.181315049215
0.214009646889
0.176717053656
0.310402675173
0.286724183211
0.233566311654
0.162999015887
0.154212691599
0.104719251716
0.213114017222
0.136932181645
0.0989168000704
0.209152505653
0.240812955549
0.258890645024
0.169220059388
0.185646659464
0.171970763477
0.3648835359
0.246585419895
0.167757135741
0.199470920154
0.15431852398
0.136760682537
0.111371782402
0.126494813183
0.0651274429816
0.134984420961
0.272181596098
0.107420458737
0.181974445284
0.259608020224
0.17561116524
0.214715975892
0.15548834875
0.277923771766
0.152649082245
0.109820169544
0.206672525245
0.591430210367
0.116520107976
0.191096115991
0.211066906776
0.277330344438
0.0989960534307
0.319601483347
0.144450906046
0.183004202495
0.14219870577
0.23174718122
0.113918655578
0.145352864624
0.183959569034
0.308774126547
0.260734693959
0.345435899258
0.12159614505
0.172325322316
0.171357020752
0.123657967766
0.186971860068
0.175610857079
0.150735412845
0.242253175827
0.13379144906
0.158933349951
0.0558978423338
0.235249901095
0.21625924781
0.26829088194
0.166194903364
0.288451977902
0.0978887197509
0.0970675963074
0.119934934403
0.10800947831
0.11000399096
0.108124282917
0.192124891688
0.202374632173
0.119879053029
0.128042955064
0.158299565939
0.0999427678524
0.105881887041
0.0654779162052
0.145266070538
0.157601370033
0.100481411355
0.163448411644
0.172496987206
0.140178552796
0.0953034940653
0.139218547412
0.158048457814
0.250461819985
0.213798313892
0.0934433885369
0.26841331126
0.290499633087
0.221297906874
0.21998069969
0.130033999097
0.337570436539
0.28984014274
0.225318553864
0.160266546836
0.259844733946
0.246808718078
0.410224451536
0.601002751492
0.60788252662
0.156486963687
0.17969103854
0.23670257182
0.149095187601
0.141190869279
0.17160602028
0.20087874687
0.707204565085
0.168794796396
0.159887104111
0.0814797241737
0.163817203716
0.210252569674
0.120943220075
0.273714360135
0.309316177112
0.370583479416
0.301058918778
0.271845098056
0.173213693571
0.219800027705
0.263208578169
0.205133115173
0.220459617336
0.123887665207
0.337104611762
0.237890322458
0.372269967527
0.245457369424
0.186985322441
0.832629937431
0.409684525714
0.222463145249
0.183719548026
0.167056867672
0.16817526035
0.202916863455
0.404508277414
0.228999269064
0.17804165303
0.13886414106
0.198673419784
0.191358705897
0.232482604699
0.212089832559
0.179812741794
0.198474971791
0.0859363654469
0.129948106867
0.11968534057
0.162982079641
0.722645263461
0.380814997918
0.324153318957
0.316616769854
0.1488135905
0.153492557273
0.187240636167
0.408971661279
0.285406409198
0.126386787717
0.281210497527
0.604831046068
0.300530611742
0.466190222864
0.392210898809
0.299522603679
0.281320633475
0.137336225013
0.162398415472
0.128909970006
0.175668475051
0.1555729159
0.158340066311
0.0812119721149
0.20310994418
0.187782209666
0.111977156307
0.121111277177
0.127260656074
0.115692458274
0.129922968379
0.17472526395
0.10658458818
0.0995267092797
0.113955494732
0.212829448616
0.170361886845
0.153387429013
0.18340244848
0.120518599378
0.0972565248805
0.108843051633
0.130337661789
0.110393855173
0.19261200679
0.291394920166
0.229322264562
0.146014577962
0.109011689515
0.152884008229
0.262301219316
0.245537274323
0.183095681071
0.153044518274
0.181963184153
0.191143630902
0.311712722435
0.597219750863
0.587901099178
0.315773897785
0.26230445149
0.305970849583
0.158327945526
0.173880132625
0.184115000991
0.217042274329
0.16031252515
0.197908171478
0.141504717067
0.110099792426
0.173354671738
0.245155839662
0.181726568184
0.224917335416
0.229459809388
0.190896536395
0.217455178471
0.381932872602
0.263727806011
0.176233303431
0.132513490309
0.173654735622
0.232877755986
0.110122890885
0.112794621184
0.305026519684
0.216390565791
0.207076632891
0.224094067699
0.226298942906
0.212472476856
0.219755951858
0.094429894087
0.155919788159
0.13881071312
0.0955596057619
0.137590184016
0.272433878583
0.157274017621
0.124913644452
0.117007585026
0.122120136812
0.140586932718
0.149978539416
0.152149998934
0.191240731067
0.127833521854
0.285303496388
0.270938121714
0.268977781227
0.176302227358
0.164778485153
0.160352937126
0.215869049695
0.269154213108
0.127577744461
0.0990557181134
0.219534579367
0.094506129907
0.0816773094821
0.202332985304
0.218638029791
0.185166467122
0.152197986387
0.241025018623
0.086733053382
0.192420027336
0.213926926688
0.178981209756
0.166284577236
0.155137308627
0.157118471907
0.155276688169
0.291724010577
0.117718858231
0.104637894427
0.113763576454
0.0823302434875
0.108618385912
0.173030057507
0.152298689518
0.137345172009
0.162400621884
0.123853395477
0.1629142974
0.168808360747
0.174977454676
0.137933514255
0.157996335683
0.246564319289
0.154328225188
0.152880847654
0.140600740388
0.169252325596
0.0652647841017
0.255637249684
0.162135553252
0.0875694031901
0.323457720825
0.141983893537
0.287999856221
0.365730237568
0.271777746757
0.121302074336
0.18983078549
0.183028117705
0.186147763428
0.174189100143
0.192152744532
0.0474763575737
0.163789211834
0.169227397751
0.173995937411
0.0838831654913
0.142403208812
0.131748010095
0.181535328818
0.143924954231
0.197401812372
0.0783885623927
0.126416122421
0.211640739093
0.36213856461
0.453834023954
0.321602957687
0.220108220398
0.170161878225
0.158476948363
0.118227929209
0.143274458152
0.136611654928
0.135139525375
0.368522278333
0.115027468511
0.114016735354
0.25905186895
0.171442888333
0.121172486877
0.128685136582
0.118334659378
0.157630723373
0.302951202073
0.133444771384
0.178661385354
0.237370598882
0.113479043906
0.21494903281
0.0917100318011
0.135891028786
0.205228681234
0.201149687245
0.288934734893
0.24921156459
0.152278968326
0.149391258556
0.260821603629
0.146094712076
0.168006675904
0.172512054931
0.193039606257
0.150436820763
0.253184694222
0.133935367451
0.133771324032
0.124219133062
0.0939634305556
0.105990507838
0.305434983428
0.112409113236
0.459116490033
0.48044759209
0.351200403755
0.245212220354
0.356623132858
0.331740158659
0.140385409231
0.169936133471
0.109007952292
0.149921799629
0.0705458780653
0.328877432262
0.235044544707
0.190688977985
0.176758770525
0.194746426691
0.208715376389
0.23259864615
0.104863543342
0.151313252721
0.877997251582
0.830365117566
0.485180756934
0.0642626132167
0.0736009411165
0.237622827345
0.345102759578
0.110656552468
0.584319000446
0.170672014666
0.254136101419
0.229811663816
0.298550981048
0.156184198806
0.232993875462
0.267361322674
0.0915716027242
0.201964873857
0.210189620967
0.197237991296
0.132920876263
0.141409734484
0.0828311230653
0.229453014679
0.0697189389892
0.139054748551
0.123005036462
0.120176708349
0.503740283039
0.173180739115
0.117241947544
0.183760769751
0.072277196133
0.0844002317742
0.146224639644
0.151792360079
0.128313050904
0.230561218215
0.148870165868
0.116489897244
0.135848487845
0.298585517499
0.280591519984
0.147048112236
0.288475275241
0.243963867746
0.0888154829458
0.170804536791
0.331852002148
0.169293622881
0.0659384941044
0.0913676546367
0.0917034614923
0.0685091061964
0.0668311795918
0.269117929938
0.164306124618
0.173220239328
0.136392002391
0.181397827975
0.134332511163
0.115507931557
0.14845199421
0.215104376635
0.18632843903
0.156792414289
0.0742901605898
0.155272692606
0.0653596699319
0.138080403901
0.209467719904
0.604153329906
0.200973891609
0.150652424928
0.128417838365
0.36202170237
0.341356771467
0.0994065359848
0.131172078984
0.0616733347609
0.153398140818
0.0872299093875
0.142543937534
0.0844396402924
0.0941206479778
0.237379773848
0.200423571222
0.168713271854
0.103808229942
0.266266393739
0.125122093435
0.147689717222
0.0895282621867
0.18117095935
0.17843390907
0.129226663514
0.0752867569104
0.0670855099989
0.124751169415
0.115063951882
0.114421177196
0.239315384663
0.17010184592
0.165740615125
0.159953719866
0.165803642614
0.0913529458123
0.0990683710961
0.38307312357
0.319666977486
0.174617309958
0.713654977632
0.384849012556
0.271410494633
0.114084505404
0.172306991681
0.328993027105
0.104028137048
0.334846645867
0.284213948871
0.118481571487
0.136418841204
0.407001395961
0.353987126916
0.271930270344
0.199298468903
0.167120998787
0.184744082678
0.115703733307
0.200512354857
0.244070480952
0.253749535125
0.152628763311
0.227438546956
0.291220317947
0.189460503189
0.259669768494
0.0997826165739
0.135978098637
0.176612349153
0.114787292776
0.10384787119
0.0968173393674
0.297107246261
0.0433001452392
0.0545963991973
0.0543885207942
0.272877241974
0.295635137782
0.274931806983
0.26792958499
0.231055689044
0.0932416622605
0.26396168587
0.158215375497
0.164641273562
0.142104163859
0.211666346315
0.106905485627
0.242865920125
0.141375232171
0.0978828018235
0.0877089162338
0.169022045135
0.0899349047036
0.11295990587
0.170940858086
0.158543244484
0.161060861766
0.210513580112
0.0969817721128
0.106527259815
0.152006533688
0.163251106491
0.198732345359
0.089512361736
0.0887490503732
0.190134935237
0.183627998937
0.108122588574
0.125683851874
0.23509341245
0.0793806955981
0.117644755145
0.132105984139
0.108389779773
0.844891076125
0.851330225281
0.215112276729
0.113255891421
0.131917573578
0.332069582951
0.102239328163
0.106188708738
0.210692636054
0.101177057938
0.115635776969
0.147998898839
0.189098664951
0.0945663789781
0.112342668533
0.133302009651
0.0852680567161
0.0808800890068
0.164618926128
0.216483964317
0.0968578185993
0.256984584814
0.546225820333
0.277060818241
0.121618986417
0.130008850087
0.143252375527
0.0902742838277
0.171192356084
0.164566950572
0.156091871276
0.829627931664
0.83804798756
0.806297458441
0.139083641002
0.532136329994
0.15049636646
0.240672057359
0.255482966848
0.252000271705
0.253288724713
0.106359318043
0.25171097317
0.19546795716
0.145380034465
0.110408957528
0.0928655675579
0.131746850827
0.154052594716
0.217400355651
0.125109859313
0.128500733669
0.120692427549
0.175786792797
0.159890768628
0.13241271369
0.131260036562
0.241186217722
0.217011448143
0.14492255134
0.170937278723
0.160231588576
0.0822878061713
0.0698244482519
0.186239320523
0.155310575771
0.15652056913
0.0758772880131
0.0737357761591
0.108592746219
0.173878176789
0.151422164152
0.204938881527
0.104014229764
0.100539968983
0.117610394012
0.203970524501
0.115434998107
0.260249370969
0.112458762483
0.217493998504
0.126757081979
0.173745129748
0.303227367159
0.170074334698
0.181892111995
0.196347802469
0.270150024946
0.161498708399
0.10979690759
0.119900697291
0.169101879877
0.0842111111178
0.115477399468
0.128035115114
0.153594015061
0.100139917356
0.0858836670774
0.0629721994302
0.0792171155012
0.0710689164886
0.13618058985
0.0965591411076
0.81270661812
0.730844235322
0.629121993027
0.172765881856
0.185098445747
0.211947680078
0.0821716667422
0.190445977347
0.20964428868
0.156734182079
0.244518439222
0.212986068765
0.19888075427
0.214709843468
0.233221764906
0.241743361493
0.11478399215
0.20257470522
0.211398914943
0.738721281139
0.387584664142
0.258597502985
0.144931988414
0.18303964945
0.204898675689
0.180812018641
0.23312940943
0.125014794485
0.204279287531
0.211675264772
0.20905876594
0.222900591111
0.149195846711
0.232513428636
0.23223940962
0.190467277828
0.150189827342
0.105707864717
0.174982424553
0.167834582822
0.168023235804
0.199432109121
0.17984238038
0.24149240501
0.1331702557
0.147131673906
0.180226551883
0.159740638581
0.181162402811
0.126655111408
0.146360487282
0.13703922084
0.125797644954
0.238224152337
0.204375174751
0.194954979039
0.18308393409
0.219977294555
0.230028516856
0.134060550532
0.287746589885
0.273622920958
0.166821148103
0.223615725611
0.157338136791
0.289706879005
0.169351686126
0.214951219906
0.170941217315
0.127737026837
0.15911895189
0.254879117022
0.261310501516
0.185134137481
0.143455557936
0.165151140707
0.206511349084
0.158227311752
0.172724246304
0.128703540425
0.149370603818
0.117139891831
0.12437556443
0.173343003965
0.328929896581
0.20795942022
0.241942245328
0.390250095865
0.303089632495
0.350303059537
0.342784411872
0.203271829741
0.297340218262
0.226779733893
0.366422268566
0.127829025356
0.329306271472
0.287287415422
0.324723225557
0.251218232977
0.373916181295
0.197297709674
0.646214779261
0.809628317487
0.736440815098
0.605355157468
0.359751953582
0.824458257967
0.68296765864
0.811434532872
0.679175188221
0.716587271858
0.264172146341
0.260695798601
0.310789433084
0.287036142874
0.222688973921
0.294970388496
0.364736315085
0.150120589734
0.180338025062
0.274109252089
0.335796236374
0.309818832426
0.220256377759
0.274862429677
0.134429703125
0.150276042418
0.362084277355
0.0811989246133
0.285848983198
0.105879794753
0.363752863634
0.321781798007
0.23578507542
0.175971074994
0.187061745208
0.16626071705
0.161168023169
0.145282843916
0.174843019963
0.168716972125
0.254334954064
0.248565617255
0.274856876314
0.142210322116
0.134880405869
0.780417401472
0.395768953193
0.323221148322
0.25182688022
0.238683725057
0.0974605266975
0.28655274923
0.167290130575
0.153304838272
0.187529870854
0.18149929108
0.207206820644
0.205111912212
0.264968054848
0.260108274456
0.136598243267
0.119638125906
0.362521444904
0.323814220437
0.270305729652
0.217633605018
0.211910576728
0.183300478644
0.0664551619616
0.107353766496
0.2281546497
0.198380493867
0.215871431085
0.340408241906
0.311642347682
0.219637900267
0.127824184957
0.229701714678
0.198176247024
0.145000899738
0.152352109757
0.140085835518
0.138781051199
0.474110502277
0.137774282947
0.151804020595
0.249428133349
0.125979865438
0.283978494251
0.106424819599
0.130527465118
0.180982763733
0.125697588453
0.148034699702
0.361114051172
0.131308719694
0.322529155147
0.254933799086
0.158418833673
0.151728477864
0.142108321003
0.197533377816
0.222142294166
0.141544107298
0.176910093827
0.19946893001
0.175024345262
0.15216011898
0.131739656873
0.278687679758
0.237725041686
0.343400232885
0.19576653991
0.145009677
0.243140698879
0.213339637804
0.253862147754
0.101341309081
0.0686802489657
0.088565639293
0.155375194503
0.319990313062
0.169903641525
0.130892723422
0.105883958933
0.161398132136
0.197107576068
0.275364678391
0.208937310601
0.243383135539
0.228308738258
0.257516171356
0.168014009901
0.293827434809
0.274440455208
0.204964820163
0.361509888978
0.190747716553
0.175752347709
0.117619480585
0.125537038271
0.16916817628
0.292226612671
0.131224555211
0.146522024823
0.155457779313
0.168637513065
0.15227657235
0.18682799857
0.217443049207
0.207134473739
0.234444112745
0.0945481928507
0.250186033462
0.259683165878
0.109539636347
0.227341475207
0.146585891806
0.100364888966
0.284483723514
0.22629532277
0.116474548895
0.224989036136
0.34438422118
0.345737973976
0.24049304711
0.0826363699439
0.221036269931
0.129238620825
0.278844559754
0.19175083028
0.169622559465
0.253177138738
0.19250553702
0.124450118611
0.336367767084
0.186597349257
0.218784719447
0.328290280413
0.19208112832
0.224940575346
0.136925961307
0.607433520955
0.639646233498
0.300691898629
0.130836503057
0.165596138485
0.250922748355
0.25183740687
0.109276202896
0.120973778683
0.126192469002
0.268143694448
0.281273111643
0.202753238636
0.33636350087
0.287833997835
0.280628576266
0.185368074447
0.253581282311
0.349233744816
0.317804001966
0.18121397169
0.137293048084
0.430601561206
0.155438503665
0.0832415402802
0.211575463907
0.228800426277
0.125268855142
0.258353719563
0.159974378928
0.141694053393
0.168651517607
0.207023321371
0.123379710568
0.182674452339
0.117539015649
0.447544384554
0.227231286751
0.220045212279
0.284256794898
0.178764039626
0.143508843266
0.32734708574
0.361907582588
0.273095891861
0.105542327785
0.222059467488
0.328771236306
0.292147481865
0.207805080765
0.178662547001
0.250327119082
0.21065212205
0.168372182632
0.211268518332
0.170415116965
0.164247421744
0.144647173243
0.115265337314
0.303240511039
0.258090867633
0.278095489681
0.135893877002
0.132163172145
0.107698016861
0.653881715919
0.478974986786
0.189855851418
0.213706925225
0.257486027741
0.111054344678
0.175683628755
0.120789111841
0.347682685555
0.193589208513
0.098441746221
0.107384490394
0.269574239354
0.330406089328
0.235495413835
0.31153667285
0.297590075109
0.230780587777
0.271196545757
0.189825570576
0.119679757492
0.196312769912
0.857274817868
0.858558350299
0.181337139451
0.258365864757
0.255585292551
0.163907525039
0.170516561691
0.180855616444
0.101804549895
0.207680957886
0.17740059279
0.122231916427
0.16540690391
0.139718968872
0.0977180222852
0.110622992954
0.247341018541
0.0846462941087
0.124817780867
0.0954199275393
0.352832184608
0.184520028727
0.220005086714
0.694917548007
0.755050336512
0.769241653419
0.406619994284
0.251588480733
0.122161499904
0.807083907365
0.770076594417
0.186835658648
0.142929640217
0.206370354678
0.172943001754
0.0810627213884
0.107902795423
0.199592993327
0.186925165956
0.203864910962
0.133330875637
0.174404919764
0.129657640413
0.388216876058
0.122897975646
0.181336322661
0.145894875768
0.183833925694
0.213201754459
0.190432422111
0.249761456055
0.274293068483
0.0723648393619
0.0517293546057
0.191049387828
0.207186020679
0.0822136298416
0.143152986176
0.240464031687
0.149339083825
0.106299549236
0.288664904959
0.28989693156
0.707410186638
0.757989278062
0.738127084523
0.863847544856
0.198913431765
0.238195440248
0.179946799534
0.183446154422
0.726472598016
0.850880423552
0.857151208653
0.739595808786
0.748759121421
0.113626239233
0.170314266783
0.203164338657
0.126659564952
0.19707416503
0.198441392158
0.40616647688
0.240214899065
0.318958993476
0.122350674672
0.131830844977
0.131029771385
0.114881672252
0.107893213782
0.107198883931
0.1605780639
0.754513169748
0.120043796451
0.432994530706
0.159045893918
0.773789349701
0.833682413842
0.320996787947
0.365357508523
0.193616457243
0.197631509719
0.3180887716
0.254612742247
0.240581869747
0.21647583809
0.248503366579
0.259584591934
0.310540943426
0.259245165667
0.185372137671
0.131824189663
0.257215551855
0.724687249547
0.231385049123
0.296212190865
0.297454181581
0.803564850098
0.614839058679
0.784386029429
0.772668955163
0.863901489175
0.747847032892
0.327564930163
0.16854612535
0.187768125736
0.392949249089
0.131207736852
0.211204263038
0.331090335583
0.210293171988
0.248344317998
0.171558969659
0.149285027881
0.172890753918
0.192892932868
0.219090083215
0.422202249666
0.218560111292
0.209938071536
0.145882258048
0.150819967974
0.185104012287
0.217923772889
0.117464021731
0.148549732755
0.178042272665
0.0532989080826
0.131029188863
0.132255178877
0.247967792589
0.266651444485
0.17406791526
0.153036101136
0.206323902845
0.198836373453
0.260140296419
0.154545329624
0.0806238689
0.0813961728793
0.109884301848
0.120093791943
0.167078275296
0.168534641303
0.177302537332
0.405222705385
0.43281784842
0.215615031406
0.142987025784
0.165379299937
0.169675038678
0.201198037783
0.283755171076
0.215281591797
0.135638842129
0.184333292165
0.191601870528
0.174378768164
0.129532461518
0.157651648334
0.160668627213
0.0920237902251
0.224946980981
0.179251318993
0.15889956657
0.143100773857
0.129498794311
0.132165732168
0.167718635681
0.213534204657
0.156759248745
0.222285671433
0.161026614349
0.113110407599
0.133185157249
0.171085108705
0.124555389277
0.230479018346
0.379232744349
0.274304722391
0.35639505911
0.168947871028
0.14325088045
0.118728926824
0.150222783274
0.15665833188
0.19392964291
0.229549905939
0.305291222461
0.0462827252666
0.0704716283984
0.123701683151
0.173361939985
0.194556559243
0.120339888546
0.0942012372979
0.179803942451
0.124590131673
0.281361181417
0.134462745061
0.136000368856
0.11297582953
0.10039216381
0.160636608602
0.209615698163
0.174551005049
0.192043396133
0.174441488463
0.365804893258
0.145669178363
0.138708992794
0.242566538571
0.26534563127
0.112301512171
0.222941371082
0.154494285225
0.277457838785
0.213146933723
0.193738841536
0.200710051203
0.224242523612
0.30153450473
0.358412845848
0.0858273138315
0.35364201452
0.334392199243
0.451694637355
0.213815749133
0.15840351059
0.0898349925247
0.146322695982
0.0902810827548
0.0824437517397
0.184306305972
0.175708926605
0.144251353388
0.167321660843
0.764588817901
0.776648987178
0.242464898479
0.276832796607
0.360094052453
0.189526712036
0.143976238929
0.153029299799
0.0693622970281
0.151005005309
0.214393460903
0.131229653304
0.185566297981
0.310937781345
0.0860389967623
0.79091684911
0.320110186171
0.120208643752
0.115664320494
0.127900600508
0.150489658381
0.184856506331
0.0881872885924
0.162465464399
0.220170420609
0.181227253179
0.195970804296
0.169045575861
0.0975579859232
0.192942690667
0.0979011584305
0.150463071836
0.193274186901
0.253863091573
0.198591622908
0.166869141121
0.182847252484
0.161320649724
0.152639723411
0.179844319239
0.120034691211
0.10445303541
0.19922592598
0.291055576693
0.151540256197
0.175949454819
0.198174931668
0.232586001294
0.229316017833
0.169412546865
0.186112495575
0.141882128849
0.182041460465
0.153057862893
0.117794633709
0.163782749126
0.153707316138
0.26950414896
0.216401034021
0.173405718464
0.298430645687
0.234843258352
0.171833627798
0.161606423005
0.152933555876
0.111855990908
0.153765401997
0.162526906317
0.343437322737
0.0639650956944
0.0666788948738
0.0995750625046
0.0820305826649
0.112981040387
0.160333549996
0.147670052727
0.23405640405
0.16506985182
0.117365551535
0.118278637877
0.127487534312
0.12064243344
0.0985096988566
0.133768755547
0.133690552848
0.12248229475
0.204067462283
0.189982410787
0.203150942581
0.139475875803
0.180612904316
0.212019321202
0.200026601529
0.181628797663
0.153029020388
0.133708606491
0.149006023877
0.100600236883
0.148141858697
0.174005944539
0.155852726984
0.077854465611
0.0666391294576
0.0913330518013
0.116543406728
0.129213474023
0.0485706683005
0.724167384449
0.683050267238
0.805446174433
0.109027939825
0.179851877284
0.148059299295
0.391757872784
0.34205654613
0.172755812903
0.227087914099
0.258115467537
0.221101446608
0.123794464994
0.157619444111
0.174512312037
0.312911270599
0.621544350585
0.232555318463
0.228520284698
0.100531209586
0.35729223467
0.153342359131
0.280523284029
0.198199369314
0.225307755318
0.167954269955
0.175825084986
0.349240881385
0.126851055871
0.137247669483
0.0980989697274
0.172814348933
0.11465352131
0.119333970651
0.151785164503
0.164580398793
0.195932052694
0.17187161128
0.080914255491
0.139925579661
0.0930833653568
0.187858389688
0.17498100785
0.3094663382
0.12791308201
0.170516315742
0.439378661175
0.231376625904
0.283874722658
0.136754084193
0.100873030103
0.230400660677
0.27733069039
0.295484241534
0.592132865427
0.274930144186
0.222302273351
0.229589131806
0.16312625699
0.76244665842
0.0983436063548
0.115518388596
0.387336962391
0.168328646397
0.185679170982
0.226887266712
0.191445526713
0.141653590761
0.246723792688
0.117764901889
0.0813867724805
0.20148361516
0.137764652344
0.119405500376
0.0881730045044
0.139300800245
0.155357121239
0.159805943119
0.158134918809
0.141788323624
0.121518210614
0.128315384371
0.084069471024
0.164904504635
0.196485110726
0.102213886743
0.187813475257
0.188832955899
0.138534089069
0.142857122443
0.186766399933
0.168317889454
0.160613718719
0.156834397195
0.249435380286
0.257885766493
0.20021314526
0.19470510031
0.38225325101
0.354801941344
0.298064300452
0.305001192999
0.251111783561
0.13871414699
0.352309556092
0.143356543863
0.0906419464314
0.124746623742
0.0917954468451
0.2304087807
0.210451288659
0.320975341713
0.349574523288
0.3595271772
0.338269297754
0.353144954357
0.348645615959
0.196410787246
0.13171377139
0.182255287764
0.805852090189
0.202415957389
0.188409088067
0.196090436668
0.188688288945
0.172965187974
0.236094521226
0.196850341559
0.177537050985
0.220492765538
0.349169126495
0.145703763954
0.419411310981
0.242346137963
0.262541175728
0.261926191781
0.174683632744
0.223089516376
0.156750646812
0.158403990608
0.195834927933
0.228955742602
0.221133668944
0.167943213018
0.133746349591
0.224380619127
0.222781078306
0.170029397967
0.137431530504
0.246416889638
0.132772613148
0.122270954426
0.201434779993
0.0871246933776
0.220564698136
0.236871587485
0.13098051446
0.205150291617
0.165351416901
0.241234847078
0.213061849259
0.198044060287
0.246999906128
0.297281755062
0.345248082151
0.221874662661
0.246680648962
0.249915623588
0.27579808097
0.350591633304
0.19541512231
0.434641503775
0.368693694272
0.249741203131
0.221808074917
0.21700731527
0.242976923342
0.439965377928
0.214451833311
0.177270529379
0.471354211084
0.207936210804
0.190421880063
0.177929573381
0.146020628708
0.239560161113
0.294600712516
0.199795768345
0.191361097409
0.24832183412
0.305310871958
0.286635795094
0.371833297862
0.210846491115
0.364204766026
0.231352289476
0.421253406656
0.320312257626
0.0923904508634
0.169998821859
0.145845057419
0.163114170213
0.176897587799
0.223223390011
0.148770577146
0.190238496817
0.663088977596
0.267725299146
0.192135182578
0.259242943053
0.114643546183
0.221780912271
0.232595372552
0.124398143642
0.188960498609
0.109914725343
0.213065810944
0.143659658824
0.141611623348
0.240071679953
0.0944101761765
0.276329797078
0.283714613631
0.225791693611
0.277941384813
0.283007654555
0.157533455052
0.282154661873
0.237844537421
0.183513680379
0.179914310961
0.348814861802
0.251494949948
0.204217541886
0.377272235165
0.114097477704
0.148905626937
0.285656844792
0.178823591197
0.117525665897
0.29938554586
0.179046038653
0.313422750339
0.164314986209
0.262215688345
0.219852777531
0.135678799496
0.266074781123
0.14288396974
0.298303960874
0.116237346299
0.151457105683
0.13878482998
0.135872425912
0.181807468096
0.208661330653
0.19205076299
0.296308349378
0.211485961473
0.230379765823
0.169869271138
0.297151490314
0.232855006268
0.177407089392
0.217739278414
0.122914526099
0.145563697233
0.182502259094
0.185159672646
0.309202978467
0.178981625871
0.174479937711
0.082088504185
0.207452057411
0.183064650196
0.251381461069
0.12404535478
0.195398916921
0.374208728129
0.305933385299
0.124485507402
0.289932039591
0.143587093742
0.153204380962
0.190470549008
0.112316244464
0.25552455914
0.387858712974
0.181691630322
0.241287694477
0.171199592162
0.603094754595
0.493668607575
0.0595655841302
0.12862257661
0.285533475142
0.142611596258
0.2291320897
0.14130958455
0.286283160208
0.322383792028
0.288509468144
0.08637762446
0.14789295706
0.212421135168
0.12510230022
0.10635273111
0.204580229966
0.16112758665
0.166848993328
0.377570383526
0.298693982181
0.15223798679
0.162603834243
0.20498576893
0.229183582325
0.17900275997
0.172061695635
0.194379572362
0.121633156917
0.126231661583
0.093329812642
0.152695085632
0.13589736064
0.112071651346
0.173109423039
0.144846089428
0.149942569213
0.107091625109
0.124543686005
0.21789974552
0.217709067166
0.165047808399
0.175935022545
0.363297225383
0.630489340124
0.186301290663
0.134709708522
0.225492402616
0.152237273553
0.210256831652
0.0732769127621
0.216094877351
0.256387179654
0.148636711694
0.10461271403
0.21998927086
0.0573863526206
0.154079973399
0.20340534634
0.158968931802
0.190350984127
0.193965689446
0.343807859391
0.177203306564
0.396612295128
0.282512373085
0.225665491686
0.326806826301
0.312802952868
0.198658626489
0.257941545848
0.14319167893
0.24815857549
0.190351091977
0.216771473794
0.214964456114
0.21563542102
0.176295691915
0.145525935432
0.224537468123
0.263553756965
0.0841015739367
0.0978174683012
0.161292751459
0.127223140527
0.18607466107
0.114003323377
0.1408749822
0.19514049252
0.239803038219
0.133489603244
0.167709020704
0.148302152706
0.155797026901
0.309614324315
0.15398662361
0.22268011761
0.174042749215
0.182484516067
0.187407481333
0.174096256512
0.200026601142
0.148958493829
0.100354238598
0.193750794135
0.136217412085
0.147851174145
0.124881464555
0.145169065432
0.12522283397
0.187763920665
0.0618147863421
0.215539732372
0.241812552281
0.143710257005
0.186432576675
0.196685637032
0.209404210086
0.103677017891
0.218900095588
0.525234473214
0.197125932124
0.173380678321
0.15370944889
0.259202253166
0.0897345659023
0.0874389774385
0.0860569561952
0.196170941537
0.201902039647
0.169369158742
0.229479353981
0.212190104717
0.135181611389
0.0772202529622
0.0702860104458
0.113069763751
0.0606489337863
0.073921662261
0.0634372173294
0.358337113666
0.14541507062
0.173882364037
0.184975617413
0.109805390963
0.108129013126
0.189556303841
0.257254286743
0.114436261623
0.145326776839
0.178006186563
0.278563010606
0.176436690284
0.184912128486
0.0815184026087
0.338326041603
0.200990363761
0.25260754644
0.0691477055002
0.0654343648878
0.225694955947
0.119839807074
0.0974293963442
0.203153143897
0.251692023408
0.139540241465
0.0982476534227
0.166830464225
0.166322695139
0.252390412697
0.0965604847976
0.0913653544227
0.233627171748
0.249325551302
0.229362729284
0.127544793865
0.239090000606
0.173051450154
0.253504068277
0.268373572764
0.193437028067
0.354828394402
0.0875495285592
0.304425347552
0.379284787856
0.31140243926
0.110274133275
0.32217316751
0.0826524546373
0.168867568806
0.179366480843
0.173460067672
0.264712339251
0.172845046648
0.165077186164
0.37563071437
0.0471327162523
0.187822496962
0.0723892097333
0.147908619961
0.223534116815
0.327581936612
0.271343254345
0.243813223002
0.213830018622
0.251983242532
0.16563612724
0.205032671712
0.213733589046
0.148661577949
0.1777057056
0.224518199358
0.18727474977
0.187422673145
0.168267671207
0.193315470029
0.155404324782
0.172497914301
0.178426093996
0.181363469964
0.174540732983
0.235421351008
0.162644617156
0.164908137594
0.179442932397
0.0964728649895
0.0593121665003
0.188341790922
0.224350947306
0.179108163679
0.132700901871
0.149919268483
0.205315485424
0.220566314834
0.266217943904
0.263350606347
0.182658052802
0.106416170487
0.224415983983
0.118986925155
0.294951734426
0.275873790201
0.15290728542
0.151580876401
0.170343321011
0.230266023967
0.159183351287
0.220864595664
0.143779206885
0.203938423627
0.267614760276
0.400073074482
0.254322439206
0.313831243824
0.219307439438
0.463608165277
0.190085951404
0.186140500911
0.331408559653
0.104828586655
0.138519652732
0.147626940774
0.115577402295
0.178925955304
0.093567430857
0.13288821888
0.253795560098
0.216161782638
0.229471925954
0.0917102746437
0.148063836925
0.191759287884
0.128645328431
0.400048074631
0.125980026897
0.114400507438
0.168858120049
0.133817186756
0.237610770728
0.285964900873
0.144648985296
0.180649507572
0.0891341607334
0.209377741373
0.124397684715
0.114499464993
0.242336834352
0.272417662352
0.29292819817
0.261180778303
0.108696297588
0.0888179874534
0.115856751133
0.173782983809
0.158336127545
0.170384882291
0.160572474902
0.191018882998
0.171415624038
0.249486398267
0.221354632915
0.319938675885
0.118736419811
0.138207796686
0.126159543652
0.157777944074
0.136751828342
0.213000253945
0.143479540674
0.441630232165
0.114276724819
0.0835808944461
0.151320385961
0.204849291257
0.204837571535
0.218834746532
0.311096107776
0.226719301687
0.258198837766
0.0878405431821
0.0888865822334
0.0964279350488
0.105525029044
0.117333719285
0.160916280936
0.102637568408
0.0655993238197
0.0744711320473
0.158192988298
0.185083908784
0.181679412503
0.176406534007
0.106205374813
0.253828906096
0.168890297993
0.112863505148
0.171084874675
0.0922235058894
0.398383369716
0.135415429846
0.25720126405
0.189004313116
0.21162611578
0.28255444636
0.205066973309
0.243771055691
0.178311838863
0.145254954885
0.191372925969
0.292986177699
0.159302091848
0.170695642451
0.161490148685
0.151693109405
0.183666013295
0.172482423977
0.124770095641
0.120628810958
0.11790486375
0.143388747439
0.247912106303
0.140690298502
0.215716093196
0.124098617959
0.254973003738
0.516821984022
0.263657435815
0.478781537007
0.23105397829
0.459425063466
0.212393008189
0.206249078823
0.199905057533
0.10747906979
0.180008322712
0.175159524302
0.0963848531439
0.26043758779
0.257703467136
0.226241116419
0.23306473977
0.174342390729
0.217812504478
0.214729370192
0.183616385762
0.123528302752
0.10888677241
0.331375627031
0.16513380245
0.195194695311
0.232742366544
0.207716393668
0.15099244694
0.159950808421
0.293325893285
0.357950198596
0.256632254834
0.139736401828
0.151174330638
0.175308187957
0.604189789869
0.0727040856039
0.143445798744
0.169713037541
0.119264857167
0.215975517377
0.239197699683
0.2068208933
0.139228662262
0.268987738711
0.354364869101
0.147111497849
0.136573914208
0.230236266842
0.315255626708
0.141129302886
0.137515241972
0.0682234464939
0.263158119539
0.12208406028
0.197687796547
0.17011251998
0.223213408669
0.191689531643
0.113027587893
0.160312022207
0.109908895275
0.113751310895
0.199988346331
0.117328395296
0.0986057883795
0.24112925235
0.290403072235
0.135653773954
0.114008388176
0.11185805571
0.159900547995
0.137473044462
0.144002109544
0.379899401832
0.176611207624
0.23708308033
0.162273266807
0.184350253244
0.127299568985
0.117939980047
0.129272122432
0.143822077551
0.207145476577
0.125859371526
0.118006505903
0.13589185214
0.225251418064
0.314083732594
0.13350517174
0.389482505721
0.389859455687
0.0726796942818
0.110846453151
0.28132035318
0.216022231179
0.27607528308
0.186516578501
0.170503370607
0.199748250674
0.280799629196
0.102014325077
0.109321362482
0.118936856291
0.148984460952
0.109698230885
0.0768211400303
0.381897813051
0.0978364871125
0.139347840807
0.0967052074455
0.218412987029
0.338106543651
0.155001876505
0.0520985715961
0.0493377443969
0.0906864712452
0.0802237236524
0.25554958709
0.198393806988
0.370528839676
0.162685586851
0.11670131057
0.274166681122
0.322499786673
0.258581504128
0.240635571532
0.239976403551
0.168765883868
0.224172505054
0.109448913083
0.356652598316
0.249834510894
0.337697792681
0.1735179168
0.191257727808
0.123883680988
0.168955380608
0.251652320029
0.201049533649
0.201138667721
0.218031734566
0.156691602872
0.169062604167
0.194472184031
0.197570056978
0.198781103347
0.0829910744317
0.220077377102
0.157628206926
0.195191436873
0.117125056562
0.197233949816
0.151928587251
0.229701104007
0.102787823969
0.14729537587
0.139887889037
0.209180239902
0.183539961889
0.153092055134
0.205468072661
0.495406580114
0.324638129189
0.212304241642
0.808235403359
0.247765962403
0.239217934954
0.172488020889
0.0880660707861
0.169423619151
0.183643952432
0.121739191429
0.15028823819
0.172317335113
0.161511963169
0.162704178833
0.194126792522
0.173540413031
0.158520813262
0.119196309266
0.196776822457
0.203594917752
0.185861662413
0.15854584486
0.129929792843
0.241474916505
0.153077141544
0.11163584217
0.165028379997
0.205560061003
0.225546283031
0.355506763839
0.157284056355
0.130500344499
0.149388548961
0.10577899124
0.177114076348
0.24075926633
0.145682683794
0.159616274271
0.23313787171
0.228229847296
0.154834328632
0.200545326877
0.162671566503
0.136297327933
0.310183208241
0.255196778497
0.125351653316
0.0833357747259
0.228541939923
0.243120321714
0.170793738267
0.121809923027
0.182360639662
0.125282212654
0.137575125235
0.121439031999
0.164881956056
0.138869854123
0.231429127697
0.258168991415
0.173857935562
0.149435393772
0.154691894161
0.142936754076
0.188118818438
0.16766184445
0.213080361252
0.174172351765
0.176586158142
0.186280058463
0.186012064269
0.231305561671
0.14167280402
0.208966191593
0.182700667981
0.161839858377
0.13260887238
0.242490723335
0.220480590787
0.180159644623
0.105855486055
0.12357057044
0.33319272298
0.173913607346
0.124665814953
0.232762378409
0.132730896822
0.213443051207
0.236897279339
0.207648759352
0.184999809403
0.130508351314
0.107568380854
0.17545670097
0.205223617065
0.161519236821
0.0874553829557
0.228994406369
0.130310692916
0.110042106019
0.127124774192
0.218205151873
0.109665349701
0.22238917873
0.0913082171078
0.060905387261
0.100495193266
0.221473388135
0.415963210746
0.421296594921
0.437630114924
0.248345230768
0.215366591011
0.114152035663
0.115893390642
0.463176188429
0.256668901313
0.149289184239
0.27247536021
0.157041957386
0.141609108185
0.190151186447
0.105079875274
0.134751268715
0.0921483357085
0.158068344164
0.141985947889
0.286448983462
0.0987777899889
0.33440421232
0.210565792671
0.235999993061
0.124557918901
0.117847999633
0.17348271016
0.279643671857
0.135244004524
0.365619218277
0.169183908142
0.0862475956864
0.152827110031
0.167403677586
0.128379098879
0.141532281153
0.100497731643
0.142823315017
0.0935410371505
0.167434218449
0.160100375218
0.0913047317082
0.164625662835
0.142431325693
0.207082123645
0.233291449796
0.337892727652
0.134596631552
0.126004145517
0.473832124176
0.0701045726311
0.256261607502
0.238472073652
0.229991327391
0.138658867016
0.263565304629
0.105773880691
0.150151831629
0.333176289431
0.148405519049
0.138320284327
0.101011972057
0.169557165861
0.189030783621
0.145404846283
0.150453408773
0.127828871113
0.171952502686
0.162219844258
0.12230711733
0.154644633795
0.0957620969071
0.195305403248
0.138009769364
0.0851116501176
0.151898062999
0.067281672251
0.14238961154
0.132669351658
0.188327505119
0.162862199305
0.226838083196
0.187562036312
0.17428122128
0.151385174931
0.0668060439111
0.189264869521
0.124006213497
0.143951441725
0.236335872587
0.150700025858
0.130032964234
0.147866248371
0.222196435878
0.140552772595
0.146431812946
0.271962178081
0.0731387029858
0.187461366177
0.112678605596
0.174622540992
0.160671240276
0.178557808598
0.264120264428
0.261058166233
0.140485917654
0.149635929699
0.0833686317807
0.137131411623
0.189754199118
0.222002574927
0.130923238319
0.0793076754785
0.132592377616
0.160643666662
0.126823778277
0.0867926108977
0.167550962354
0.139812929871
0.115052577492
0.175997459297
0.122901437315
0.116069861557
0.307375066229
0.496565992563
0.123549065836
0.124996115011
0.145505700551
0.154145285737
0.395387343832
0.156737952045
0.305242139079
0.231406587356
0.229492499659
0.203539574673
0.120740962301
0.107706671155
0.141618271669
0.115246266742
0.161278546304
0.0568907340905
0.348020224259
0.134126055824
0.136956555463
0.116688388014
0.0653198614776
0.114143733039
0.0775485269305
0.0870976471723
0.224922188779
0.112084822016
0.164203615783
0.11762276728
0.117184374803
0.0894045547608
0.237141968199
0.144382803296
0.195925928354
0.0877027497664
0.198891820605
0.21660379686
0.145395607972
0.158363046332
0.118852205683
0.176720738424
0.0794754772208
0.0557103490691
0.204677114595
0.150630675251
0.242837283245
0.099728128262
0.176134233212
0.0805749319167
0.0712396767943
0.141911296013
0.223950854812
0.103710519106
0.308303376952
0.230513480049
0.10604834534
0.130400572662
0.124962679151
0.224957376139
0.158432874881
0.0845233765361
0.125251717912
0.108952785584
0.12031593013
0.168225468361
0.0860619031917
0.123404467903
0.0921666364187
0.0841588776632
0.184088337361
0.166192912768
0.157391076204
0.160311699484
0.143708641608
0.186934820459
0.162617793872
0.0950246519586
0.183118174068
0.124742111137
0.116651537252
0.109288514628
0.168612665473
0.203397752994
0.0825502495318
0.183052595485
0.24828125487
0.0993733432272
0.239081865829
0.272672680658
0.0520921671513
0.0565641452134
0.0678692981929
0.194024421001
0.155437308407
0.108745229435
0.101408913489
0.17889807345
0.173767324536
0.193942037235
0.164090804018
0.116417620326
0.146606036965
0.123534149036
0.137332161682
0.106586977258
0.235674307528
0.357055391272
0.0766001650046
0.0928494094166
0.195695151998
0.206863741321
0.196578285877
0.248338637295
0.190160627943
0.284807816961
0.0834598195907
0.139219100784
0.255607282096
0.247647487013
0.14238372222
0.188350185642
0.233199979895
0.14096878504
0.128039760178
0.223096935894
0.166532772202
0.236319078248
0.248200265158
0.203784707759
0.174231668593
0.143731974837
0.166211746493
0.257685550409
0.307419728471
0.151107460068
0.134141519925
0.119136636059
0.156211882559
0.153541690984
0.161797308753
0.132047478018
0.210733511117
0.13064766451
0.154857169113
0.170330419633
0.207913587109
0.188702060849
0.260533316463
0.118792778244
0.126419304661
0.110862635093
0.272744634602
0.171358039258
0.248699942179
0.297862048734
0.196371772612
0.105162324111
0.191671903578
0.132106299713
0.11624752189
0.0994542112149
0.156147327308
0.153824054348
0.103917210898
0.13885517759
0.256350782349
0.186635912828
0.119726208145
0.260532710475
0.186062616369
0.570017449384
0.396370019897
0.201608557533
0.368433680956
0.594724841625
0.214360057575
0.665214647557
0.270820349505
0.188539936327
0.226735434963
0.320699066407
0.311219416542
0.190626561399
0.0715677893713
0.132377954435
0.148606314977
0.121851864214
0.171562985783
0.165757602118
0.25313857751
0.20312750328
0.240653579785
0.217047425468
0.291553306133
0.242002938513
0.184609185036
0.269251374943
0.155525247477
0.126670291508
0.127826613367
0.170524594175
0.184078949258
0.114088867708
0.247088011389
0.192182269627
0.186875995786
0.320708623832
0.19573865438
0.206696548346
0.216948570407
0.0643225398329
0.127882457866
0.215088294975
0.059346176139
0.160642273804
0.148545706263
0.321288743828
0.408776015719
0.332952985834
0.14145967604
0.126023578353
0.236866142813
0.0848635610331
0.153966182368
0.142799810004
0.233049816644
0.08035934166
0.103955186263
0.379158255609
0.174326347597
0.220045034689
0.258994268068
0.167486320914
0.115424390041
0.218949768096
0.108787953303
0.0936667818461
0.231987077425
0.141332976121
0.179039322844
0.109009416662
0.243095504172
0.225253698209
0.275744922237
0.13932022821
0.119260239506
0.198006261108
0.242374901964
0.176836543828
0.181373582724
0.197427004403
0.276392062091
0.103246741939
0.177973145925
0.0974569216548
0.238165452779
0.0719613503427
0.198152099048
0.435296615403
0.334829282748
0.169958894979
0.197007756461
0.173329721252
0.23518364632
0.273908015192
0.116974488411
0.447278252926
0.153342672005
0.259012189187
0.282423697653
0.297228063888
0.367325454425
0.370282630637
0.385180123414
0.150435163138
0.217519106716
0.183385296423
0.165441498372
0.286646763667
0.226142530095
0.245305214402
0.125066294401
0.091944470195
0.196795420236
0.128586509624
0.163323385765
0.152635087889
0.0919467438755
0.112673820605
0.227717755828
0.126302591253
0.204400770483
0.168519690087
0.135450642616
0.0998033090509
0.177225275857
0.102511963895
0.115975927202
0.0851346929519
0.290781656919
0.294004078466
0.143930610472
0.21693127792
0.31879028852
0.297577059357
0.247776742475
0.162470157657
0.321597018986
0.148388522923
0.218594396918
0.197731781566
0.284830804382
0.165967829805
0.342068772621
0.340936519117
0.0888181824342
0.0975152624222
0.191392939791
0.190724033767
0.185017574545
0.151728001615
0.13921720939
0.0863113215197
0.154460188306
0.136005465778
0.127237327923
0.109313868857
0.173177705524
0.188774150241
0.134157210757
0.134749596663
0.167880853327
0.143187491688
0.201155025079
0.249466179584
0.0734562598331
0.312011270154
0.256327119876
0.316240250691
0.186060066928
0.226490483788
0.141588274396
0.152954063148
0.150056358204
0.0780112825722
0.289752524925
0.298869691912
0.201464157469
0.270339052106
0.177570205014
0.207545995942
0.347696149904
0.101994229524
0.143023403565
0.221096427254
0.190839193618
0.200252645245
0.18588302405
0.309515335925
0.186710286429
0.200407676668
0.135143727751
0.322070621811
0.088318314902
0.242600057765
0.142573765571
0.324303262901
0.274486412184
0.238933586465
0.149795581624
0.172293898785
0.227277266816
0.157134941611
0.200571986135
0.164247838131
0.188674303914
0.146343820976
0.109614041282
0.162815210514
0.207966799387
0.18241229079
0.162975473738
0.1619662357
0.13199110769
0.121441949552
0.141323689544
0.245872841382
0.241335566037
0.245864988662
0.164379474568
0.190163339597
0.228926327893
0.169232534115
0.186858630108
0.225522629673
0.44577320556
0.393987346661
0.250185669842
0.238248821134
0.30352449069
0.217427739105
0.17529244513
0.251765326838
0.216640330891
0.287392460753
0.155999948174
0.11969118055
0.177181831198
0.157482340167
0.264281920189
0.279927712469
0.348974022812
0.117471113028
0.215488971647
0.164530162701
0.134265099564
0.176578096341
0.214485177503
0.0819213569287
0.0646212164562
0.104196664722
0.0876421006344
0.103925081873
0.0896882379622
0.169328288156
0.231394926969
0.230861256143
0.14236601423
0.17448567077
0.0568985362451
0.0881200357326
0.248875127262
0.163591979267
0.151158323348
0.363590470074
0.352116160907
0.137442281006
0.183064676991
0.179285488641
0.119068179343
0.202798614132
0.197646515348
0.0769062795025
0.303927334704
0.140245144332
0.144177427195
0.174273832131
0.225335148609
0.115745685693
0.15074802281
0.151242496994
0.0641031810919
0.123290804879
0.167686556463
0.117480767417
0.144901896616
0.155495712325
0.172158674385
0.110394943499
0.109041685297
0.200765954293
0.162272462219
0.28391176574
0.369250243323
0.295269437
0.264990995565
0.0899023726321
0.122230614102
0.190564841555
0.321600098201
0.177800884825
0.248838115775
0.0459584929268
0.174511436939
0.123143007669
0.23256271299
0.231232632127
0.239751350622
0.142038350775
0.159735585214
0.105686220275
0.160592380036
0.256675220391
0.168640427586
0.340635669611
0.2176975257
0.21120055045
0.272070665482
0.26301482081
0.0803593945465
0.249812080164
0.168910438633
0.258649426273
0.112348963275
0.100451218001
0.0968293122328
0.129745231398
0.282883507517
0.155905432543
0.227604459494
0.191680841592
0.140425828012
0.107028634879
0.281746996427
0.279751800243
0.160539799243
0.148595954605
0.171460288071
0.354919445467
0.534740051602
0.089155999103
0.0921596028527
0.16380194112
0.154564875966
0.135531390247
0.135200451852
0.227881817762
0.137483052995
0.0926276318356
0.0827289766843
0.102770219303
0.230433007782
0.097657516078
0.170333750102
0.129584689308
0.151594977922
0.155948944962
0.151820007327
0.100549486155
0.139257167492
0.219210871947
0.211756889988
0.171982100111
0.141477478292
0.147545255498
0.373671691447
0.305536020499
0.201107544477
0.0957192538345
0.106715086479
0.179229335469
0.265703332929
0.124307886983
0.274231883843
0.211231369484
0.245503606463
0.111341813033
0.120001012924
0.196178355021
0.0859658966303
0.445621665216
0.229222006575
0.231378603559
0.208752766317
0.167463997172
0.124961162758
0.268782536854
0.138795204746
0.183480680643
0.134989867169
0.166303729142
0.127924211444
0.105940320481
0.142788681889
0.137034549592
0.137772980578
0.115108114681
0.125182051192
0.117753855238
0.220194001181
0.156752665168
0.155882623803
0.154567041059
0.106424355821
0.124537890908
0.108599883377
0.185856331047
0.0563276044755
0.249430142719
0.28572747492
0.0935964844983
0.133822033653
0.136345332748
0.0801861551701
0.188729016651
0.140585843207
0.232283155513
0.246816979338
0.333918824492
0.16460023929
0.170471637322
0.200123112135
0.183066362924
0.101731818014
0.144645711058
0.164288485387
0.256558029991
0.245611229242
0.120395892436
0.142687396051
0.094700935403
0.099776147046
0.0759185783462
0.118651813929
0.207454896678
0.150350080654
0.0829967403906
0.200556980458
0.410812336045
0.174924143647
0.143708565555
0.223450232789
0.105610345319
0.102096195779
0.228598450978
0.313341758132
0.129069779436
0.518721275381
0.38967157059
0.487072778822
0.259124116685
0.295566236055
0.220047994345
0.147715071061
0.094832307584
0.198231856484
0.132764067115
0.134791320955
0.137161769589
0.190820793332
0.212745763383
0.109068667397
0.106950998092
0.14259268135
0.167136762181
0.18595239604
0.123221462407
0.12377614777
0.237288855991
0.192281162148
0.246784942307
0.146505865061
0.117282043888
0.168253549024
0.524125202538
0.299718642924
0.225029857953
0.250644135922
0.264962744866
0.600325946974
0.17502288348
0.504529546992
0.176720486841
0.145558060274
0.142074690247
0.226176461407
0.280430789672
0.189534374533
0.133412237189
0.28442147084
0.208905009089
0.214208270774
0.186072499401
0.115684683928
0.228598826804
0.282023741548
0.361104755732
0.198431410933
0.255929062091
0.261722129391
0.200305906042
0.179252922173
0.141880188146
0.100410138335
0.0855027349747
0.195169125323
0.1912884975
0.191156275619
0.321467043392
0.251645015688
0.286955836955
0.275663609277
0.29835930461
0.171428213665
0.250606494345
0.256960143171
0.21552105499
0.652695008925
0.33094470927
0.228857334621
0.230538293809
0.16539525268
0.332428037686
0.241138187518
0.247853360317
0.179460016982
0.349276708161
0.219390651223
0.351693828305
0.212761483336
0.220147938528
0.218016797495
0.161588146728
0.293111566334
0.227845931856
0.252871685532
0.357716005398
0.0931277989517
0.879220662547
0.871763199428
0.909861471451
0.355915367465
0.245675175189
0.335681882738
0.262662776545
0.407462459662
0.169994736639
0.902941099181
0.317364801621
0.328249708492
0.615668072199
0.541049614971
0.208389078143
0.20651670973
0.244908674651
0.214271555423
0.313167116994
0.218248675906
0.167370604873
0.146079445455
0.394685531713
0.297684771085
0.170226409727
0.22629532277
0.726596193642
0.175523393149
0.189136541908
0.331757476389
0.260240033336
0.195242807168
0.22771762799
0.26136608509
0.227461863968
0.187935682764
0.163377052477
0.380514997042
0.363331698086
0.480257013436
0.422741594855
0.251983801799
0.191339387069
0.178766477908
0.157471934837
0.243611691018
0.185711501455
0.182584650235
0.150325357732
0.230915782756
0.909043333604
0.566414281191
0.277717016718
0.337296062143
0.277793220759
0.241677630553
0.174259254529
0.0865615560864
0.19607017667
0.0823276450372
0.070728184655
0.305742529143
0.326662628135
0.243372520669
0.136505507561
0.613193708701
0.800691838032
0.143680433329
0.171783175396
0.261331497596
0.722575838272
0.832666929615
0.892084709166
0.847823983304
0.158240165703
0.145029824589
0.643073083612
0.801664552057
0.213645169396
0.893287812851
0.119997301517
0.281755918751
0.332139620322
0.293114727229
0.254721786963
0.444735075155
0.241320020955
0.194545336272
0.272777077467
0.300672845053
0.257489787681
0.304902941392
0.312363496408
0.273401990394
0.178806709286
0.218481786343
0.0626578771544
0.123191661736
0.0704004574165
0.076624636636
0.0745369348682
0.0724777928063
0.143624865279
0.14030911708
0.101188949143
0.145202619477
0.135209489112
0.171010743121
0.171010743121
0.132952774763
0.0709592807264
0.111530660429
0.156710403643
0.235596322547
0.0873310308598
0.245152926999
0.455972195904
0.774555801384
0.173891855032
0.0831304094647
0.12163701615
0.222893775499
0.135991162966
0.204158531309
0.323303746465
0.240578531207
0.109494331313
0.701487737692
0.186304426989
0.236620106764
0.316196530996
0.195662325178
0.295497880019
0.241867826808
0.185761503045
0.201526231076
0.26138115424
0.228495256588
0.211450308887
0.304210623286
0.768497223415
0.692490549752
0.277191479762
0.0796504983626
0.436204670961
0.203961784708
0.408627834085
0.215179662221
0.291473531761
0.125324200052
0.0794549329591
0.108822925311
0.24686978034
0.128158090823
0.377636036598
0.213030922965
0.289012460648
0.153691017998
0.163650990709
0.161806843827
0.105581029374
0.130024849655
0.115589885785
0.106249968373
0.179242932816
0.154900166676
0.169398539004
0.215630989862
0.168075348686
0.195286285769
0.431416362613
0.752103194864
0.145199292901
0.518385000894
0.168072226835
0.208601848165
0.177043993504
0.183995372079
0.198327540955
0.166378922388
0.242256112308
0.219402162607
0.376600694465
0.282869250712
0.0613125380595
0.142823068525
0.163133840224
0.193709159002
0.851139818894
0.805504106954
0.781348896097
0.140175570651
0.110186567173
0.765179159106
0.792869524572
0.186719338561
0.201988911153
0.307929218456
0.191156386266
0.800326000804
0.41637729644
0.235819113786
0.162928888987
0.262651585835
0.240849917503
0.244577591774
0.204722031173
0.139442106596
0.161105478913
0.318486629549
0.237032447733
0.282458481058
0.279410692532
0.630053413012
0.737717724974
0.665346960331
0.719587730278
0.753738478048
0.821631072891
0.849698751336
0.733406540592
0.303718108022
0.330363987026
0.291787112058
0.525591563493
0.536793868567
0.193580913205
0.203202633314
0.127902486339
0.147607793023
0.192548049933
0.130930422209
0.287491760155
0.241040303289
0.14976544699
0.203353750102
0.170245441534
0.282206144391
0.22946815512
0.121088410478
0.210618954275
0.201085258477
0.657954298975
0.31445879311
0.407019225167
0.141377737125
0.239277469916
0.172628958821
0.152413221147
0.232867931324
0.289209151437
0.158747841401
0.689055683426
0.773639817259
0.775103202105
0.605530841285
0.137182405218
0.108223124586
0.304256099678
0.585059368407
0.144303149007
0.22728976109
0.728063339495
0.783328565528
0.859846163211
0.281707417555
0.163521433376
0.591692809922
0.730159505424
0.338967450995
0.262660884165
0.31143480215
0.201470108813
0.313264741417
0.274813839346
0.696866547775
0.802053602047
0.853164584286
0.761266166216
0.726596193642
0.685418459173
0.368187026034
0.281577354636
0.735909664339
0.319007310952
0.241963165106
0.43445919626
0.437534458222
0.797550870371
0.115307336246
0.161282947122
0.300170807266
0.280880540804
0.748977501655
0.657396225985
0.808686291402
0.794086950442
0.259221917014
0.166759845463
0.751262037018
0.178445612828
0.12354665446
0.166321601677
0.776331209602
0.140077416037
0.2856233172
0.174504924321
0.071021877287
0.128198285293
0.192799420262
0.0957649453561
0.323629431069
0.155925788429
0.281450944458
0.369269905775
0.10877571802
0.589356071038
0.169759855986
0.223349289914
0.135027866758
0.137420221117
0.257876697371
0.190472911176
0.236302568857
0.199059310197
0.199914962979
0.829461415164
0.89245076392
0.696195354016
0.838248635455
