0.126999201759
0.0646106494254
0.391585581215
0.15836955952
0.888354477238
0.47908138969
0.0134772325849
0.292566847277
0.359895086705
0.520067720663
0.0237164901556
0.180649682679
0.163650188812
0.716090753705
0.0699613130765
0.628061035711
0.386496988265
0.0354493369348
0.172309084064
0.0656939185755
0.288534764598
0.377784512229
0.102456800749
0.103559910887
0.11538728654
0.00611930958983
0.122749051368
0.447951538525
0.287810833802
0.423341457909
0.922598975461
0.872424693049
0.107526835296
0.277379080281
0.59568907034
0.0312816215014
0.841908936746
0.045237311233
0.0402106911766
0.973890200913
0.654225914979
0.326926072988
0.603336585724
0.16025804526
0.657750862996
0.838148313619
0.346017046364
0.787223431527
0.958762920508
0.242299271114
0.551971519866
0.127086516077
0.0514083825059
0.467004001403
0.858200089544
0.319611383902
0.486891222356
0.439502870424
0.0336879376712
0.780574280591
0.440028950677
0.982960262393
0.951168183647
0.953663778533
0.0184249903102
0.0663243112672
0.0656927200722
0.689512242682
0.402896554588
0.43962069758
0.458374089461
0.842785299812
0.749448830195
0.59373688633
0.410486122091
0.10503756873
0.012357065068
0.0967463148183
0.57559848334
0.00847547018311
0.00616016097204
0.348677877827
0.446670329916
0.117048422462
0.535699296166
0.476503693845
0.729446833483
0.99332015971
0.0672211813245
0.217154163912
0.445430476732
0.104660180413
0.197102879181
0.491882952706
0.354394544967
0.570787766857
0.275736147016
0.0315481704311
0.9773672114
0.0177254599602
0.131728385838
0.102119068118
0.189658973721
0.0394180776691
0.0149255325986
0.16295256809
0.877397340729
0.381552253126
0.394390562464
0.594089700924
0.86028181464
0.829365570755
0.12927141044
0.0448257905386
0.378313021419
0.0618327557657
0.724088733664
0.0145016720395
0.0243241735615
0.0396047128103
0.0182266200099
0.558136857005
0.00301529270006
0.787399762497
0.276339580003
0.942442365694
0.939075804549
0.936577832233
0.967534396989
0.854491250219
0.138470336874
0.11356190759
0.0721835679862
0.0645534645173
0.344545105386
0.799266390236
0.661114664252
0.43390926711
0.846028078742
0.0172580842461
0.0678055462043
0.0190701286152
0.00890420135821
0.95319882953
0.0320737030868
0.976117811851
0.0663099544525
0.2699710202
0.835581586799
0.202818347465
0.829873773477
0.534379901582
0.96481960165
0.811333551802
0.109445064991
0.250375805222
0.484877342123
0.419816602131
0.507588443531
0.233700726055
0.243661379688
0.35926393351
0.0960220284732
0.129159638903
0.42268692975
0.0211725564368
0.884814369088
0.577839679826
0.97333054907
0.279004084691
0.576952915983
0.550691154847
0.775315205963
0.633633354798
0.0433533494281
0.143662790462
0.125428039096
0.146628739517
0.220480752897
0.471354097883
0.453472788396
0.840445352828
0.947913227464
0.00614934596399
0.194650078194
0.448840065623
0.988787977028
0.0510045002392
0.00897259653032
0.024644645354
0.591244448855
0.0174160775986
0.701264606304
0.12871426016
0.0471140462476
0.323206492339
0.110775900545
0.0143621909842
0.414943556039
0.984773495619
0.00564567485151
0.0630950254265
0.00284028113825
0.125447293957
0.85067553599
0.0372630965936
0.0656323302803
0.0371808506599
0.0701899090822
0.0209123270399
0.0379381300216
0.0239413182547
0.98273294773
0.0297965840231
0.330230335803
0.0472747295303
0.0850754086976
0.126349397361
0.606829035178
0.313853008328
0.00405652770476
0.699423628569
0.0364542633602
0.734087748798
0.255729060077
0.986046983373
0.46772936347
0.264449076615
0.641789002447
0.765226494936
0.119517902294
0.0331650989413
0.167836117129
0.121908302149
0.257180056335
0.590266445395
0.0278382441743
0.910466734049
0.0201580672103
0.0290326496664
0.0621576411824
0.0176008225428
0.0034654394892
0.158649170742
0.540026667887
0.759821220385
0.999354282734
0.99635488706
0.435151871823
0.538836629881
0.954070171507
0.422784665474
0.0738722577653
0.0953648550648
0.13838277129
0.0288411344325
0.100427270358
0.122145693216
0.127914024805
0.122581090198
0.309021126145
0.191296218054
0.289284165937
0.802111498117
0.666454876643
0.0451422924741
0.689794194451
0.127947002621
0.862557964004
0.168557014965
0.247058795221
0.0296264232035
0.0281225111614
0.0465111729852
0.124306972462
0.0244172846668
0.267332256999
0.789955516645
0.0308915793093
0.067076586158
0.724360434592
0.16165883402
0.29062920151
0.354228860725
0.236646670823
0.46252208431
0.515151116756
0.011242056666
0.0397496709025
0.754441983434
0.625139823703
0.117341076216
0.547921316837
0.0989914945474
0.0130621842978
0.473394294775
0.589298826858
0.0447342446111
0.822193318209
0.280133003662
0.0173816848185
0.0757099519677
0.476594677266
0.116765185819
0.442907794242
0.250262191913
0.0895848488903
0.130453114866
0.518015723968
0.857161971772
0.0406185173629
0.013793413785
0.564827761856
0.0286809308492
0.257879683903
0.38739212605
0.0868187679894
0.0958588152913
0.998178140335
0.453773826142
0.601188063402
0.113908021286
0.314695967751
0.412821168088
0.0404211568062
0.705143899282
0.236672887023
0.0209780262975
0.0660498996886
0.992704459063
0.0618934759467
0.0301870630921
0.606179140726
0.852120164174
0.0742059569378
0.018254030848
0.980511717813
0.975659195774
0.226337493459
0.0197056874205
0.921207299786
0.528672262523
0.882188573574
0.975105105584
0.677654927044
0.554929980963
0.0121463976207
0.0182260004548
0.0472483158308
0.0347679828251
0.886179922048
0.236007676899
0.518985679347
0.198050004426
0.465400382952
0.352176632957
0.0348788575308
0.916280922007
0.0812274265613
0.793838911027
0.122852637381
0.086567467738
0.974639189436
0.387716798338
0.976643984225
0.511626353884
0.602357781545
0.914272019027
0.377879959347
0.00474941003681
0.136870724361
0.255193630251
0.254241034233
0.0508873812078
0.156890790616
0.685413856729
0.436642525117
0.941037057935
0.136284956943
0.506337565411
0.00392312431011
0.204538828658
0.26250440867
0.368407863341
0.991232383067
0.0585211264993
0.971789062148
0.266123159074
0.0117346473506
0.569156359147
0.232152048974
0.00338168198167
0.00105230001377
0.00633759232688
0.799994649576
0.973816009441
0.471689002085
0.218645456356
0.174855852215
0.890393277897
0.195249208721
0.0334164781851
0.830191828196
0.328061881577
0.0816483733769
0.92969278351
0.503176208661
0.156805227973
0.935970041772
0.182459588899
0.073171185569
0.0165355412666
0.991152658393
0.574526208803
0.0458818577868
0.46136890358
0.0577572617412
0.946274961082
0.92006249705
0.445855554035
0.221268653089
0.290773021379
0.526305932858
0.741954620452
0.0110174623438
0.038107710743
0.731511963848
0.409348648424
0.993661817499
0.620973881347
0.0685172015807
0.0571322606697
0.00353266525571
0.0291102316146
0.231375440251
0.0791002207455
0.654611365407
0.806046043257
0.99742390898
0.973131766276
0.0341882947129
0.0129106363664
0.529921797727
0.105832549543
0.488318692099
0.148723940129
0.76921833851
0.0263525276166
0.11055346895
0.105693773221
0.300587855611
0.0191982001529
0.0640751825856
0.56942635172
0.56379116048
0.38607716505
0.267254136551
0.00858921900321
0.104408872665
0.175666067675
0.178968616899
0.120825351807
0.619080841773
0.201238554067
0.814957071922
0.588862965286
0.29352114945
0.163062191963
0.0815327110757
0.86708601302
0.441772421842
0.396750193091
0.671294430848
0.959637076244
0.79837797316
0.779337766542
0.326701423361
0.669940291919
0.076954908621
0.0755194946444
0.0210796144046
0.953988394822
0.377250908287
0.0375435349102
0.494884340781
0.54789390326
0.0524496939794
0.0824095205643
0.0823783025585
0.160454099961
0.0700867100767
0.389653475455
0.0271727337382
0.0170824759293
0.0569312657998
0.348458436622
0.180151112199
0.112209695909
0.0335970099392
0.344361047739
0.915600169979
0.621753862381
0.136455658938
0.407896968445
0.405587454442
0.486554369324
0.237083703747
0.142846639904
0.0511034947468
0.0401675743314
0.11653878321
0.0957384108552
0.344886514668
0.00961612566707
0.0232005368768
0.0142083449222
0.481932139761
0.0302201832805
0.0458091422632
0.0243933777565
0.637165668943
0.222563151106
0.864794816171
0.918953277264
0.0289495788087
0.124102250166
0.179541233438
0.565315849307
0.575127129164
0.512697621852
0.265965186738
0.0550886058551
0.730499830851
0.756065501005
0.501241637746
0.169679819017
0.246895299574
0.108307343865
0.0773328045135
0.306167935028
0.304659262159
0.20071780172
0.174445164028
0.46886725625
0.918239320224
0.765487907966
0.273843936876
0.00598490853896
0.205039344426
0.645509005488
0.613968762391
0.711259454418
0.00458276663567
0.130186192237
0.261836441682
0.184729748886
0.0636214024569
0.529670671303
0.844013470159
0.045334285973
0.617434664104
0.0950627836716
0.361464466188
0.0256628551696
0.0138000775295
0.00489815977408
0.960710942408
0.0343001827935
0.491188439222
0.481934861328
0.0150834461728
0.952681572714
0.00533725963296
0.46837049055
0.118917961041
0.53610532712
0.924487799554
0.154852934281
0.0317312814625
0.0287427033486
0.126330174239
0.957948681205
0.338065903013
0.181129482806
0.347484137849
0.146089771221
0.815992233822
0.0242718991136
0.971820302601
0.0543536844764
0.00579937762941
0.946888736869
0.0604478218012
0.0438039255963
0.658674266159
0.00970005264392
0.011337766472
0.0223828257658
0.199597444774
0.532513451937
0.156151360721
0.624896882791
0.294417635524
0.0554478793861
0.0451853670559
0.0897791505065
0.210031566484
0.157362694828
0.0189572235926
0.0983618729367
0.146579253168
0.0156785579313
0.246619455502
0.64173876259
0.968832175059
0.764875103092
0.0306091991891
0.0236190183895
0.0282303703631
0.00868182446369
0.113802238217
0.0112933289631
0.985828660669
0.397821231646
0.554152734807
0.0749861321273
0.121464352518
0.0368211290387
0.0292930880962
0.00276461737768
0.0365329316397
0.110041757333
0.905627847274
0.852010392891
0.0504934761232
0.405620353514
0.335815702334
0.25145274553
0.716948258349
0.117540439262
0.307638240022
0.995231431144
0.782155489738
0.987358866773
0.106245213508
0.650869177696
0.26245032493
0.790877266613
0.987440766618
0.918038338351
0.952449403732
0.3113991738
0.0524488838125
0.877651351172
0.385467450259
0.107194086298
0.0546549296929
0.016434247026
0.366897488315
0.0867078658016
0.500899345822
0.0145086472122
0.151175904457
0.0739892154222
0.0079099761588
0.0269293341678
0.152685966305
0.503646224818
0.488035058873
0.0425901057568
0.0457652916588
0.214138254889
0.659472670979
0.0161033908403
0.188955804815
0.398113675852
0.0277583748924
0.274219639716
0.0535260015837
0.189372829469
0.337786246726
0.801863522055
0.349694713484
0.293213775754
0.0368472462687
0.0389426527791
0.612993514486
0.53959272714
0.66897570139
0.50409320575
0.00389970710372
0.0234263200885
0.157603465936
0.336475199862
0.183491427951
0.079373084396
0.00185462115339
0.0267435713777
0.0348547741924
0.921174631941
0.370078845137
0.470237035524
0.0539542298812
0.023005099573
0.272292973232
0.538271546064
0.141348136356
0.201546752787
0.733538738034
0.07362261881
0.602526021435
0.049131224841
0.347097429252
0.860677945125
0.904745041525
0.925111008816
0.48045299786
0.0280895806957
0.119750770539
0.778916065543
0.0391010565627
0.581799812616
0.0119588169243
0.0224596412288
0.141462128889
0.99127661271
0.652377547998
0.796496552626
0.103414139702
0.379340858573
0.0270229842675
0.0392603012963
0.0297892575118
0.378346232142
0.0334407667233
0.292111913206
0.427566577092
0.137289315073
0.136047165514
0.298945529512
0.408037890185
0.700437647159
0.478063541759
0.712413409659
0.74366086916
0.798621249457
0.226742004553
0.589341992273
0.59331870683
0.0262222961096
0.470542463222
0.0896868543078
0.638783295666
0.500645503336
0.387003737656
0.0117268657895
0.186353492519
0.338846652724
0.0139959356239
0.94794879198
0.0552956141583
0.0148146705064
0.236189499658
0.279423012673
0.927467797018
0.69924735342
0.177181227364
0.916191727468
0.0144061202138
0.558726712342
0.149209784479
0.544054128503
0.122955713651
0.37018679792
0.294294912234
0.990130449638
0.0620825665717
0.17878670959
0.0112446816552
0.0162370042686
0.0756781323308
0.0154477236705
0.110948582166
0.729326361091
0.0463186399714
0.00725111945204
0.017174391168
0.397296268619
0.392892356155
0.0338744572414
0.406883352907
0.61261819788
0.0585898602455
0.875051054183
0.119118549506
0.0460740519428
0.433797884192
0.346472084271
0.00584433324713
0.0250153439287
0.37996130926
0.542877260454
0.0642367127969
0.253166340673
0.146403160957
0.00164362324165
0.00170403560508
0.303103539999
0.89682066235
0.00782517445717
0.186148062195
0.0272641764814
0.0237922356709
0.0497719632055
0.00397739502445
0.0368751358257
0.207316912258
0.546532486147
0.159822916001
0.0499036898355
0.0180690236667
0.0973806699374
0.191800523623
0.10659125356
0.0140665207766
0.554686067424
0.00509388654699
0.149276079681
0.0692302179865
0.0775406827405
0.0124850058826
0.521999799568
0.0720589178577
0.384958145803
0.833298670832
0.0283733701605
0.124164859985
0.0194794307385
0.0110676553718
0.950503265029
0.904588245823
0.0275651856219
0.0597304658752
0.0704661170696
0.0118435585076
0.621934621826
0.907314062858
0.0730230749215
0.308411171295
0.0977004179221
0.138734851848
0.0111227179672
0.985333911328
0.382712937644
0.664865521477
0.0715110382293
0.82697882972
0.0330850335989
0.00415521974725
0.676363898096
0.0195814947291
0.647153567815
0.181528751236
0.334320697795
0.00543039976469
0.00767180489543
0.173065231377
0.426373306546
0.114012962113
0.0630488881622
0.713986111542
0.273916004017
0.00460114453576
0.00759519290678
0.00432198167673
0.935620649454
0.966403263243
0.268425175762
0.444033158614
0.0232381360254
0.0847234562945
0.750695766003
0.542464022009
0.111607570628
0.21191633958
0.0169556996482
0.928222309906
0.074924951688
0.0732779260331
0.0455581854305
0.0179768762325
0.00354611357782
0.0979307286977
0.913061005553
0.0465263289948
0.139764121452
0.628338870509
0.902118669955
0.126625175637
0.107269090087
0.0604319841319
0.0314351180162
0.13509072914
0.0957583694137
0.0778597234588
0.0901967488266
0.251668201427
0.0151919058179
0.142350431369
0.00869607085662
0.00464118753944
0.00979480504251
0.00103462895985
0.000549477158092
0.0149965996936
0.0103657654902
0.249569876073
0.0462423753947
0.905175290193
0.122897151892
0.974771900722
0.986766447082
0.973889050418
0.664797143996
0.82713508686
0.0298832566369
0.0376721648666
0.016093033628
0.0380759421182
0.0219328805829
0.461199364701
0.893295092876
0.374806671973
0.534531603059
0.0837404025518
0.702639146221
0.0827330679217
0.039277083066
0.16934055526
0.96766016275
0.961864701501
0.982734841437
0.978654608154
0.274462364439
0.158344193363
0.0716326174243
0.0185162623153
0.98880091632
0.114314633704
0.0215504172907
0.0225434632996
0.0171903825382
0.0467965952402
0.0528338333692
0.0326556381463
0.0976409365852
0.291023675185
0.156246890168
0.145487612042
0.157908308326
0.996158043369
0.995039630278
0.982093493487
0.964294372747
0.982304901067
0.195954657219
0.174240679754
0.0194829800368
0.10376317609
0.101799511545
0.0278324422907
0.0793116231831
0.968318682494
0.973325297706
0.0175093847713
0.411712076788
0.0190371267253
0.00249963452156
0.0141423165866
0.00133390144773
0.990046540202
0.976759072894
0.107065572212
0.990473644232
0.984759518748
0.950348787486
0.183662695618
0.961970086831
0.178659230083
0.166031091149
0.0638707316601
0.921772589689
0.00350468489849
0.950450590099
0.00866582122153
0.0753955638766
0.298915229336
0.74164758072
0.0284600530088
0.624352563837
0.914634583052
0.579127955268
0.0380640158556
0.549013527374
0.912060988516
0.951994963419
0.3147889409
0.952182333283
0.145660066725
0.3282314267
0.0505238561192
0.976649477388
0.0654695271884
0.288917386932
0.970739896956
0.959567026215
0.877803321113
0.768607441152
0.0738256886362
0.641791910708
0.0430003153387
0.408406762395
0.427050146047
0.00988831663659
0.529578638374
0.279519370398
0.143691239572
0.353756234337
0.0159622483504
0.105883801676
0.0177776083449
0.970746613669
0.334168614429
0.171624935215
0.535794152606
0.161473983804
0.334131980717
0.162472732364
0.765004519813
0.0765132417508
0.249023283739
0.942299727594
0.980935868096
0.283483720776
0.0674750161564
0.0189230024681
0.239972520898
0.232067020741
0.223626458358
0.487460726343
0.308119745601
0.086289124658
0.294047303406
0.0477458462929
0.680107985069
0.20666723003
0.169448998499
0.471508830161
0.364670851727
0.858778462932
0.986860796641
0.657937020162
0.154331927475
0.108000812321
0.986667029916
0.503956782401
0.52393484149
0.13637349805
0.802120656263
0.832707528751
0.543581673689
0.240521924055
0.484673532072
0.180476773275
0.973831191047
0.985737101908
0.875525614141
0.713397224929
0.991959777048
0.0881973635421
0.214050844367
0.116477706873
0.703578111432
0.627103519987
0.107061889838
0.291445490192
0.15046014807
0.411525028433
0.104519785105
0.0992080821859
0.323565089481
0.201166218382
0.235572574434
0.180492687547
0.179534707279
0.69625360898
0.0337451184428
0.130554336185
0.539618749477
0.552869305586
0.0112381322311
0.0900427598612
0.299869975468
0.0130943916678
0.956839510221
0.0158995565803
0.22088458718
0.0914873547072
0.978111343263
0.0940293410515
0.762660643699
0.121411711029
0.0273135510828
0.0052732099111
0.654995472545
0.0472258883095
0.0069391805919
0.0233620714198
0.613298902823
0.0586633381495
0.218457365124
0.225356143596
0.259774803317
0.0276682932212
0.183277961716
0.0328581389618
0.0921874426224
0.0400395787515
0.0674353013498
0.0581457220704
0.245498354058
0.0180633032069
0.00983771837145
0.107307775192
0.0925115775922
0.109292627036
0.0267339379195
0.306637292527
0.307164108932
0.138347427818
0.616578742525
0.0763870480314
0.0123093841126
0.449000873245
0.660891144199
0.0554353201584
0.0058863774106
0.00861896786079
0.874728406025
0.126643128194
0.0851161707215
0.0301110174804
0.00695045806739
0.0832019291742
0.133405327411
0.408539313697
0.0716182734043
0.0308455637432
0.0154996897067
0.0256695208042
0.123307776412
0.783348461607
0.738783729315
0.186874777956
0.0328648755372
0.00634819348948
0.0193926963597
0.0314520289844
0.00091660705345
0.418452025554
0.200495009046
0.0749373771905
0.161584296262
0.347984454174
0.0279592358616
0.917641769508
0.0803407424857
0.00610488235561
0.0179321024022
0.785822045834
0.0161157388629
0.543576619759
0.107682165775
0.161767554243
0.0395393471201
0.0237159915781
0.299536316435
0.0202488232595
0.64999931423
0.0151710899377
0.455321948157
0.331358106417
0.595299831171
0.0288653133971
0.763467087073
0.00952019663133
0.0241943909946
0.200610651084
0.339846446843
0.0139051822241
0.432505391307
0.959820067509
0.368329614851
0.750410066194
0.0756164487318
0.0730512557092
0.0954489807611
0.00260653253555
0.00343106190276
0.168756648025
0.0918785556694
0.0186426016854
0.00810980574086
0.0556226793857
0.0781620194831
0.149028892376
0.00311381972145
0.0101349328609
0.0733461979282
0.0509119762682
0.013847070445
0.0125688678787
0.0206697374813
0.00591506022801
0.0236889259027
0.0726402871987
0.0113864865589
0.00321683666091
0.81326511122
0.670561045736
0.194992309834
0.0307740929238
0.174259577891
0.183202071781
0.0449684179179
0.124534222125
0.273159183944
0.0380888093141
0.0552440716922
0.0876746628872
0.0152973755871
0.0156632091334
0.0165390277826
0.0675671488894
0.00315148077465
0.0458511938175
0.00878346796281
0.431723575636
0.491861722935
0.0117021854673
0.0348242119209
0.419298360135
0.0426242235391
0.00159977223234
0.152061808802
0.114064205004
0.0947515451966
0.0400863027744
0.0480090789586
0.0986528280116
0.481019929156
0.121054084824
0.031886396482
0.0304397099479
0.3725024511
0.513837155648
0.0574975628946
0.503447126944
0.065034497364
0.669475273812
0.0613702533513
0.0186886419683
0.0196994233339
0.0407495138925
0.0426355751358
0.0554557275437
0.0440845721084
0.0328659664131
0.0112782602883
0.0123639281107
0.00697075656491
0.00408895960458
0.0590801936938
0.0423900089245
0.088936233505
0.239495761614
0.087842633505
0.120280242662
0.0733860069269
0.164716421293
0.124283263886
0.0384874342073
0.0866523298861
0.0586717877547
0.10790636703
0.0877365013258
0.0217036490263
0.0692562032822
0.0466350427531
0.0645113794225
0.122360547693
0.0913428028828
0.433090762811
0.0184314917772
0.110185436572
0.877594718704
0.047959977511
0.104229788764
0.182280453179
0.0704067343039
0.0595869024168
0.0154338297181
0.0505978459043
0.160653056067
0.768222981931
0.0272711958536
0.195555835405
0.692103320862
0.0136625635417
0.044544588725
0.0639976348943
0.128500742549
0.0184840395147
0.200822933454
0.00311778415041
0.0379943347588
0.0346594208818
0.0182065007805
0.158145958439
0.12654502873
0.0732381104257
0.212077524841
0.0260765351434
0.10174839112
0.0907216015349
0.0308529639666
0.0859246987327
0.0958773805395
0.0227969219501
0.0146512250525
0.00145811131114
0.0255982682821
0.0793821071585
0.0753860770793
0.00782949569143
0.00400403336474
0.0161496844277
0.160864522357
0.00725924582335
0.0380669898788
0.102625818028
0.0930108718693
0.172573567508
0.138818031958
0.0454919517704
0.0427681460805
0.0622671095778
0.0337891145257
0.0247090285612
0.0343984206591
0.0884378769858
0.0118022995178
0.122275824307
0.108524079173
0.0907843067776
0.00549291869854
0.0205025860416
0.0298731031966
0.267818202004
0.0777667506955
0.0358344934757
0.0443694267253
0.120073138572
0.891793814137
0.428595384861
0.148212066527
0.496308720923
0.248987013188
0.279488432886
0.974485672721
0.00354902563922
0.108008545256
0.0850201992167
0.63180890938
0.641384334314
0.176946651687
0.0395888413202
0.603632233923
0.0135823462398
0.23969021647
0.171241214902
0.024628142586
0.0110760881018
0.0092844639298
0.691410901991
0.960866830282
0.333358805594
0.123102307225
0.0255012489137
0.0453237517769
0.514497167507
0.0542842436455
0.0299442604536
0.327884121155
0.414429256806
0.0667338368047
0.0154730869551
0.0134202933449
0.0660810935648
0.163255690227
0.0149923189504
0.0348002267063
0.00501162748403
0.685374688661
0.280908943872
0.27431226855
0.0195618976894
0.0129387912287
0.242478703245
0.00623032058834
0.0285799407847
0.0566714218384
0.0176395771732
0.0077288383056
0.045454251544
0.0144909931448
0.0103878337497
0.00442731555858
0.0281054589683
0.284789868272
0.44257033083
0.191263810248
0.99489966912
0.955512390991
0.751001473898
0.0145786556239
0.93195741936
0.90364466086
0.0469234780882
0.015042007795
0.724088928839
0.320575437875
0.0120477483867
0.0158303721052
0.007790995799
0.0932559653319
0.0406238778888
0.0116747638175
0.279347586499
0.0504230159081
0.0695605427849
0.0305908369963
0.0271556703372
0.999069617118
0.993375503042
0.204350074387
0.74180711383
0.114647807226
0.246728779575
0.067436701504
0.0936537709807
0.00864758793958
0.150518190234
0.255835670503
0.170180803774
0.195254927696
0.743177466391
0.0397073728102
0.285393147688
0.00653835054766
0.504533713851
0.0559138738099
0.695114253787
0.00933988809394
0.0305290076716
0.0879523248943
0.0154563946806
0.768653885963
0.0851016868586
0.193050676301
0.646170698311
0.0462692505056
0.0373618414038
0.00959585523877
0.149463996273
0.116685748929
0.00191309675918
0.0332058990091
0.230282176045
0.146351905851
0.0781120683994
0.192204070986
0.107701403535
0.358296742181
0.0114994290186
0.00565824557306
0.0138572996948
0.0383477487041
0.0581062557841
0.0362290088668
0.00630964306746
0.00941610144962
0.0238605496838
0.222611428942
0.076620353171
0.0652653976423
0.915627480484
0.00621381076155
0.296981427689
0.0369659285801
0.202232633128
0.0280355944221
0.0235432189397
0.21102153459
0.895727294895
0.00545108118063
0.838126542822
0.600858705844
0.925573835342
0.00591758261592
0.0403210364555
0.00680024618676
0.00731342069287
0.0179546007812
0.0119231997284
0.0220605940846
0.070917583399
0.0340802419028
0.10195602193
0.0445384510176
0.216623693521
0.016373153563
0.0123507795823
0.546630958235
0.136674943615
0.235217502288
0.0454733261629
0.0676695481103
0.0305369273111
0.00365564317915
0.00514125758376
0.0627112037945
0.0149938616451
0.7479102607
0.392774873919
0.00215993929789
0.158242227821
0.192508455653
0.0033192068717
0.0243752264992
0.505943315502
0.0137558653245
0.0125112343447
0.134648798117
0.0337636791119
0.0312295364123
0.0115975233674
0.00342485688421
0.0540454534983
0.00299824017164
0.0156102655998
0.0228954799086
0.269346354494
0.00375773189497
0.0195077332442
0.0465481275396
0.0495858274428
0.0388937512292
0.0539457499106
0.143548255703
0.173673429321
0.0522823256578
0.0035988536953
0.0236511597713
0.281165448296
0.0714334077468
0.0316746063716
0.0390186577232
0.150779470648
0.0990853202448
0.0437735612246
0.0192960045808
0.0221822252905
0.00913274175856
0.783060766525
0.957981272685
0.762136995971
0.131423174071
0.0225834264225
0.285367207406
0.00373035601411
0.0965518324272
0.0108614179573
0.235994671702
0.952691878913
0.00789805632016
0.0076125609478
0.00803659355003
0.0155245483212
0.00742296828454
0.0326506299274
0.0156985824355
0.023686093111
0.642355078256
0.311216520811
0.331195246284
0.0267668321354
0.0743145446243
0.0530351976119
0.254244791386
0.0256856429707
0.0306233024805
0.259589196191
0.107633412263
0.692259647284
0.186851683311
0.026790901377
0.954676227877
0.0965175805246
0.214329017057
0.00228052602573
0.195495230057
0.14511502083
0.0924755444282
0.928566504609
0.180451669077
0.300058381175
0.0011412934617
0.131174807
0.171924067859
0.0688422886486
0.0357383428448
0.189533591815
0.0485408493746
0.00360214787214
0.0306774620746
0.0347784404384
0.0160450916189
0.932442511204
0.158840335502
0.0328457156872
0.109149153525
0.0290095060193
0.00668994276168
0.277779909267
0.122882401366
0.89321370323
0.0170161490024
0.0859579289585
0.873245552048
0.0130318945248
0.310821376141
0.682043543476
0.289287379638
0.136888162529
0.132410229568
0.0262501871346
0.0235413048954
0.0459203200266
0.00477382798121
0.0100627014468
0.0102819453494
0.150379435723
0.103597689902
0.659845805867
0.621713184951
0.577544697347
0.126036686688
0.0256643272055
0.0310211102227
0.0178800381567
0.0044621040885
0.00801922140462
0.196362235428
0.153129304365
0.233320038383
0.240651654247
0.0389054484811
0.00171393639266
0.00587200539134
0.211048381083
0.00268082614608
0.0801510047158
0.0428771260639
0.0323906437749
0.00389964646258
0.0373397183292
0.00926665232926
0.0249919399396
0.0216647926193
0.208984742272
0.038131558076
0.00695375073149
0.0178631343343
0.0576933738173
0.7440861325
0.60323944557
0.106935434182
0.0207313615437
0.0796338593625
0.0336022835351
0.0429488249034
0.0390919437756
0.0099297280612
0.0279171843876
0.681339759035
0.0397935294225
0.00325515921022
0.00257094024837
0.216635093525
0.0123656517469
0.0223076682467
0.340479509275
0.0543241257509
0.0502871469883
0.842844025024
0.360515336076
0.00956363201681
0.0088312541095
0.0391689558894
0.030551192021
0.204481576232
0.109767656622
0.0429819186159
0.00426038600273
0.0472511600636
0.0877369169619
0.0224304745911
0.121489222154
0.145044136271
0.0678790161247
0.169763768329
0.0648936314055
0.0339444562497
0.0120365594335
0.872521999187
0.269762786787
0.417533059523
0.225880347358
0.27619346121
0.019319923527
0.0134227013962
0.0137711008178
0.00624089820677
0.0642838094806
0.415005926699
0.460536637725
0.243762311458
0.0195187929353
0.0101781820603
0.00422565566942
0.0185753216396
0.0450131347591
0.0141376080474
0.148241014569
0.674106385364
0.00596692062271
0.0152418845995
0.0105500584879
0.474382056938
0.0608811126592
0.00386665037222
0.260002783594
0.0395311528145
0.503812675111
0.019140413026
0.382052238728
0.0607740926199
0.0163914336111
0.00499241665027
0.141781484847
0.0837138622196
0.055804308115
0.000670433056408
0.0199788809605
0.0380277537269
0.0378604958433
0.118328373788
0.985428707214
0.687063151497
0.888167952813
0.010675591734
0.022348310252
0.00164953896199
0.0913515905735
0.0110226233178
0.00163243311885
0.0198345811861
0.00116104291582
0.0668138201614
0.0226918711294
0.0606780436547
0.00375730127412
0.0936601427488
0.00852621499003
0.0193359020327
0.144336294422
0.120879679604
0.90999205889
0.86389827904
0.332386707466
0.00976279092714
0.0915126436339
0.0620605494542
0.0455694430938
0.0102820190911
0.502568402799
0.016898212565
0.0996384950464
0.00264305305993
0.0170133483666
0.0146340104169
0.0318512414544
0.0555978259163
0.0411614356236
0.0100631571674
0.222866108817
0.0132694253561
0.0112410841805
0.0520343969123
0.321125233068
0.145726912905
0.0279366291624
0.00263877612053
0.0465350768865
0.141065645002
0.0201153286618
0.0568605940505
0.0409754700893
0.0485754925865
0.0710935306478
0.280553684301
0.0413592334368
0.0260748492186
0.0212393353524
0.00698833512364
0.00702239689574
0.00146531260265
0.00789877702366
0.0410019025939
0.113887929772
0.0315544310325
0.0081925398739
0.0287755323384
0.110528089434
0.111349661919
0.048633158784
0.188340586209
0.159298686463
0.0335126824537
0.0380721858216
0.101152197062
0.375349728086
0.0309126429563
0.025314750718
0.0635788694031
0.0222467870601
0.0331385564958
0.0295929818793
0.0601049337391
0.0747946652507
0.0578456202603
0.0163565143427
0.00104651170801
0.0128785348624
0.0143718391756
0.0134480376252
0.908900043306
0.68115732971
0.71209839406
0.157676962725
0.761860000202
0.556807575331
0.0142863034768
0.127937247656
0.0181704378466
0.0110710837511
0.00460048866111
0.0552171641686
0.0883773100647
0.0379864433677
0.0494088623958
0.00947680199235
0.10740730989
0.444878991487
0.0902374908797
0.0224687890071
0.999401130448
0.987341863136
0.0932794077813
0.00115043235991
0.00438446291179
0.0162978920946
0.484605148069
0.0160518722116
0.251126226705
0.0136325760818
0.119167623908
0.142889052468
0.278840231284
0.0107354844843
0.324973120616
0.984548623485
0.0163636492821
0.72607245255
0.976390548672
0.877654952031
0.0459142144525
0.0621945031508
0.0189926603799
0.029693048945
0.113854750151
0.0805893071151
0.0486777925166
0.208945827756
0.604833605151
0.26714427962
0.00408130094093
0.0145700690355
0.0631224425163
0.136318255844
0.00465178121058
0.00677829966835
0.0148344989695
0.112967555908
0.185630497947
0.00185306633529
0.0953224694706
0.488714682849
0.00845451786428
0.0288821126614
0.0457398443931
0.0253196788721
0.0842046239612
0.0222323995308
0.935278165927
0.0172244708122
0.0134098192471
0.0198400074748
0.0146287232723
0.00602853140328
0.00315829169175
0.0306941861502
0.252014857194
0.117399247718
0.103757275416
0.929147805442
0.0114109699296
0.0186903314598
0.253943713069
0.635683529876
0.0099467434096
0.201330515666
0.0145964784764
0.313159562379
0.00607690578301
0.00473477700176
0.0431504555813
0.074597983788
0.0621746893149
0.144477398608
0.018202254481
0.407277549197
0.46739693223
0.0207491734969
0.0268654745016
0.00940603947341
0.0304047994898
0.0232893506815
0.0216552066971
0.0288206089623
0.0169933762251
0.0129972663427
0.0169463338137
0.027278847958
0.0164290871336
0.031928273874
0.0256567771967
0.0121808879089
0.0445092331002
0.0815649459226
0.0301442863618
0.0315164006615
0.074732481873
0.00404995560614
0.0201787435965
0.028225031784
0.0449036414548
0.200290527623
0.452468138626
0.137197609671
0.460269769291
0.364700010026
0.0131364707525
0.0114595154153
0.107908541364
0.0739665076072
0.157979366505
0.760539041166
0.0389758030204
0.013781336625
0.107473105683
0.579938413221
0.042007977405
0.0093004657154
0.0914343650063
0.165430692149
0.00491295882544
0.0260812950578
0.0533046194359
0.336200606947
0.0649752703458
0.71632091595
0.0745978348575
0.0406979845635
0.0184244392812
0.0407730676482
0.114051732213
0.0128757106689
0.425057270678
0.0710749966805
0.674760553836
0.0625395595939
0.0302044870731
0.0729728143701
0.0149886795343
0.235332945783
0.0111766397786
0.0875271756631
0.10234682306
0.0435422581154
0.00440857987857
0.00840114425538
0.00898847757118
0.638231812228
0.481686274354
0.0610145319805
0.340088240216
0.114735542762
0.0035856440331
0.184091196469
0.131766195835
0.168518876198
0.0165746460206
0.0649624310851
0.177334804684
0.020897451178
0.0661576595376
0.0163405608577
0.00307993241661
0.0276420504133
0.0738633822468
0.220532159731
0.304666664767
0.362769096184
0.359937221238
0.521408694908
0.0108186583532
0.0586966109234
0.00950780644669
0.0301251515941
0.318622943371
0.00342911600559
0.0586097368489
0.0178276602158
0.0389805893925
0.0446212645262
0.0992205337961
0.628079582623
0.0355065604433
0.0601817590228
0.00418565200482
0.0123931055808
0.994518565816
0.977534781571
0.0889776106958
0.0272031813197
0.0171182902072
0.176072717511
0.420878118436
0.0172245987894
0.620214937585
0.045702817902
0.0597638134971
0.0142838758924
0.020582357895
0.2539007385
0.0855763282113
0.0077970607927
0.00854798277095
0.0287798105446
0.130176798748
0.0894729406762
0.571429176198
0.109747088444
0.182787523852
0.0727596030292
0.0551419983575
0.138094251299
0.117180431227
0.0208107699458
0.114966515022
0.0720671350773
0.117559852326
0.99861982169
0.999016231608
0.968916969677
0.00899952313885
0.830629891372
0.0444155422901
0.0410614342932
0.00979894603629
0.221163762018
0.113301771602
0.0193124280482
0.152434210227
0.0366282195822
0.133633850952
0.00473549356988
0.00807911260497
0.022615900612
0.51464726994
0.214597618531
0.00944515927714
0.440425995165
0.306626724285
0.0122393433653
0.0342902370493
0.0343602899614
0.0336986642162
0.0235458180372
0.121442341228
0.670542964083
0.0170800580759
0.104131084505
0.0283029859214
0.0114742441981
0.0530002264279
0.0705949143511
0.819344347513
0.0175337926987
0.0086022183891
0.0986755153924
0.118078133222
0.0262075714744
0.704620677706
0.0759289000526
0.0149430095285
0.017755076647
0.120733798188
0.00140763061253
0.597626366281
0.033240873613
0.0467119872362
0.0528266438063
0.0374396216162
0.0226983735591
0.069990083337
0.0136010980909
0.0553985802305
0.0358317371697
0.477444798804
0.444203125115
0.183852138195
0.311391527921
0.00321280507008
0.00207162473292
0.00987032486753
0.0360382984566
0.0483028462766
0.0305850754162
0.26082851427
0.0532744155362
0.196464862591
0.00458903832299
0.0571581717759
0.967744656488
0.983495013438
0.911340694456
0.0739150300909
0.00263906699581
0.00260879048148
0.0205894495387
0.644298087263
0.109220249208
0.0931303536868
0.0335095175002
0.0182726695999
0.0464764598266
0.0102297072845
0.206620998518
0.995101171039
0.0705915342997
0.0467374328105
0.0116128985477
0.80059667012
0.91087114433
0.0270234959463
0.18634529651
0.387165992471
0.240798179018
0.170939250002
0.202964384137
0.0170149714578
0.271201242228
0.317476228274
0.401572585203
0.0855116637535
0.0840154058808
0.171033572576
0.385818111094
0.453015896141
0.047149647841
0.211242801623
0.649127901687
0.309532531924
0.0221797917786
0.10202322533
0.109986743585
0.536731605704
0.0685839059684
0.0859125648936
0.0120116582911
0.327337830362
0.186812124784
0.0844126090252
0.101310228049
0.0210928475223
0.030908152426
0.0259340628116
0.969252498436
0.144216851322
0.0462124599743
0.0290609912639
0.988408684296
0.202636293909
0.142553092525
0.216651535557
0.0260244950376
0.735939677593
0.0593901451284
0.690285992553
0.0333495874732
0.0358205927589
0.0891396352601
0.0359528343714
0.020247625681
0.40469714096
0.106469825181
0.0175512720178
0.558379830686
0.119854861168
0.265226109253
0.0333254361359
0.0238851858096
0.184629465311
0.0364122195941
0.01227477797
0.00450418619895
0.0259056891058
0.292161995028
0.00866605458001
0.024313975237
0.0231892640587
0.357222584005
0.0880824452058
0.212886532052
0.02336572608
0.398466123459
0.00787557422196
0.0889256136262
0.00537324196955
0.459637106472
0.254438544288
0.10616501774
0.152434856967
0.291735681248
0.880972426421
0.9864348033
0.98607744989
0.898255544746
0.584699197789
0.798046746415
0.931332964108
0.568297157946
0.754314513211
0.689212108426
0.927116432251
0.0330759068755
0.0186525167583
0.757717404581
0.421188076739
0.00805744483608
0.707221819163
0.7511136074
0.00678034509106
0.00370391201375
0.0265211024065
0.548868155182
0.340178784118
0.197907390511
0.172720687662
0.277282387508
0.150582668605
0.218178395231
0.00914032110116
0.136799405473
0.0050602719124
0.982640136391
0.722851499895
0.0437279117504
0.0268093429629
0.0178738137124
0.202790227119
0.300440148113
0.342329510454
0.029549069729
0.241061361188
0.191363712475
0.00295344877218
0.186176290235
0.0103799872199
0.00465888222917
0.702125428001
0.768923215669
0.178578531455
0.11628078437
0.110456484432
0.0123334990264
0.0139555185663
0.0647061208076
0.0115828879226
0.270065224688
0.314551009837
0.761953868658
0.561430417218
0.435999229498
0.638044788297
0.143526318268
0.00901309996668
0.278225828711
0.458087357475
0.0447688628809
0.0252236621012
0.0175540267865
0.0170333667686
0.000946949702698
0.00556048676441
0.0397355153451
0.0156186163073
0.0545563078869
0.277444498176
0.0254374468383
0.181089302996
0.00312184036817
0.0208542332043
0.0217779905765
0.1755162568
0.0708479527895
0.146289551717
0.190784438278
0.0556140495235
0.0457791874691
0.0613367151228
0.0760284315173
0.00689269984275
0.0464918635372
0.00444007782479
0.00516417316545
0.889108143386
0.0606499729045
0.0061430275528
0.839842130972
0.0135936675331
0.648936808976
0.105593583857
0.48003241666
0.0751194651731
0.71476980062
0.19695333699
0.215022904511
0.597249168264
0.135734196161
0.904198697053
0.586644651908
0.0115221081105
0.243120399199
0.528284963791
0.273306835721
0.0191778833897
0.620393640447
0.00745144841566
0.0688431548015
0.173248213178
0.187966775587
0.00894342696773
0.342540785145
0.0263964859603
0.316768204625
0.189309059589
0.0540059676947
0.0947309029717
0.00728939216053
0.00206948288173
0.732010860336
0.741382552247
0.262962478572
0.169260415108
0.648132151393
0.782074197071
0.0183901692573
0.166163651835
0.123800214862
0.0580230512132
0.396174564119
0.0469016391343
0.012095671433
0.000924453695507
0.00788639305224
0.151045579596
0.121671028233
0.0103078681928
0.0574927568687
0.0262696936845
0.0215343621125
0.0279581793097
0.0768117805013
0.251350037186
0.306331860199
0.333456200392
0.00367914091923
0.0504952410975
0.00512033651518
0.0167743069017
0.068212673857
0.0377485090766
0.0345566203023
0.0355192823551
0.606225034497
0.00289895859491
0.75040425422
0.0386590803534
0.0334971420184
0.98079482156
0.0229308297882
0.974578158114
0.00388264341787
0.86896413977
0.618516169339
0.472276906457
0.50909695747
0.0277901649183
0.00986685545291
0.0188217643369
0.00653163687063
0.0667003075741
0.277056362025
0.00721196591513
0.0280361125582
0.0649179297058
0.937852375321
0.84587934472
0.259943811064
0.0090468541022
0.0244623899467
0.275503745217
0.0572269325779
0.0443066470723
0.0244959141376
0.116577663832
0.323516548887
0.963725952655
0.0566663323928
0.322991835103
0.971194862548
0.305779906226
0.107084802738
0.195841260269
0.815888307298
0.0706179450984
0.0287789423763
0.00894232119502
0.0482156000926
0.00312972199617
0.0230243910857
0.0346174748404
0.0660689362693
0.00174487103552
0.174207873671
0.170451424737
0.00242907446682
0.102780826222
0.469393201976
0.1762503117
0.0293843350221
0.216686458411
0.760419313288
0.52420031363
0.499940743529
0.920848014515
0.00502349115298
0.0213622244031
0.214020985199
0.76453117508
0.948334281895
0.0212802042771
0.00773506453904
0.635976479999
0.244557695279
0.0586360347672
0.0123846124211
0.0188557049511
0.020993715346
0.2900624164
0.342007133821
0.043771591683
0.311994438055
0.0685473119656
0.0313119665753
0.461680075007
0.156017627035
0.0826345489222
0.00527650842604
0.00440353481941
0.0999102705052
0.990786250768
0.33318328719
0.060668968454
0.306763424178
0.0122710043148
0.0389894399569
0.105199507017
0.0774359833736
0.0449794671571
0.0733312784982
0.0200769870649
0.00624688803559
0.0490385731966
0.215028422312
0.310638767651
0.772474646175
0.235318745415
0.0870063958534
0.609562385803
0.0256029873663
0.013835451343
0.0251726397008
0.996591584771
0.963722263026
0.106695104529
0.0444784235779
0.078659419755
0.0993485258705
0.0101760563011
0.171995439182
0.0122183665799
0.0122662171524
0.115066155629
0.0940833376912
0.119476735266
0.0421143930012
0.0113293860446
0.0174176518539
0.0420495029986
0.0122709996146
0.00377248133292
0.00747041003354
0.398024400631
0.100381070756
0.0146354494947
0.987491267613
0.898365398788
0.939400242083
0.0754801338268
0.0206456933376
0.10865489933
0.985412688384
0.964526400042
0.0698579808803
0.0458843017756
0.0156365400325
0.330477258364
0.0155705777038
0.035555610417
0.166658414839
0.0264133279376
0.0485325000799
0.00172118882619
0.0399981576303
0.00807252873116
0.0783448133031
0.164668382483
0.108979898383
0.0140056310005
0.0189399953477
0.315426591772
0.067519240216
0.583245023505
0.59928358331
0.0270252230813
0.0151397178727
0.0527366616474
0.00798235590896
0.00939639732237
0.332050393709
0.288356522712
0.008125423615
0.00326184881964
0.0281190442323
0.0433528058167
0.970156244843
0.96167548514
0.495712960839
0.99349553579
0.105334445715
0.0205403712672
0.014575226807
0.0555374558948
0.953150395439
0.993650770709
0.991590138855
0.663799389789
0.852217440666
0.00909193131557
0.00705288465983
0.832011325639
0.00220431039897
0.0167686976526
0.0273626212183
0.904214620744
0.0115315394612
0.0167343773473
0.0495528672352
0.00445866941427
0.116766855215
0.0152901162702
0.0591506452966
0.00219384035601
0.00663923583928
0.948972363201
0.0147708757918
0.869496087912
0.0309088224616
0.956853131658
0.970956049145
0.430661167861
0.912362273994
0.514449494303
0.164939387197
0.201970814006
0.0586454882625
0.183098217356
0.0501516741043
0.0756216071299
0.390855805365
0.897166744082
0.158921349992
0.282483585898
0.0394573955819
0.0132705369408
0.949405194792
0.0165547354675
0.340899676051
0.0823818503711
0.982175089829
0.903283360273
0.999491620459
0.997273635323
0.997413933341
0.993988188994
0.252076643233
0.416317280826
0.019970387094
0.292854520061
0.0187166857616
0.0976655099791
0.513820042689
0.0135168477463
0.193394826313
0.0115899491079
0.00452527628692
0.112743267905
0.0387680566341
0.0480170077009
0.327353194723
0.255007781734
0.02269220419
0.0259798319036
0.0158041622681
0.215890962634
0.32931610519
0.0247476394477
0.0248864271403
0.010117320957
0.0170905291014
0.051766283532
0.0171895195049
0.204356905823
0.0510611545054
0.116439369021
0.00509584425319
0.0837464706574
0.647392526115
0.133628623517
0.00519286075783
0.0309210753557
0.163389932828
0.00921625656956
0.0535826177383
0.849758608731
0.0280866270992
0.0980816478856
0.906003503301
0.987635040353
0.186645706856
0.00494684455714
0.07422118663
0.226331417121
0.338534390155
0.0102741952948
0.135679528928
0.730387589066
0.0491678041181
0.150205799379
0.371668571497
0.27821558794
0.0209540357119
0.0299725623573
0.00934962967918
0.18428537469
0.0400350531887
0.00702150768257
0.492913996988
0.195076051499
0.150470208626
0.0498537521589
0.452935707611
0.101798358431
0.0419216024505
0.00290441361517
0.0135959926856
0.0205565885238
0.00391884848882
0.00450017498038
0.0513610221339
0.0176470200443
0.0343458114978
0.0765163678782
0.0861180272492
0.0350318651593
0.0369554734076
0.0407499882057
0.0129020009229
0.120468627161
0.0618496791646
0.136824852405
0.0222966177821
0.027308896884
0.000814213762547
0.0587515900782
0.0632567159342
0.00897012575754
0.00446560202314
0.0825271487323
0.0152346871913
0.871959621732
0.040824300342
0.00917205959842
0.00270676756479
0.0150807618263
0.00423064320173
0.00511568122154
0.00290681182737
0.0190165419812
0.0108481772655
0.943067636156
0.104593073263
0.327995516748
0.467697904494
0.112295875834
0.0340739405696
0.69353123641
0.126179832424
0.416262395652
0.0478277599065
0.544506131972
0.122772996503
0.102074367149
0.328535617765
0.192987656076
0.00545319389388
0.516310772727
0.17977321406
0.0596728510037
0.19280733619
0.0117003588146
0.0526189763909
0.188579234857
0.0229004097245
0.0057570442118
0.00307744840941
0.0141931232179
0.00974967990398
0.183426725368
0.989811793846
0.980791436858
0.65702230341
0.570846275258
0.0977311231103
0.0198429111649
0.0188744530434
0.118307825826
0.00958218275272
0.0230473205101
0.187136004879
0.0210323283521
0.804050648631
0.0144104493467
0.00277278465285
0.861899477315
0.206546240026
0.0244943980091
0.0730326924883
0.010835345009
0.0730843518702
0.0429365149963
0.0201299564729
0.0324596126458
0.0266956215865
0.0486161370551
0.438507819249
0.00917632627776
0.00199522795643
0.0570566428863
0.00505888632123
0.0449003383593
0.00417506121814
0.114019040327
0.00418770993125
0.0261366805914
0.124920303359
0.0357323322276
0.00318073453111
0.0542537287897
0.128152528562
0.0240600425897
0.0936857001189
0.29535745214
0.0170187653341
0.0116216971321
0.0921485270762
0.216258282016
0.977743739703
0.134009009652
0.0658427380657
0.0172580395988
0.537952927267
0.135860150084
0.0816342310107
0.0034525447377
0.00287320323288
0.114971962384
0.0241428008873
0.00520039159712
0.13170537194
0.028389603493
0.0198983876051
0.0151380425719
0.0189969930985
0.0539477415254
0.0144190708804
0.0798449844643
0.1777304385
0.0060745770564
0.00873659543163
0.0508793798483
0.0216229955995
0.028631208468
0.0188739672127
0.0351500044019
0.0545386859187
0.0873560621591
0.385237778236
0.0589176075631
0.0710081681341
0.173656081689
0.0211596067616
0.00742586024781
0.0269341441724
0.0676833650157
0.0593681820491
0.381955786349
0.252670531409
0.0072603562401
0.0108388927811
0.0932002905576
0.00350384574481
0.0268000899573
0.14493189894
0.0651517911801
0.0554133666598
0.0423966623519
0.0338104609885
0.0102759722622
0.0404898368498
0.00338202559222
0.000530397636396
0.00323306829328
0.230005760017
0.0331392305971
0.0276366155642
0.995496920289
0.960192979906
0.995063322107
0.00939151151296
0.268012451039
0.0372002053942
0.259346181643
0.35749477349
0.368938660779
0.389641747211
0.0859297205578
0.39335279421
0.4122265342
0.148831932179
0.0904869527049
0.926677801604
0.915176274534
0.470997233256
0.0246051513954
0.0153554698848
0.105536836112
0.0101164734571
0.080623397345
0.869952546002
0.332456881161
0.0165769894955
0.0509608249324
0.368628514989
0.00953837467029
0.00249210061518
0.107539065826
0.0190313437502
0.0246014296913
0.0752365125817
0.0412500688235
0.533927887582
0.059239851182
0.375833452334
0.0171707256295
0.0715144109393
0.0167164217698
0.00622649602531
0.0761855784397
0.417856185281
0.0332733258325
0.12422991186
0.337380735361
0.0425914931264
0.983772419393
0.511703050999
0.10929503524
0.849516248431
0.0518540960865
0.667018854082
0.934047353017
0.346116951921
0.0121924706298
0.526593222971
0.0713612379686
0.322452429302
0.0497118642961
0.10993904235
0.0807601494885
0.0128198097916
0.01716079783
0.0956315940038
0.0954002507243
0.0980787400253
0.0758160176908
0.00265359259236
0.0187493992689
0.024810017038
0.248268960368
0.0241391652982
0.0138937848137
0.00842489109558
0.233485511821
0.122060662078
0.118358755735
0.0186740679147
0.316737065194
0.251103232066
0.0275577595244
0.00440885690644
0.696806750324
0.107715478539
0.08369984174
0.0990732383299
0.103062678729
0.0225756868173
0.453019319696
0.0175071904259
0.022966582674
0.00845024247247
0.156222673803
0.028570854764
0.0497109728637
0.0154867207005
0.252420811466
0.130322776604
0.19367969809
0.501920184631
0.101992986367
0.0197565813649
0.0469495734219
0.0217795845026
0.05864286554
0.0727064712261
0.013003564518
0.15466474787
0.0299720235966
0.695584282848
0.210610708285
0.353579730531
0.490992593931
0.61002364044
0.240704156276
0.720611112408
0.168039796706
0.0494944169833
0.702903164592
0.528501885409
0.542596690884
0.00722010545316
0.08414692914
0.0779847855283
0.105462416964
0.014722266944
0.0357794117784
0.176669626055
0.150389346999
0.0241905219507
0.788342727642
0.385882244079
0.342894825948
0.285157976205
0.0249502064249
0.127557284036
0.0781515702017
0.404642276184
0.0306809529223
0.242015781462
0.0251259916794
0.0620799186688
0.0414478890157
0.393304272192
0.227915318121
0.113638282706
0.0557671318625
0.137677227557
0.0440291418583
0.0746122789124
0.101078661589
0.082796895513
0.104222551077
0.0387731943411
0.0879911420378
0.127915309806
0.00431387630873
0.0720906620842
0.395881538296
0.00445232372702
0.0103600274781
0.0420555097997
0.24739857476
0.146190917938
0.10827099314
0.0399776037693
0.35753619626
0.159101474861
0.260140557712
0.886263099136
0.0849015572446
0.0621643135712
0.00680408943029
0.0303521893654
0.0241379379685
0.310533605204
0.160969436113
0.218629178621
0.341371954264
0.0732492373714
0.290447449618
0.0368090741325
0.0810437764985
0.191766236083
0.190956746265
0.00619058494358
0.0620693687957
0.261566727175
0.225908683783
0.0244673378195
0.152798430804
0.0653872424945
0.0309356688491
0.0359725049989
0.39459577202
0.0600524624755
0.003879242358
0.0858343919752
0.0523079799122
0.0583892526572
0.0596049672017
0.275058254987
0.00971326362014
0.0411783516549
0.8979216706
0.153274317383
0.0590199861662
0.328893033256
0.0297267475151
0.00912897371392
0.00950751125718
0.0449131980918
0.11159190938
0.00457079855824
0.838046661526
0.0427093605523
0.0392431856256
0.0123122622173
0.0152395716307
0.023848968468
0.111613195718
0.0287433524719
0.353622637744
0.519006526838
0.0429258759721
0.314441186595
0.0723626433133
0.189878868989
0.0354023956723
0.0534284119334
0.127103412695
0.0094584054577
0.139248481513
0.0107905195522
0.0966027344939
0.852427642455
0.00571784015401
0.0974970754576
0.485938274677
0.0249742493245
0.826039865964
0.161588893735
0.15185948824
0.112974701711
0.0221671839233
0.0212784516393
0.292229970925
0.0559778365749
0.0236202920106
0.0381133103631
0.0212627227969
0.0101385637714
0.0111684785343
0.0821199437059
0.157391073222
0.0111291576656
0.00564818217805
0.293668141468
0.143790764225
0.761191215116
0.10923991132
0.036901438203
0.0235883007226
0.0370913863814
0.0213665298062
0.370874242426
0.00710186962357
0.0611866151645
0.0202696670567
0.0504457090069
0.0422182780231
0.041240366575
0.015431225602
0.062813132972
0.00765296533616
0.0608505940265
0.158843259473
0.633150479204
0.0283119438089
0.127529580429
0.0723637575378
0.0771841346242
0.0098757166567
0.00993725040565
0.110855560944
0.328427000163
0.00250109669895
0.0921378529866
0.713472152542
0.459815538718
0.205642794635
0.00379682061122
0.0146203253948
0.445087355467
0.0446632560981
0.0445417356664
0.158594101529
0.0397747086679
0.139021052208
0.0612267126576
0.0107834437511
0.035264790471
0.0587650833835
0.0591441118431
0.00580458597652
0.167322496584
0.0341136182828
0.162141268568
0.173287331482
0.528365390792
0.0513487262622
0.16472527058
0.312601896715
0.165382965801
0.0652882962308
0.0187783615706
0.032756771042
0.0822518972197
0.00727802635594
0.0375453648135
0.0705897281618
0.00749226663388
0.0366285332264
0.0108784423835
0.00715145252395
0.0403854281899
0.00165588355829
0.0568821332601
0.182037461402
0.0474682142657
0.011005499416
0.0301757795884
0.344666327767
0.206122665748
0.0302874758173
0.00601308597236
0.0586820053941
0.00841268609209
0.0430978443932
0.0156135086358
0.019502282173
0.0576368687725
0.154792999686
0.0500847343921
0.0996645640688
0.062775862292
0.0823861110476
0.0295400537088
0.0555725072981
0.171145526858
0.0855796195917
0.565263082304
0.00474451249164
0.709905758787
0.00914034446341
0.0665307459855
0.381228215942
0.232510206657
0.0509127065562
0.101340256194
0.111877294436
0.115770343782
0.0485428568683
0.17119063466
0.00492802505281
0.00475550577827
0.0112045284514
0.0383601030858
0.0376651785251
0.499762738459
0.0653107661705
0.00364157816674
0.0533895325818
0.0293083616047
0.00341112501817
0.0093538971115
0.00763489188591
0.0924113463007
0.278017800351
0.0628409212438
0.00761530815409
0.21629002626
0.0219372157607
0.589348454209
0.0486362656147
0.561131210585
0.092087752299
0.168933479465
0.0568409474824
0.570773560904
0.144340889386
0.0128466512857
0.0128877466126
0.0117508162254
0.00636714849562
0.160033951301
0.0313600932057
0.0430592833829
0.106978571086
0.363504556276
0.0109343528513
0.0534116847863
0.150082493561
0.00738907972505
0.0267996027405
0.0171031717065
0.0105728414347
0.0334441714021
0.0875794739106
0.64451791853
0.0443625647861
0.0207202247565
0.0555972244224
0.347850795783
0.010754461956
0.0153291701203
0.0279491257898
0.062288217832
0.24942196775
0.141575379374
0.237751274315
0.116016282304
0.0213050244788
0.0258019029434
0.0360684927281
0.0646835291215
0.0132662976884
0.00241874112873
0.0142007936634
0.597844120877
0.00568420458362
0.0531318834608
0.0221046345128
0.0168057746227
0.0204600638525
0.2338903619
0.0645722551193
0.0137254005245
0.544222678765
0.0415512700789
0.005267043868
0.0494083946005
0.173902789198
0.108281910198
0.0235188560274
0.0599641521547
0.106913440663
0.032441832712
0.00390941375798
0.0442052862665
0.0135220107109
0.0017872442779
0.243938611491
0.00683350725472
0.305189240018
0.122384079542
0.0118624774673
0.00573184207528
0.0812806675464
0.0024312110076
0.0367050608714
0.0583051712559
0.0745470323085
0.0593838271888
0.00177527607079
0.0104309190111
0.0105175038637
0.106579053188
0.0209563530025
0.00701643345477
0.122209319494
0.0167540403706
0.0134598022174
0.161376122133
0.580241100237
0.0403630722179
0.122692375098
0.0481315386965
0.0665639418329
0.00419452158565
0.0475519132029
0.358291175508
0.0308078572595
0.0624161774387
0.109872181216
0.00231296990625
0.018607921807
0.0245754688053
0.00963662224306
0.286956688435
0.302413335194
0.164927763793
0.00330162450782
0.00599367946401
0.0687581274683
0.0389376178001
0.0612637309421
0.0292753544035
0.0220236457463
0.137431283545
0.444467482484
0.141602042425
0.00978498008696
0.0314267370651
0.0461497449692
0.14260375548
0.0195536784277
0.0187035928886
0.0133184108525
0.210451172691
0.0965280546921
0.34185918265
0.0812354680057
0.067271437212
0.186443511309
0.0332803270306
0.0542784900539
0.490616048679
0.176920545298
0.107129779305
0.02170489868
0.0190006598691
0.077334414703
0.0449169179393
0.0518516563567
0.0275144154625
0.0037444431934
0.286364838887
0.019440630063
0.120284036332
0.788072753858
0.0187345017036
0.0232718812492
0.0313848286969
0.0295617004811
0.0248740308338
0.0427216003414
0.109525922564
0.315252062091
0.0197056414503
0.0317812295073
0.0495488130524
0.112768986247
0.0945622332745
0.0325624327873
0.0569466058676
0.17434685646
0.166120778136
0.175439104213
0.0144008535397
0.0359145041034
0.037898028332
0.0216051238318
0.0112297995731
0.00577692819363
0.0311481822953
0.0449263894193
0.0468795087879
0.0029667086476
0.00839300442293
0.00857019696519
0.00266173445952
0.171839044451
0.00990227416929
0.00675898647812
0.0216910728081
0.0248932206531
0.706759915245
0.029232261597
0.0107951398431
0.00788996955775
0.0803675756719
0.0409738268177
0.035104674472
0.023573157325
0.0416676865127
0.156793380613
0.571743999225
0.0142489639287
0.0182784848856
0.0089382200158
0.0496229024532
0.0261059561423
0.0305584847171
0.0415863957151
0.028852831139
0.0970424287308
0.131244802569
0.0476209842407
0.0287425408872
0.483590999401
0.00438140854198
0.0196486031275
0.0474883901759
0.104986679968
0.00786187610916
0.00142306444544
0.00748901930425
0.119194582933
0.0463533288301
0.00598136298806
0.0752163824392
0.0530835666231
0.0752589196107
0.287664623128
0.0880199001282
0.0431837195193
0.0218450153716
0.0232646007171
0.0185188267963
0.0025756698565
0.016293533026
0.0178646458204
0.0631202545006
0.0065580898956
0.00107343252382
0.0245895247374
0.0242598099948
0.0474857732254
0.0102282118407
0.0156788960517
0.0631954260707
0.0642898611031
0.021009768905
0.120751985737
0.0321969451948
0.00672466627639
0.0292500749094
0.130223054797
0.109144821093
0.00232084689377
0.0453654261778
0.0577883644433
0.0789526181147
0.104582554101
0.00413792164154
0.00610776072058
0.0326312027538
0.0174469155519
0.0338067530864
0.0252092645906
0.00720593956985
0.0120340680097
0.0724788210719
0.0774577573214
0.00901180280262
0.0675624285439
0.0203745875194
0.0209754697688
0.144035082589
0.0559128935403
0.401349180623
0.0212380959376
0.00442564421315
0.186943960526
0.0843949576155
0.259011698552
0.0100981682666
0.186764444206
0.666112043156
0.319728276444
0.0197194601304
0.0746729224808
0.583704287718
0.00696695053119
0.0123000263419
0.0524132131373
0.294396813942
0.283283650958
0.466176408589
0.00591226969163
0.0306632730594
0.00846975585723
0.0538970422197
0.0620107116623
0.0143767367509
0.0878145726797
0.0323802637134
0.108919851803
0.377453463281
0.00869780290302
0.295087223115
0.0389593970782
0.0557334467292
0.0444264334821
0.165835054805
0.0437527365267
0.0503123152163
0.108628569528
0.467072963478
0.018812402522
0.112092320833
0.107277071811
0.039792126188
0.0241880835742
0.164898435673
0.186554838974
0.00691374090437
0.0369592559599
0.0611806151651
0.00552085432285
0.0272761126335
0.916599108367
0.231157799191
0.0317111621958
0.0744694612365
0.00735261277292
0.0139054318935
0.00824631185753
0.0309545997692
0.0602955675805
0.0216165656029
0.0240828253831
0.00223707973637
0.057454462672
0.185187683879
0.0902763311479
0.0374621305192
0.110722465725
0.0438332975287
0.318847866428
0.052108732523
0.0595637449397
0.0591054163062
0.0172978096022
0.0684153480379
0.00119871644833
0.0154206651752
0.0703181329028
0.0497427288203
0.0563961828564
0.0159454206972
0.0107068270816
0.00544167876437
0.0101304700801
0.0113240741622
0.0516178874648
0.0400497059066
0.055086907049
0.0139278321031
0.0058884010935
0.0144074745899
0.391351529569
0.00779288966413
0.501634641906
0.331870819161
0.0230567149896
0.0144971237843
0.00537491974768
0.00503267489033
0.0160804883305
0.0366327925888
0.0609628266345
0.0185056734629
0.152849956194
0.0187748860952
0.0207500195086
0.00460202050937
0.0791354386807
0.147838913702
0.0159746018968
0.0890828569423
0.0133913327889
0.282736724576
0.271400932981
0.453682938473
0.0747453750735
0.0253748215436
0.00890280073427
0.00893115496954
0.0809706649171
0.0257017418501
0.76489986454
0.123444612941
0.0956937927527
0.00626384805644
0.0191606259367
0.0513593056745
0.134188158773
0.00253120084241
0.0410387206668
0.00676471559267
0.00963722671588
0.0709312226606
0.035017982932
0.337413710928
0.0891962665576
0.0356506774547
0.00459216586544
0.224333671744
0.0321791286503
0.0786390392959
0.0877723970823
0.116353744465
0.0974284253227
0.277850638148
0.0810789931635
0.0224846501897
0.0146292630633
0.0192154513818
0.0296449723111
0.0260952172969
0.0155469517009
0.0331446610178
0.00795209742513
0.0243952416279
0.0190055919691
0.0197890013772
0.153520818705
0.0138842602226
0.0262072904764
0.00245990190512
0.0198467605226
0.0241989923883
0.0410828716644
0.00286179080934
0.188161727223
0.0314430745478
0.0469409565428
0.914868809622
0.530548804484
0.394272345423
0.00296847853618
0.0126010573938
0.031400042329
0.0171492684156
0.00403965860031
0.0208601109053
0.108776894688
0.0532537038414
0.100886510414
0.14497595797
0.00570506277856
0.0177081057477
0.0328885029231
0.0242945506794
0.0202326992606
0.0528235783126
0.0272619952775
0.00589572523745
0.0129186256595
0.00994951093293
0.0108483048951
0.0133663908287
0.0181670831958
0.0944983149722
0.640064629884
0.0471803334841
0.00347054742922
0.0121798080627
0.0949716097958
0.0645617497563
0.0644142351856
0.0255036059024
0.133342765423
0.190750361941
0.495417353508
0.451915462412
0.0220172455266
0.184659568055
0.0153325345977
0.476435625462
0.51545268216
0.0397787110429
0.231935735895
0.0223788057761
0.083491434303
0.00959275623587
0.00528037122275
0.0121417090263
0.0398166433554
0.142819377878
0.0390627232918
0.0175313397682
0.103333214913
0.0167463128173
0.0558725181947
0.020659136437
0.0780038751883
0.150319191177
0.00460524386755
0.00706313138311
0.0132136570183
0.158007410374
0.298860852765
0.127195116281
0.00516366108981
0.00209948696665
0.0718546139515
0.0204988239741
0.0694355103647
0.0174235587154
0.0517279439296
0.0118823248377
0.115082957936
0.213602719506
0.0756558618931
0.00298216816841
0.0175786973388
0.093429313805
0.0998259619178
0.038618542277
0.623691524177
0.00517603187123
0.020577787961
0.123779947255
0.0414692990002
0.0167792912134
0.115604709928
0.0280475732975
0.0407510927395
0.0232155929731
0.0105760788651
0.0244760310044
0.249194218237
0.00752372819463
0.0162024975401
0.00863534175958
0.424407597501
0.0290476900536
0.174021824084
0.00172560095627
0.00738619862401
0.00235218576321
0.163397123963
0.0255773622937
0.0192313054358
0.209183629811
0.106771016842
0.0621072731798
0.0255017488118
0.00260560092851
0.17495331868
0.0591721563414
0.059570960069
0.0136594560491
0.0539781265797
0.033858855321
0.0513421835534
0.0531891938939
0.0069112269068
0.010685456103
0.0629237066129
0.00479448628978
0.0544413418255
0.0283367732025
0.0527919388465
0.0257704057153
0.0276827593833
0.00657769340186
0.0595426075763
0.0675882123206
0.0294954322469
0.0335514886001
0.23275902821
0.00394396112567
0.021702038301
0.0134717455168
0.0213146477274
0.0114940843713
0.00474199943908
0.00398411599773
0.00913027280203
0.0272478927803
0.0361291234412
0.0112338718513
0.0391252787159
0.0202525779222
0.0191915564552
0.195932851117
0.0680415314868
0.222128618464
0.00822274032201
0.0916680386132
0.363509232688
0.01309885259
0.0352452688444
0.111635103627
0.177185218015
0.00123101890527
0.0589973601794
0.0398925020706
0.00390620088592
0.03951947703
0.0103350366856
0.00700965510498
0.117544221693
0.0633541597661
0.089946934655
0.0162188374287
0.0257685259337
0.00818881291081
0.0614222511927
0.0121858899458
0.00501893454146
0.00862250576519
0.35686510679
0.0680273554493
0.00778130396646
0.0100239853833
0.0648157151081
0.0149511772518
0.00547249450301
0.0167808900955
0.0065715624529
0.0575131076203
0.00453426977513
0.0020586497337
0.00168078447526
0.0610030934999
0.00552278663057
0.0555955118826
0.0204963411398
0.00301052039451
0.0663344022828
0.0336423261432
0.0608867755143
0.0248600978895
0.0326952970716
0.116186539316
0.0435438441896
0.176172045038
0.00991990270116
0.0162931125314
0.049402729957
0.0436319394722
0.0413056015386
0.128254038567
0.0420340356538
0.0200182412168
0.015418850319
0.0138369256497
0.0102459641756
0.000680835953677
0.00402428585932
0.0667889711233
0.00588578478485
0.00285456449556
0.0571775591523
0.0117328376386
0.085197107387
0.122398439873
0.262297656116
0.215779286409
0.14653241093
0.198150001968
0.00778541224617
0.0108486687534
0.0258501775267
0.587989782376
0.00311363145973
0.0158120311382
0.0241031426556
0.038568032579
0.0465251163954
0.0125837865464
0.0335098469224
0.17604156443
0.0910389056308
0.0189363188245
0.0533357154327
0.0675543551295
0.0426735850231
0.0184032876211
0.105450206687
0.0103974197231
0.568218668726
0.0461436972433
0.00561474771263
0.2850206282
0.0182297454946
0.0943977214081
0.0299946906895
0.0617354120167
0.0385861813724
0.0105656787345
0.0437166221799
0.0296434800714
0.0243623668662
0.022479373478
0.0828153078822
0.00545055840482
0.197642173612
0.00202890937241
0.0565878802234
0.016380344854
0.00316673587918
0.0537996629749
0.0910785171876
0.0179686638744
0.00834251466256
0.00861734966841
0.169330308951
0.00655668765347
0.013907015354
0.00553407183267
0.00284153611184
0.0472580970307
0.0390859543783
0.0107504580811
0.0834123723221
0.0177792609299
0.136609672725
0.294954156399
0.093112199403
0.01039548228
0.00666527690122
0.34182234752
0.00812956265663
0.0323310922187
0.0515803047558
0.0144454833296
0.0126699069079
0.0140232455684
0.00896854818563
0.0555892872921
0.0308332276435
0.0186474039521
0.0183303384507
0.0141658914814
0.0487451849597
0.0875097557397
0.0813078609163
0.0364283349986
0.751419219554
0.163933634668
0.136042605722
0.00800674488209
0.0147429182859
0.00155353061264
0.302358363515
0.11359699873
0.0151141872396
0.0282731595146
0.0565649756813
0.0175060389555
0.00529773146387
0.0123065265769
0.0801424628989
0.0632358535308
0.00701711307023
0.0806971839666
0.0458325696457
0.0018653610426
0.0178685226264
0.0115406723913
0.0291233264445
0.0130624929727
0.0571352479254
0.0285700502284
0.0370921935867
0.00316765257087
0.0060241604221
0.0160189077179
0.0190093183751
0.316342010171
0.0440476670774
0.033129912017
0.00476483178164
0.00711200612837
0.00658686965129
0.0792739055917
0.00725909087823
0.011971558637
0.0170702232395
0.0129497598713
0.181413491838
0.0910191379191
0.00638101873953
0.0181178391401
0.115219503095
0.0521580838879
0.057715397344
0.0233464687243
0.0134805583112
0.0188135116078
0.0170139886864
0.00256413252437
0.0175038036403
0.00535981149827
0.0259385275003
0.142520158185
0.072275264433
0.015845090422
0.0816135429324
0.0343522442855
0.0633794600369
0.0152999136993
0.0101341211324
0.128169820956
0.00560281956564
0.0243314628361
0.00218519852756
0.0200616980131
0.0509771655177
0.0456902830779
0.33482328423
0.0461613937152
0.00268556821445
0.0109858792267
0.011290250787
0.00410474413107
0.206240561294
0.0853492192928
0.0385239938572
0.0367640510162
0.0404784860532
0.0272750057725
0.0473489050396
0.00486061195149
0.0156961132954
0.0516150818668
0.0118658485192
0.0201211934619
0.0750959880807
0.013157466576
0.0144222362119
0.0903311483904
0.0233655387548
0.721847658773
0.0505228687134
0.0168578653704
0.0533524717383
0.146529455761
0.00818437573954
0.844151220868
0.0456987576971
0.0347207695757
0.00307177921365
0.268772810889
0.0104766374757
0.160447583739
0.0195323697091
0.0083917618176
0.0114898780352
0.0284949269533
0.00326036607292
0.00146616796215
0.0407999407683
0.0124979727636
0.0212198106865
0.0475273712939
0.163502450093
0.156954332019
0.0958562906072
0.00383316824493
0.0257946367759
0.0161957289931
0.0087490026198
0.0173292626104
0.0185327470542
0.0182998226957
0.0104015361347
0.0909609439516
0.0713229205348
0.0285551609497
0.140165764652
0.100383922548
0.0116238396953
0.00132122022641
0.0126912624967
0.186111280204
0.0149688166675
0.0117583147044
0.00751283096828
0.0126201608559
0.406964431868
0.0289581267414
0.086395547177
0.0574687092356
0.0849239155338
0.00947763636777
0.0324240280267
0.0123022604413
0.0337960076743
0.00290418389319
0.0823615270159
0.0296321604432
0.0713137828913
0.0587886745207
0.119633204011
0.0882812222365
0.0758189286667
0.186236584403
0.0100276440395
0.00212662109323
0.0305975045371
0.0119207715995
0.114535896571
0.0204212260526
0.051337311823
0.0218582954346
0.653148611936
0.0237669555906
0.00394977336724
0.49177988234
0.0538051583902
0.0793386236622
0.256085062157
0.453356821646
0.00533342648693
0.0233847558095
0.00698803684061
0.00709578186532
0.0507091539579
0.00404320843868
0.0306806057613
0.0265009960423
0.0243041963835
0.0154138133252
0.179827771029
0.00757541384447
0.0370426506147
0.617033841235
0.00152991359063
0.082083452441
0.137648554898
0.381522135931
0.139055046556
0.403141934968
0.174980570773
0.0322619464272
0.0322999067348
0.0138403241684
0.00787181251515
0.00493162550206
0.193664663001
0.110788144717
0.00512850278932
0.0335250014677
0.00837267484632
0.000723332447786
0.0136429826774
0.00647033341006
0.0213998035326
0.0158653795883
0.0195532093223
0.00665316342281
0.0587557744976
0.0507804179438
0.0538609032283
0.024000577489
0.00114480113703
0.155950787009
0.208421496391
0.00998150221253
0.00269695409376
0.0382119739044
0.122997293446
0.0695233411828
0.022983252198
0.176974648011
0.14827342605
0.386114265115
0.004517508507
0.00974306729889
0.0860591474193
0.197262453657
0.0200718699059
0.118983808625
0.22218201503
0.0389781352988
0.0277592683182
0.0410225359257
0.0488791972992
0.0119642997626
0.133704321549
0.146686967135
0.0141007684383
0.0129986319796
0.0163051535713
0.0219154207725
0.120670191659
0.0258297219247
0.0140651548547
0.0107521957148
0.00834386917798
0.0825993737171
0.00777300519989
0.00889830271975
0.0176173319298
0.0787316757131
0.0596495117831
0.0180820515155
0.00613526095615
0.195886108039
0.251722140168
0.0658168744985
0.00296380014353
0.0153365880336
0.00707208751052
0.0254547919245
0.013795769662
0.0252797286052
0.0668438584414
0.0694511009106
0.0155902464651
0.133478353022
0.00603442017003
0.140397216812
0.124788284304
0.0075404997262
0.00663406822125
0.0719425828308
0.0261992891562
0.0574059114686
0.18109753569
0.1520034309
0.0433133505959
0.0759902791959
0.0113154630593
0.112760647709
0.00434411176827
0.279418156961
0.0666332528885
0.290113212713
0.0155598417215
0.0600077519594
0.0189987489756
0.113284014447
0.0492819187468
0.0267039274248
0.0748383997269
0.0572405193395
0.0024498419903
0.033417379974
0.0106403543619
0.0631944700451
0.143556793034
0.0565493812618
0.0490005644133
0.0922264879643
0.171495947102
0.0519820189134
0.00382005292541
0.0539466501291
0.0121777830584
0.0234190334132
0.0389481741735
0.0085289947185
0.200792545112
0.0503822999907
0.150379699611
0.00763465389839
0.272781984635
0.509652222543
0.0414895962158
0.0760801212238
0.247928602496
0.0801367394466
0.166689182299
0.211061843661
0.0514653702936
0.336163745957
0.00312159988014
0.00343814441972
0.0086611893149
0.00654463671157
0.318241209129
0.0320626620252
0.0133600711544
0.0461284572341
0.0153399921467
0.00916890519049
0.0010439523769
0.041226406806
0.0680532675381
0.00608341172637
0.0048069893519
0.0235940952658
0.0180433799729
0.0704249042124
0.0105108379087
0.0341899838594
0.0155176561055
0.0790879888417
0.0972910706793
0.414426513213
0.00240683693081
0.0218750192603
0.187420084267
0.0353146518562
0.0399994142571
0.381857882007
0.0760014046868
0.0131164275133
0.025202727443
0.00644506385159
0.00219043642988
0.0556499976546
0.0132071543833
0.0198796172239
0.0200976941529
0.0143274716574
0.0153798111918
0.109119116734
0.252540127474
0.0161839060279
0.0358614846205
0.0127423070752
0.0020586334563
0.00330189786926
0.0762856229188
0.0410979207914
0.0178585246
0.0117019978343
0.0373902595382
0.00670958793423
0.0247350291999
0.0146989305608
0.022406464212
0.0711208942415
0.0551909378749
0.0698084017931
0.05234580735
0.031818760679
0.0242735443727
0.0936650681937
0.0979910252019
0.0500994854129
0.191915574902
0.0123537915704
0.0200454209334
0.0254034305052
0.0918618878383
0.44401765727
0.300881681676
0.0802071172891
0.0168567411157
0.0213354854937
0.0117197161824
0.0166323103268
0.0164643132926
0.511746180077
0.0198067018914
0.0112533132117
0.650786334387
0.302940872723
0.0148676774904
0.033224662057
0.228257347036
0.0551201575673
0.017285227738
0.0110450976505
0.00949548535845
0.0760764326418
0.147217738919
0.00916433512495
0.289778573794
0.0647268656653
0.253963298788
0.00739220579013
0.117306163496
0.0685279338904
0.0502809094736
0.0340345575304
0.0220614937952
0.0482366442322
0.575080257997
0.0189685968504
0.0532205770932
0.021921433115
0.0177543862942
0.170925732268
0.00411613084751
0.0321090492006
0.139019070065
0.00271506825405
0.00356373877025
0.00535777244962
0.099907290945
0.00224698173352
0.0191314307124
0.0534922080579
0.0261869396584
0.0270296224639
0.021379896698
0.0062017339516
0.00415683844681
0.0219181724613
0.0183784171924
0.0415895849736
0.00927332562417
0.0124591534361
0.217087390239
0.0226143514359
0.0160373137275
0.031492960142
0.0496034419097
0.0083745906948
0.0802695159408
0.0380684435975
0.0917546969849
0.0104018766709
0.0600727074265
0.00837990498896
0.0142737731087
0.20655627281
0.0342264957463
0.048263693953
0.045957091742
0.302999268573
0.0090004014191
0.0117876245061
0.105687704943
0.0353047816212
0.00261058652297
0.0415666693408
0.0131771543026
0.0143343243935
0.00329334417166
0.0124049229936
0.0170298972409
0.00552589189535
0.00986306289482
0.0632015299545
0.00873334385786
0.00707743169961
0.0395686146309
0.186235163282
0.122291475373
0.0200845260672
0.0219911149561
0.00205486449444
0.00291917469424
0.0576142969246
0.0193564410523
0.0140755626295
0.0212752075936
0.141575312356
0.00509410348727
0.0192104162546
0.00948288920248
0.0419374738461
0.0147855419307
0.062164982805
0.0214103011365
0.0182565198301
0.00440636375678
0.0442801834492
0.0261120105334
0.02072671792
0.00223253085161
0.0601450698547
0.492168169412
0.457034334815
0.087288670336
0.0682280555591
0.0315012853255
0.260295987246
0.0176437353525
0.00305437283343
0.00824222011087
0.0317943007645
0.308034896421
0.0966237509421
0.119049884694
0.257885218239
0.125841015474
0.0158139851912
0.0506846576177
0.0133907275238
0.0295580230301
0.0769551947607
0.131400260639
0.00718886213091
0.370867039373
0.217893171531
0.133723908042
0.0593856058553
0.00925193100121
0.128316625413
0.0387816347869
0.0040304561255
0.00853643005656
0.0929079618778
0.0148357150228
0.0510544557666
0.0346182854827
0.149760077697
0.0950239809489
0.0101196815912
0.348123693946
0.0273199189493
0.0747583224916
0.0141789805723
0.0576004265586
0.0994964019237
0.210994776021
0.116923667178
0.00614565330102
0.0396976039845
0.0433449855476
0.623153129399
0.0118188338672
0.226923809088
0.322058918515
0.0334758110867
0.23964875368
0.0253449396399
0.0446364504293
0.018936534405
0.0434521764677
0.0965759237211
0.0337272674249
0.0165150370339
0.00542044112794
0.0717627009359
0.425112743584
0.080727849532
0.0521159640199
0.0201524790249
0.0230339305988
0.0287599499147
0.0421277321522
0.613207306587
0.104313449927
0.123976214881
0.0643932022666
0.0166307939982
0.00691383679324
0.0296892543305
0.012122869209
0.0268888168399
0.0208152874884
0.192660047163
0.551610171289
0.20162354327
0.388840049518
0.236723488265
0.980742162872
0.566129597924
0.408699637002
0.36111598307
0.65889571786
0.897716242541
0.780003182258
0.479230964577
0.693134690107
0.730703452128
0.0662484962852
0.293953096683
0.991028023201
0.811241607358
0.206806835859
0.652593551566
0.260170012737
0.872244820771
0.306347529551
0.389615244913
0.226527034676
0.0662643379618
0.0820864233182
0.0665524507676
0.0959381288293
0.375988186309
0.0544019421774
0.994717849762
0.996582505805
0.995285592305
0.5259982725
0.125020258878
0.725609345746
0.22590732573
0.883804270334
0.463519034338
0.997522128317
0.0862264277318
0.260752842779
0.971991235768
0.815719823911
0.651484203661
0.57212489201
0.730768416586
0.100551277964
0.344443333314
0.231748195369
0.622779922171
0.0769740201187
0.962198193332
0.934344169189
0.132538850748
0.58448064137
0.976981600236
0.272360936952
0.211587630844
0.365020614292
0.125322803206
0.251559833276
0.832844660716
0.794259513588
0.755949648489
0.0406474534816
0.336785511223
0.193543550704
0.561665083779
0.955608052306
0.998155880166
0.27164159139
0.927616004353
0.591895730758
0.441863845952
0.651972784016
0.780357968579
0.73677467712
0.300989081667
0.584995876628
0.994288825016
0.0489200714687
0.52156582516
0.859749741098
0.713961413795
0.303336357952
0.0162762495248
0.0418789319471
0.117374529025
0.00997613840839
0.00170492358799
0.99909076336
0.339779024433
0.439771603418
0.0894856539105
0.891631823329
0.983858831431
0.611018998991
0.443070601135
0.458231315331
0.977872122426
0.978637017717
0.994267380352
0.993189523518
0.59970579822
0.222449962084
0.878407119635
0.952024624412
0.987642540854
0.996448691697
0.0670513826834
0.60637428499
0.892896458483
0.547089652805
0.0537761906771
0.781095217039
0.925737659882
0.138252671376
0.892552394491
0.967917466343
0.954719082186
0.872226249495
0.22557679888
0.104375638719
0.0913652842592
0.593073088027
0.0198662863296
0.0710834125819
0.0330079319479
0.0399738293898
0.0699659762417
0.058207018945
0.103801999941
0.0929137237174
0.160737850142
0.202042012348
0.127568890946
0.962093346367
0.964132593958
0.354934088108
0.356761781737
0.455414096712
0.257050594596
0.0827761253706
0.060134370312
0.133179232422
0.611638844733
0.90150484379
0.561063297198
0.013027864873
0.0163319125045
0.477941304375
0.0518638039133
0.736171578294
0.441458793121
0.437411051205
0.00516229191664
0.910326407949
0.0618118085924
0.752660993147
0.934485676531
0.0986201843424
0.155233149666
0.578618537063
0.279556432364
0.365642537015
0.497323977
0.908102580195
0.848675260951
0.835513523535
0.973489302543
0.727858038386
0.338185378302
0.0143889369532
0.837106093124
0.134163586414
0.852990005367
0.329861770649
0.133883862572
0.0549188791084
0.193642122808
0.0415935378654
0.61389297947
0.226774400033
0.856425772178
0.134340214151
0.117858769126
0.894582276127
0.896337282151
0.976326760489
0.163034737218
0.297429974183
0.718865677273
0.0830537209759
0.350436112922
0.215805882058
0.0234598565846
0.0585753523136
0.615036702571
0.0404188947
0.928583979546
0.997330421867
0.530420350766
0.975526214007
0.18078180322
0.106899553573
0.852280197618
0.502817026042
0.875859003768
0.396124919945
0.199800074392
0.167882939503
0.481324930461
0.786138187581
0.00870065768303
0.0912251605708
0.648819893336
0.128407279105
0.989965972811
0.982641243897
0.855796522696
0.124054835783
0.025650644497
0.957013613553
0.975201026678
0.369571071119
0.65753065184
0.538764554518
0.366434879112
0.935604146406
0.907976290339
0.504745950512
0.0121992098103
0.643599773532
0.992275322714
0.334595253424
0.450157067962
0.451422317507
0.315435497016
0.492146831124
0.565903256533
0.584152164037
0.394441625246
0.937265909479
0.908052863516
0.911407694241
0.878124433378
0.966692491677
0.981192228512
0.963292354696
0.766825476568
0.928145585612
0.715952787235
0.161103229651
0.98763607754
0.493700223895
0.856524712525
0.855744431523
0.490342886762
0.547269183219
0.375433816308
0.098129341318
0.159876286422
0.809026266986
0.0034310940695
0.755653926763
0.631996051211
0.993662610501
0.886127504575
0.158262368139
0.468028038176
0.310179765683
0.907008279395
0.498700027275
0.899355739918
0.0579222971899
0.711999754101
0.349054048917
0.303617598747
0.459440662671
0.819134373041
0.0443691367756
0.99432719051
0.976496141303
0.965167260844
0.7282021684
0.0633893624373
0.151709169016
0.188545148352
0.344950029239
0.293807322639
0.193738965817
0.843276248899
0.999080327122
0.990530105537
0.204272949041
0.647130386317
0.593868320047
0.813768082295
0.987939578307
0.95484563902
0.772719545468
0.221643442906
0.558988284081
0.810404558662
0.834525626052
0.987128059605
0.963090697284
0.994688406651
0.976981600236
0.922309106876
0.645353224392
0.701125095804
0.983927839922
0.759412787288
0.242231570006
0.971915855644
0.985249977086
0.971570850957
0.0885452324971
0.635089539707
0.863477296043
0.0247845996994
0.976403198659
0.95488892374
0.99240242812
0.987738320471
0.802014195999
0.16856651898
0.844184446421
0.0401873168101
0.209995041691
0.211204070455
0.987834654519
0.0410106280206
0.39436577486
0.145899831768
0.142953600813
0.249342939127
0.217532657905
0.451659354707
0.92391980191
0.715548003216
0.498454833269
0.367691518129
0.0492275835776
0.788066512559
0.0771311805709
0.134033248859
0.0800135608534
0.0708942763657
0.0396091546785
0.584409079178
0.436337418642
0.193133386401
0.37216785425
0.892466261097
0.967891826124
0.800868969871
0.858347227176
