0.246372513086
0.0529815972593
0.25705326652
0.15236772752
0.739290507399
0.56741754187
0.0534681937553
0.357428740142
0.322754457728
0.395190528601
0.0338952628908
0.244043867784
0.212747343305
0.439203828657
0.0698579504411
0.884064761802
0.730748974582
0.0677022448388
0.156285358733
0.0645443462236
0.311296206908
0.223675772466
0.149210899021
0.1182385435
0.23218138468
0.0492608986857
0.274230339622
0.215437588869
0.380686228691
0.571039122311
0.827415923899
0.796450590921
0.0593737716318
0.177240938098
0.715191088648
0.159500909557
0.844389235965
0.178294088579
0.0762428382286
0.916996413815
0.554024427754
0.47352784415
0.557533646081
0.335355955127
0.372515305036
0.643053569025
0.570564567201
0.261673377313
0.628207770249
0.391324175524
0.583247774097
0.485016979135
0.0396935311489
0.338681693669
0.606790158193
0.387202868461
0.536258895843
0.512234859801
0.140420893273
0.554254563369
0.522114377212
0.956172685254
0.93886378275
0.899820892852
0.0433939330067
0.0894144664327
0.0496158615352
0.295983109655
0.118754705877
0.502335031791
0.491916411145
0.403294787439
0.732173681023
0.607432212497
0.266569777559
0.169266704187
0.0180467406043
0.0365578143812
0.887735677608
0.0185206106804
0.0110333972807
0.117860183691
0.627612395858
0.136417537125
0.563370110164
0.378717827262
0.386026029401
0.956482347796
0.118847820025
0.156209310778
0.348570996832
0.0708519439751
0.30749909785
0.735560451942
0.275271861063
0.384481299109
0.288365041817
0.119103271753
0.933912060692
0.0566703412516
0.302665339977
0.226181508419
0.104079620375
0.0473087392061
0.0492791282815
0.172287420859
0.263865781394
0.398148806144
0.59383411992
0.517810269484
0.858445001946
0.629656887624
0.237497458606
0.08710249409
0.366150920848
0.0619437464219
0.72924059771
0.0301193752068
0.0338785492541
0.0701584832817
0.0382240259448
0.432818118544
0.0101231984105
0.850608762415
0.408448418495
0.969278210132
0.912979430476
0.909420516997
0.983083095311
0.718911116986
0.103785442831
0.0344284302134
0.0783517856051
0.129963860311
0.280545404944
0.423966064481
0.360072979482
0.315115537301
0.335677383067
0.0651596119402
0.0764712344772
0.0538397868126
0.0312166488604
0.891009481291
0.0758655827175
0.860257239004
0.0424874676779
0.356736231574
0.711204370089
0.26822092838
0.54987294252
0.297661069469
0.857213802261
0.491607702603
0.111944498211
0.351495444312
0.0735897270491
0.259684815465
0.193994103602
0.110850478836
0.17240289595
0.652740154472
0.177842647829
0.0580247969932
0.351122760827
0.122969724957
0.923810925512
0.638948630671
0.935079071385
0.378127929736
0.157767298059
0.218795139345
0.322397617187
0.343687227274
0.0746452736838
0.197461407784
0.0868006393372
0.0381850245403
0.454042378547
0.268149348083
0.413648938632
0.870242272507
0.917269003989
0.0144540408118
0.417923959402
0.791474716423
0.869630451702
0.373843704806
0.0594248008807
0.0424575675158
0.315541326082
0.021510216538
0.797584032195
0.288509004258
0.135048442408
0.422114840003
0.071916641006
0.0460385890676
0.773035601856
0.939377087749
0.0344724462261
0.176085850198
0.0189970533573
0.295039242651
0.878540113136
0.0524717511959
0.0629710220083
0.0333689805321
0.0595533489273
0.0385089616018
0.180451571427
0.131184906623
0.88131828384
0.0430620908709
0.106222082909
0.0287926453535
0.0226089334699
0.200176853241
0.759223029843
0.252314512023
0.0684388165538
0.437382329377
0.0456285384536
0.583814719714
0.298513356218
0.889106320834
0.681482870696
0.282206554717
0.682533752982
0.799253096152
0.167589518198
0.0829022262478
0.558191980181
0.118790141333
0.205253834556
0.486727103386
0.0465389561384
0.847915104819
0.0217145817334
0.100828118718
0.0601432626639
0.0348198647441
0.0246781898541
0.0706735757768
0.201522370677
0.528612869046
0.996191509047
0.983229979517
0.448365380204
0.514232508812
0.718525764383
0.376062697
0.0760113784628
0.266205094483
0.385029166221
0.124159941981
0.0317506466653
0.0423448597825
0.0387399557648
0.159242876
0.0422265225556
0.0782879342649
0.183190225548
0.844565270668
0.631489952205
0.0932625038864
0.775355526808
0.182239746141
0.823102364178
0.28343427082
0.122119004924
0.049655782043
0.0780455811092
0.0373197356495
0.10448790943
0.0414962452363
0.0728818890553
0.551387378891
0.0282917218115
0.207013227503
0.907540757285
0.422934258063
0.502293739073
0.675030772097
0.189355207282
0.435845570984
0.508960988692
0.0460911271084
0.075898027598
0.668872416774
0.349923032878
0.135538721475
0.70144565893
0.263849606525
0.0316658879577
0.378148338806
0.66130382393
0.06694751327
0.564363398208
0.404109261145
0.0973435540639
0.0727244229674
0.385209025882
0.0790724289231
0.447828066096
0.155009816276
0.127595833263
0.382052126469
0.598413210838
0.554863509894
0.0724650973052
0.0308319222438
0.378060320368
0.0787107980217
0.211207442343
0.519872917238
0.100141878797
0.0858391191279
0.979275936389
0.260332178704
0.490866292151
0.164861324288
0.203708427148
0.317685142355
0.0366126037885
0.789248602325
0.234569666164
0.0981963603472
0.0706325286172
0.986900979322
0.0730554189568
0.0375369214702
0.428385773409
0.594667511698
0.252603751142
0.00666541106042
0.980245321603
0.969058870933
0.131641431262
0.0336474061482
0.674389000048
0.650738847349
0.915124866254
0.925482079216
0.266829051103
0.191054633827
0.0402771559843
0.0311560680138
0.0252267008359
0.034763752466
0.707917999514
0.500916773453
0.512338051948
0.227720688591
0.241300830932
0.185065020753
0.0241250440326
0.826765103004
0.10709929191
0.757654968447
0.168811717222
0.183027979069
0.885563895869
0.142730405236
0.944879187763
0.756034926154
0.615345271716
0.705836257701
0.125889363446
0.0121162885583
0.47164788947
0.412467172728
0.431803972918
0.156154944217
0.443305278811
0.403588228297
0.335365507878
0.919355635233
0.102629745764
0.233091593117
0.0178793242801
0.205373149438
0.138017315103
0.46244572324
0.969092571294
0.109359072461
0.882980111699
0.31707702829
0.0552519035759
0.515714406078
0.413067639878
0.00985215796408
0.00777704438699
0.0275698855518
0.774085701869
0.876356776868
0.269493120767
0.131758146274
0.219271077718
0.465197070176
0.171160961606
0.0320181732968
0.648405740769
0.116181912215
0.142424050056
0.58786491893
0.257898252289
0.127642878349
0.783464530561
0.396115596442
0.112348871306
0.0963207124944
0.950095163268
0.508361322332
0.139335561634
0.420151746604
0.0695053576123
0.851382952082
0.968035328377
0.299007487612
0.173444149841
0.095215010906
0.389515954143
0.410548194874
0.0204930083871
0.0256771774548
0.471735050892
0.317737139164
0.984435702086
0.382853495389
0.0714046545974
0.100085314351
0.0217270640929
0.0408375707965
0.151076719175
0.079898601169
0.66963384735
0.475188505393
0.990943540913
0.960182446776
0.0209080372806
0.0211825394509
0.431080912064
0.177399883831
0.4125931998
0.224260107028
0.5368211487
0.0343234668815
0.155948734326
0.148451814435
0.218780908919
0.0372271084861
0.071357120385
0.713921301381
0.62870372804
0.336242618476
0.292957545139
0.00983081964446
0.219587302885
0.0890004789665
0.0728053370906
0.18565519181
0.710322169855
0.233450071949
0.634516002625
0.827873508204
0.409348015036
0.215323074841
0.114742215998
0.763890312659
0.339643793154
0.258712433412
0.474644794601
0.725913064079
0.443188959315
0.760999669018
0.400516317728
0.421898611144
0.0925999958069
0.108281276916
0.0315742307189
0.923266932299
0.0736155630352
0.0146934798058
0.102583261289
0.0888180471164
0.0952333244763
0.0961507884043
0.0447053849525
0.120531251929
0.103202016916
0.484695589103
0.0500923709964
0.0338861573121
0.0794752979594
0.355428962105
0.124964524713
0.111080997819
0.0280193402232
0.629471148461
0.706096008727
0.455465829387
0.276131374849
0.534130609293
0.522181547392
0.475505081599
0.430960853129
0.073594288261
0.122696595147
0.0548079120317
0.300119928473
0.145316275413
0.326293631576
0.109013682506
0.0286081119837
0.0480757863275
0.419887829443
0.0421118014534
0.10758969152
0.0662773075818
0.800652678729
0.224826298889
0.78361716673
0.943121323145
0.0621277361285
0.119296083418
0.131952879811
0.819487274753
0.543384669588
0.668958414705
0.167005602408
0.0764868011347
0.635131694029
0.584019488666
0.477020890934
0.305844572
0.458670082226
0.218610341421
0.20921491428
0.329714748401
0.269509795406
0.243694747892
0.15817067152
0.299191658247
0.645453340413
0.501194378706
0.324355982257
0.019127743094
0.203590710844
0.854428984842
0.549998772311
0.352189169614
0.0181653533177
0.227223430451
0.230171578513
0.29859238384
0.049863019598
0.592449097136
0.785358930735
0.051113332801
0.619248622941
0.276015258847
0.556432528489
0.0782329527064
0.0265635751646
0.0138540339525
0.857853659864
0.0402550175315
0.385357259374
0.234064669469
0.037342212537
0.919665425929
0.0211265815228
0.671937133786
0.217335791631
0.450412866572
0.922415535901
0.136901871125
0.0277728604622
0.0346288899512
0.0419726598555
0.863370941281
0.267370495167
0.124861477639
0.320188953342
0.137570734488
0.799173065604
0.0361087147204
0.894440092959
0.0454228306187
0.0200097088586
0.707031650687
0.0366274970584
0.0338511207587
0.316976579129
0.0108458050827
0.0370461899595
0.0587991884896
0.196950829306
0.709822400664
0.130190180348
0.400156109136
0.346834116192
0.104038249673
0.0232068522042
0.0920172810378
0.175327837277
0.16616350804
0.0369191689267
0.353173768878
0.135822118669
0.0244882790458
0.158478390117
0.873269511364
0.836513178695
0.715477281024
0.0357944800964
0.0226677433869
0.0843197556092
0.0107716381396
0.0707176754317
0.0179240322716
0.941223899725
0.338575232228
0.482451079003
0.114086092929
0.394195826069
0.0929681665856
0.106586642617
0.0166253563597
0.0295808639157
0.0884957536785
0.687898674664
0.759315158009
0.0750731999713
0.606520250443
0.578900724613
0.164811292209
0.338760385442
0.153533196914
0.123590786285
0.948102970871
0.437437257576
0.979429981813
0.304010865542
0.627028859321
0.307409457154
0.671270333012
0.948253581644
0.788139323562
0.946568407243
0.082971526748
0.171262710549
0.664600106891
0.381804850781
0.133659197475
0.0352110894177
0.0257861278103
0.38121073256
0.393825543138
0.440528094526
0.0464161113615
0.231425091881
0.0650700675937
0.0259648997983
0.0242796274624
0.179059223209
0.219687610059
0.235959692285
0.0927583270157
0.105207070787
0.144431457552
0.491426686522
0.038253465039
0.183560757475
0.468371856198
0.0450769930709
0.110005158729
0.050051037024
0.287136994284
0.256667098979
0.563532670316
0.207516705986
0.449430567106
0.032168395047
0.0361786220188
0.609889007972
0.314690201558
0.85650292462
0.479244092504
0.0152476574429
0.0788198907086
0.458145793804
0.280996302621
0.220426641563
0.0769884729722
0.0100661933253
0.0352928943528
0.0248730231818
0.875355687494
0.141776904917
0.657286892092
0.0614215447579
0.0190271045542
0.108706644049
0.26498353985
0.164990807892
0.348120930627
0.681199525198
0.143153827647
0.632027820494
0.0965029017745
0.221299013487
0.77975326171
0.845632217329
0.855534046856
0.447651646749
0.141065208702
0.140088609539
0.597032232663
0.102435738069
0.652472444151
0.03749241271
0.0281709772245
0.156912545287
0.927698400111
0.513182926127
0.900399353514
0.253817401801
0.531379760654
0.100164851117
0.0685068502434
0.0274558312615
0.325089246041
0.0588848781149
0.296667818466
0.19964954612
0.0918579519315
0.0603832652883
0.159306574883
0.249660294543
0.476932097549
0.600459869037
0.534108433751
0.27805737681
0.488999704
0.215824582729
0.28229034918
0.557036286784
0.0397051295623
0.609369055523
0.0928405525503
0.385460221593
0.683541468692
0.631789067992
0.0196034311203
0.127888000031
0.498822203961
0.041815349031
0.721246421622
0.0802431640883
0.0536608937321
0.399048122638
0.35378524891
0.848981750101
0.703379177706
0.183086665718
0.876435952704
0.0441390560556
0.689422486459
0.13355672013
0.317692359758
0.181440763766
0.268688426181
0.110735856023
0.970624948268
0.160733543032
0.0603258127751
0.0495653103762
0.0570718071957
0.125569819427
0.0255281096151
0.0870984832435
0.706104539713
0.043378494148
0.0145140157982
0.0303348000581
0.312046085971
0.142479998951
0.0695119138749
0.559577242499
0.522918660887
0.129528070975
0.918257946301
0.147423359668
0.116457528237
0.328330935424
0.34745481599
0.0382523594086
0.0712994279285
0.0527013202005
0.667456598018
0.095607150947
0.110771063097
0.246554430131
0.00993542111961
0.0138929993019
0.204551639814
0.685998935633
0.0309221920852
0.0862703232792
0.0207636967788
0.0170516155195
0.131070483818
0.038070854622
0.031095415688
0.257623750596
0.494795490306
0.203318898131
0.118959703347
0.130989502758
0.148071954261
0.2673667831
0.356192081962
0.0286809029029
0.657716568821
0.0281650486475
0.248781078574
0.142976388262
0.0495411714578
0.0194165166954
0.362691465779
0.106206887554
0.41438366473
0.820568185335
0.130288516097
0.144180795724
0.0477731488582
0.0112978319125
0.850905025905
0.605197165256
0.0691318347831
0.0483773316906
0.115648040529
0.0118767949797
0.827895338805
0.957818607681
0.0877209048247
0.551424542393
0.254421860691
0.251351617596
0.0500559831353
0.96931385012
0.316394524881
0.359809066341
0.0524969806763
0.737188109569
0.021174404839
0.0130426872374
0.584927683754
0.0359977787095
0.799295196327
0.478333093185
0.542630497952
0.0109942176291
0.0103014784993
0.324261222253
0.236767977216
0.247243459369
0.030906725571
0.563430580194
0.441277076992
0.0398029237191
0.0198358880434
0.0141141388314
0.831984875412
0.89438095386
0.178954419285
0.176062206574
0.0374741430209
0.142854059861
0.796183938727
0.367833418918
0.0556610365247
0.130366971436
0.0241548486138
0.876505887446
0.0580976264102
0.0582631149477
0.0978387130306
0.0289992569836
0.0199357641967
0.0696760459361
0.802754803639
0.0497190498898
0.114036685295
0.357760938865
0.784771876619
0.0364570362501
0.173421300032
0.0272557484583
0.0644375368275
0.0631489296913
0.0509821273451
0.115748047701
0.0440604411463
0.132743044656
0.0287675988304
0.11754619923
0.00850923275931
0.00987337055623
0.0248771846924
0.0055305007335
0.00356832012244
0.0399485857417
0.025260823505
0.39449867568
0.17084236576
0.779893974864
0.103013005403
0.945637121853
0.972206381006
0.952627147614
0.810971823369
0.606187415171
0.100728940996
0.106451419919
0.0572009048652
0.0592041185882
0.0290524788164
0.362929308454
0.852872193662
0.209677209237
0.468042632955
0.0750021788484
0.318987650638
0.05078299665
0.0872455231553
0.172625398797
0.961031281175
0.929357780772
0.97241337001
0.947479677615
0.446683683519
0.0423578755476
0.0334975001061
0.092919683477
0.961139157576
0.157856489261
0.0491760969052
0.0373941572969
0.0528804195586
0.100283285073
0.0360649172559
0.0347266031694
0.0428917040499
0.132283434301
0.18350575231
0.138297109049
0.14842719694
0.992827088475
0.989800385407
0.975876370647
0.920719740155
0.972683302685
0.262213595026
0.0520130708354
0.0344414648657
0.219440548645
0.058227434229
0.0303252509444
0.0654732448991
0.928799877429
0.928155871628
0.0350830726409
0.502529554807
0.0357513106918
0.0382824546173
0.0691437151974
0.00420723961209
0.98232329238
0.945046742908
0.0868234499937
0.986406370922
0.96574708458
0.676554303419
0.0788658782837
0.612214075083
0.288576757728
0.248571661173
0.116891898802
0.86091593235
0.0161846162674
0.921121592807
0.0137489566672
0.0823698714159
0.26786652457
0.35966668929
0.0281687708163
0.796353070858
0.682866973665
0.329804356263
0.0880751960796
0.3653641051
0.931316985337
0.884969759417
0.149244118831
0.908402066747
0.253897962268
0.329307033503
0.0903517877489
0.954677694722
0.0856786754165
0.313333935003
0.694158652559
0.900969812697
0.804683842597
0.589638543718
0.0674283822193
0.315859901926
0.0997243350851
0.418849239408
0.656749954645
0.0352258160955
0.196180123723
0.440939610058
0.174048500575
0.579765100777
0.0464100130971
0.0862667117104
0.03216271341
0.903698356565
0.254195868841
0.370415143636
0.352583491354
0.296455747601
0.097926002904
0.212074928092
0.77933771797
0.143611546786
0.0983144128596
0.851868973144
0.929580044194
0.300033482158
0.221587319167
0.0475461867139
0.545381049655
0.167613762023
0.11662107308
0.731914459567
0.227483117504
0.146348458578
0.373265725563
0.0699930992333
0.574218880307
0.174593567642
0.403607538806
0.622255723286
0.320600454382
0.911971834063
0.945968300675
0.502569068592
0.178473008774
0.0648688775051
0.912958113584
0.364509767763
0.405450095244
0.0621280006212
0.439021558835
0.692135946589
0.469380562985
0.16906481083
0.431662346312
0.165467871414
0.922597850538
0.958828267492
0.868969623291
0.814808253998
0.953532151337
0.165680272031
0.287304440072
0.13636247002
0.70531377972
0.403360168324
0.0476765478746
0.246665098162
0.0934225941042
0.346590611003
0.0971968062687
0.135562647375
0.555485135082
0.356093283785
0.157902769622
0.336694490841
0.173524925662
0.922301526603
0.0273092635825
0.208025449355
0.575140834492
0.528894245252
0.0226493162025
0.185536366085
0.562452645867
0.0208216319209
0.689448590229
0.0366477417568
0.122291558259
0.0810523160098
0.819497788883
0.186308662564
0.773022172677
0.311528685667
0.0285121335393
0.00791257897098
0.502621575429
0.0202476158654
0.0316411159799
0.0236102174956
0.0676537946082
0.0440308724542
0.103971179769
0.136746218298
0.122215072846
0.0220429609817
0.0634986821115
0.0288858545735
0.0192742367836
0.0403448111331
0.0564047822192
0.0252486936844
0.0489959982207
0.0371830617844
0.0108095393113
0.0591379685139
0.063812880834
0.0469013282438
0.0236507485613
0.169717596752
0.167979859199
0.0846957673189
0.377550203567
0.105458773043
0.0361417004922
0.178825573256
0.214618317155
0.0392645646794
0.0250533129565
0.0346451216758
0.688418884546
0.0772292594862
0.106255204425
0.0548547736111
0.0166905527393
0.0262677811491
0.119704176487
0.29132355761
0.0402376254501
0.0448653162992
0.0156630253111
0.0300879361121
0.0493628037272
0.467967224343
0.470575700722
0.177452658581
0.0277592943425
0.0256095521754
0.0329281098188
0.0490108955094
0.0170374895326
0.236767977216
0.120908481581
0.0527775511235
0.121009274099
0.206750955116
0.0383506401008
0.800532035212
0.0574813655646
0.0221863980433
0.0294595542267
0.627937050831
0.0295992203658
0.328131912128
0.0957677403018
0.0896856511703
0.0429343828032
0.0174040591103
0.0770853193691
0.0169835747299
0.348405694621
0.0270693452258
0.15598343953
0.41574338944
0.574551001843
0.0797119312998
0.637090219352
0.0355604314588
0.0610700907449
0.415132996828
0.690852557833
0.0713218971892
0.64393689077
0.930099965552
0.557533574856
0.390363991953
0.159469849508
0.0812505488864
0.158014029227
0.029175556312
0.0100744839914
0.164243282684
0.0765910577692
0.0987178464496
0.0159891566784
0.0264141014624
0.0213792463839
0.171556653724
0.00467755415611
0.0102491039517
0.134924076146
0.030159516305
0.0209397339765
0.0357484835994
0.0358095350662
0.00705011974514
0.110919230712
0.177129536393
0.0392880269348
0.00869387833676
0.699985547936
0.294905789985
0.196004234975
0.0313827886935
0.112134391977
0.0960689184363
0.0256685217469
0.0600286794209
0.316832219722
0.0137377084382
0.0408514134905
0.0443068868955
0.0619147074921
0.0196956965017
0.0237765468001
0.0342235865008
0.0193115390715
0.153379282323
0.0361964792102
0.427654530685
0.511136752322
0.0343666355944
0.0323762521222
0.301006473985
0.0531744349227
0.00837038261464
0.0880737887348
0.142513650271
0.122876303767
0.064218531814
0.123007406694
0.0570601944447
0.264892521467
0.0690492740804
0.0381268363452
0.043952508473
0.211525307141
0.257847908978
0.0556384344387
0.581860216231
0.0593860745677
0.357939440019
0.0222235810364
0.0334845435459
0.0300935142937
0.0706427571203
0.0693505563083
0.103290100212
0.0580489556652
0.115690383563
0.107190926084
0.00908763249552
0.0157859464603
0.0323956058047
0.0635877277035
0.0457271013767
0.120286607411
0.205232477878
0.0781176998538
0.116930942527
0.0742895242814
0.133701725244
0.0574409268801
0.0609309621493
0.0737500552703
0.0516301444804
0.168707143906
0.0615058317446
0.0680567710353
0.105376046379
0.0395986627631
0.0737681721235
0.111261347758
0.180200127795
0.295409015381
0.03269929127
0.0355708660615
0.804943524992
0.0556067166407
0.0292322698685
0.0487969619823
0.0992133830595
0.103026830975
0.0327381070048
0.0514606895859
0.0836585438641
0.190558781
0.0848188970397
0.123009010535
0.260799968615
0.0407547806846
0.250987813937
0.0574302047687
0.0930235074397
0.0279591095957
0.181727365908
0.0125143617153
0.0498295360695
0.0634987653613
0.04935359701
0.116301227488
0.0849150932917
0.102433094965
0.238893165189
0.0434987221302
0.111669578647
0.198228256656
0.0482195223029
0.0706850558171
0.221138250002
0.0523436795905
0.0301379855227
0.0114773846268
0.0163469538142
0.130689193891
0.171879201075
0.021020036034
0.0257648609238
0.0326402902495
0.0997103924603
0.00981212280754
0.0348000613288
0.0381707577449
0.0319178075008
0.0832129538734
0.0779219520101
0.094141515847
0.226696549057
0.0205758030017
0.119402698711
0.0430648711894
0.0432312762401
0.113710568839
0.0354411541039
0.0826110576752
0.0379178556618
0.0374376265942
0.0185549076154
0.0622784584004
0.0175492468713
0.274555082979
0.0337930768564
0.0362029013767
0.0643640282757
0.310416285936
0.664723019177
0.612452327575
0.156739655721
0.167265698074
0.241813450586
0.302006445323
0.968050535336
0.0234201749876
0.056247247963
0.119844487508
0.567223670415
0.634049883858
0.198381882893
0.0695091657136
0.353530145267
0.0148504027939
0.181811639952
0.233608067207
0.0217904521855
0.0226044282542
0.0149069525805
0.735505521854
0.772711346745
0.250211906912
0.153486362408
0.0506422350148
0.031531672611
0.274869511073
0.0275689131624
0.0397988354075
0.368320026408
0.266097656614
0.105045659237
0.0368253422755
0.037854516861
0.127065934093
0.307260837609
0.0265354997354
0.0363853311584
0.0448144531745
0.342263313048
0.158154771512
0.235748611985
0.0591888296777
0.0208797456173
0.232277377372
0.0221384234852
0.0527948036559
0.0487976722407
0.0236405609588
0.0508464990713
0.087459233015
0.0466382851962
0.0266762522217
0.0147377370431
0.0345431027347
0.160853616938
0.357048919337
0.0470455938137
0.981587756019
0.940515878407
0.746552722387
0.0296394382541
0.807366905171
0.831703837053
0.0302059567068
0.0118864468097
0.451596579004
0.0842570509922
0.0702269528492
0.033184331155
0.0159607757327
0.213370793999
0.0203078103279
0.0125547751891
0.159728165065
0.050782806102
0.0627244297624
0.0233763936933
0.0608628267477
0.99258034656
0.957061417035
0.112936794687
0.58065627998
0.0908496709563
0.0965644242693
0.0452722253467
0.0427511435393
0.0156591456625
0.0697850267178
0.218286878912
0.249663339899
0.202577174329
0.470813095847
0.141210967357
0.419844011788
0.0325277700329
0.236531613025
0.0707001088887
0.693415589769
0.016765442263
0.027299748056
0.0849715151949
0.0138802416751
0.481084243469
0.0459871835784
0.0699697318449
0.247101754791
0.0818688743908
0.0296482291264
0.0220306315278
0.142654810778
0.084085081728
0.012560207298
0.0442668810859
0.249583286068
0.324494718396
0.166779741926
0.36599061263
0.180614358044
0.369789692193
0.0276893226524
0.0168842096479
0.0187623249555
0.0614040723662
0.0609072099385
0.0488679399016
0.0143186661477
0.0303135524727
0.0320565035659
0.064063959896
0.0864669925274
0.0349221114434
0.622154772897
0.0454717740829
0.189467259441
0.103692844393
0.126490420972
0.0184091801461
0.0193332887236
0.0323066639813
0.681619510702
0.0165876654393
0.657292383897
0.655296160519
0.871478792742
0.0186680817097
0.0249555957921
0.0200762139685
0.0141155959235
0.012161985776
0.0126989552185
0.0185680220805
0.125748441121
0.0653052458604
0.255731357738
0.0673346267379
0.0792488494925
0.0448002190617
0.0241947049386
0.555178334024
0.334030774328
0.151284465447
0.0531614635693
0.0791691500286
0.0411834858488
0.0189353199363
0.0162012469327
0.0715229190698
0.0218915025895
0.679651879034
0.439702915431
0.00515999789719
0.128079335393
0.106561648289
0.00761375546969
0.0393753877075
0.26679443503
0.298354163197
0.197826159287
0.222408126535
0.0560884427365
0.0504857360454
0.0208379688351
0.0233918492278
0.0997548097951
0.017047411881
0.0251233997051
0.0194602236094
0.0819254086424
0.00633858499059
0.0429809794347
0.0745833356726
0.061564481312
0.0666179974788
0.0581236453586
0.0613114721615
0.178325258487
0.0753851753325
0.0117529715903
0.0590337709945
0.392913594145
0.0162399181076
0.0271343669748
0.0397898323662
0.119774799249
0.070220542792
0.144459632427
0.0166468619355
0.0436108893473
0.0432771915097
0.480974970651
0.953510507284
0.64603706628
0.112581775918
0.0253113442113
0.490951381396
0.0144975405129
0.111312330397
0.0141180199335
0.113858424935
0.849147125332
0.0179345358249
0.0419032875076
0.0322761477506
0.033551547461
0.0322926652299
0.0321541926162
0.0794325310134
0.0806507484062
0.338016244312
0.187473809895
0.17879549542
0.085139419872
0.048017168984
0.132019506957
0.499144619282
0.0449246573575
0.0360614903043
0.488313544128
0.200814186758
0.776351095512
0.473481902925
0.0517970837919
0.823961587674
0.041344417219
0.0845898147195
0.00973447694422
0.294033099366
0.0822172794816
0.166663462007
0.579999382664
0.0590911156876
0.174802922146
0.00805402058133
0.0346958845252
0.034061550178
0.0534107785444
0.236317350904
0.126211353783
0.0809129826097
0.0161912601537
0.0563751142909
0.0623227521274
0.0223991578109
0.863824236239
0.0472749784427
0.0380807458683
0.0480410699924
0.0299645048599
0.0158197063529
0.198795911581
0.0609556156352
0.703074924869
0.0208417137302
0.0649075302737
0.874379896835
0.0163301242078
0.161684771086
0.492074407599
0.0552126214191
0.0302449786294
0.136157035134
0.0689233108411
0.0512799900854
0.0900221930905
0.01039479947
0.00873058244654
0.0383232263142
0.131005068608
0.106286381159
0.634439601705
0.394931070518
0.586470887563
0.149956055721
0.0223907999496
0.0711141954646
0.0170441329794
0.0103758059815
0.0175344104306
0.0600024344202
0.127157383354
0.322540387345
0.18205485235
0.128313044432
0.0151946829215
0.0129197308097
0.181635747796
0.0105884389357
0.0739419420329
0.0373036016255
0.0192748780738
0.0190948710741
0.0199901926048
0.0282071405935
0.120837864699
0.101979215076
0.246196644614
0.0597370414409
0.0152376952739
0.0367894034304
0.0287772335441
0.89719094684
0.844107539638
0.102211958922
0.0510812360534
0.105767324406
0.0770433900475
0.0378759637783
0.040695103854
0.032481761518
0.0670824837118
0.594917242429
0.0991513181653
0.0131933919
0.00995025676499
0.0395603485441
0.0143674698571
0.0225796574524
0.0901054949515
0.0735783305161
0.0356572062788
0.753125491411
0.24248530139
0.0446953218168
0.0448064929763
0.0250166675947
0.0176057172177
0.174288408795
0.116295128085
0.0176509662142
0.027327370222
0.0282794368087
0.0641554925767
0.075438693818
0.0384454095422
0.0951061395187
0.0770540661019
0.18301829222
0.0459966270644
0.0496797283253
0.0341860936305
0.702595538199
0.152906180255
0.444116556802
0.263622785268
0.295722011262
0.0164189455196
0.0152958682491
0.0249819761818
0.0329547421172
0.0880285093943
0.0917889728238
0.282272486714
0.109853249723
0.0241483335133
0.0916879632287
0.016606740136
0.0221388766055
0.0246702283495
0.0353041932906
0.113807259168
0.76733242086
0.0285503212099
0.10556183651
0.0132101234413
0.578124902584
0.0640358962839
0.00544475522209
0.274768493326
0.0692901021849
0.392285428588
0.0629161925185
0.181342761104
0.102963658346
0.0320646980452
0.0237891233471
0.088024347333
0.0526472981924
0.0307853211887
0.00459081786298
0.0558707443363
0.0179906668036
0.0485841402731
0.0399443165397
0.927415655305
0.368165208847
0.806466976923
0.021703214725
0.0607363846883
0.0073938815709
0.0408094843796
0.0212915759722
0.0098688854355
0.035822272987
0.00990824993339
0.0667377958519
0.0409046764884
0.0446242748365
0.0077042536158
0.0976830822637
0.0225304992999
0.104932281725
0.0992391465423
0.0902097764729
0.841592930249
0.851642278348
0.172928754037
0.0182677355041
0.0414058399058
0.0582555807804
0.0972114294503
0.0378637619642
0.390049080743
0.0368994833423
0.0879831031509
0.0068551633222
0.0323704538661
0.0510189311765
0.0240460562331
0.103868666916
0.0265425808919
0.0268936568613
0.18604085687
0.0395015212731
0.0380518625071
0.124070091001
0.0612589293302
0.187238715003
0.0355756452761
0.00661295750875
0.124649172604
0.204265552867
0.0645979857084
0.0400910096733
0.158718863143
0.0415871569679
0.053462001491
0.231769796138
0.0444335267243
0.0231501844546
0.0285144897097
0.0300325624365
0.0201244301438
0.00977080490368
0.0395794667284
0.0248160650028
0.144378355269
0.0454044367906
0.0389817598837
0.0466739612959
0.121068154739
0.105119693576
0.0213092156421
0.176446808543
0.129746602404
0.0417303443903
0.0403808807967
0.175071565219
0.286290618967
0.0214883682897
0.0423203613903
0.0907680840587
0.02111959396
0.0496260773111
0.0247402817928
0.125528953671
0.157728510527
0.0882693577444
0.0306361527332
0.0088199598555
0.0391443967051
0.0813321004273
0.0152262038149
0.872457900433
0.548556393298
0.600243366507
0.0392768220119
0.546769076504
0.654660540321
0.0211665495124
0.105605435117
0.0226117929187
0.017506470718
0.0137546605489
0.0288969596841
0.165633728216
0.0757837467493
0.067207063105
0.0285908101246
0.0379240420678
0.619480984204
0.268913394758
0.054836722348
0.993355996722
0.819905944913
0.0493148746383
0.0102507344999
0.0314718505753
0.0210095571027
0.787019651406
0.0286811975109
0.319383461544
0.0226240840535
0.0687195788087
0.147320259188
0.0785502739438
0.00955955198189
0.207057996402
0.937377629961
0.0395694366773
0.580955533156
0.83447257616
0.589085307934
0.0366769215262
0.0344976561672
0.0344430772117
0.052491329645
0.126138620669
0.0493471893029
0.0593913532245
0.134112451155
0.867209520571
0.180872684733
0.0165379499825
0.0150828141932
0.0741647567134
0.149838435665
0.0182163251695
0.0207771462671
0.0677448252098
0.161737414998
0.148833160746
0.0119013472687
0.0499459365185
0.871457391737
0.0298501558283
0.0362550358904
0.192665673566
0.110102989987
0.125950214783
0.0791620360904
0.940384529559
0.0685653112281
0.0246015208076
0.0317491451869
0.0449532585048
0.0213341026414
0.0162616530573
0.0609690622834
0.124547324581
0.133906733361
0.140644286847
0.721111432673
0.0196963279436
0.0968363667824
0.256007534424
0.439078035138
0.0235685551147
0.22242228819
0.0533858807572
0.263616021246
0.0213535006531
0.0161279359559
0.0734798210689
0.11225766016
0.0483378517301
0.0476626414766
0.0429837123756
0.567829161793
0.615491187585
0.0791373854188
0.169849733649
0.0340273589771
0.0221412592554
0.0352649886061
0.0166292488814
0.0510160416515
0.0294472172387
0.038618371733
0.0300419432479
0.0725334608811
0.0466323065644
0.0347570608159
0.0567602863589
0.0507439248946
0.0792022098883
0.103581659022
0.0466265379203
0.0226153874286
0.0358100042052
0.0304807401888
0.0621625174297
0.0855086354169
0.0643036342728
0.195311934317
0.198675597273
0.0969813554462
0.189578592811
0.22895153504
0.0454323980645
0.0239354162129
0.0677110061165
0.0252473127379
0.0870107916508
0.845571682487
0.345786006197
0.0215964255185
0.178481810647
0.522483402439
0.10346571308
0.0153725435108
0.107676010312
0.288917228259
0.0244214075937
0.056675648185
0.0359711580479
0.458332739478
0.135993781249
0.792135094223
0.173699240245
0.309053857625
0.037343280096
0.0548611003797
0.11889196759
0.0580813451839
0.279368617665
0.0479579544295
0.417282311384
0.0512614699284
0.0315588928696
0.0575305814539
0.0327308231176
0.152912246234
0.0488352119571
0.0346710485431
0.0695749369347
0.0903805909686
0.0295473312964
0.0207403960474
0.0257306056102
0.536751690746
0.449456501921
0.16570400449
0.339614588039
0.14396025163
0.0221219527869
0.348882639146
0.0769494129993
0.209883580107
0.0258703036959
0.124456327478
0.0471597745543
0.131275680822
0.113251704952
0.0603380837245
0.0098310410245
0.0369323182247
0.135487073982
0.159803425509
0.201607347102
0.599162741413
0.486186979004
0.304750376424
0.0319109060945
0.0845057121255
0.00982147994099
0.0705798291627
0.357381161292
0.0145484921576
0.110409757977
0.0237361929407
0.104278141376
0.0880517882452
0.123156291249
0.700524933938
0.0807356905903
0.0790635495963
0.0211711150647
0.0517006478575
0.966716467428
0.942139780869
0.105048512825
0.0621593467273
0.0219817790422
0.308240221564
0.154413008434
0.0451307850094
0.376112113265
0.0495581056448
0.0479691896134
0.0500910117585
0.0757501070803
0.096857492657
0.0793073928471
0.0329866882132
0.0320432535872
0.0388772374388
0.100817220719
0.0486002172713
0.462769919104
0.111030903955
0.199341176321
0.102094854476
0.124024132395
0.238981713707
0.167233789069
0.0502580435523
0.0851022995315
0.101711678433
0.0507018410682
0.995476052838
0.996082046342
0.961750895744
0.01468114842
0.748871933424
0.085969633669
0.0213849566216
0.0144133292632
0.203525136656
0.117713115479
0.0254370956135
0.0426664756453
0.121482942131
0.056610503989
0.030467345366
0.022573802888
0.0315114477926
0.625029849151
0.218842415755
0.0133061588507
0.179840056487
0.133254289449
0.0238228481038
0.0692979636162
0.130831201976
0.0285863017752
0.0313924252092
0.177591367687
0.75703884546
0.0419865631883
0.125817062229
0.0424134766349
0.0275055684981
0.108055926617
0.0679668460871
0.6142023727
0.0306578592875
0.0335513537468
0.0523821850343
0.106637072517
0.0142157731073
0.306444825741
0.0903697137817
0.0310382728593
0.0369335628436
0.0737737890144
0.00831726535505
0.229491860702
0.0634911258245
0.0142274751879
0.0418781197822
0.0324654551639
0.0175606463158
0.12582960676
0.0595260014091
0.0290920714109
0.0200464771446
0.354249032852
0.260898674621
0.125895483988
0.217987638746
0.0109062543263
0.01057999945
0.0549326527242
0.0540063703865
0.0302473818111
0.0482584416017
0.2021807307
0.0448880598175
0.242883068591
0.00710236962689
0.0682049798428
0.903465037263
0.851637923124
0.545219206091
0.0975203485841
0.0163090403282
0.0333843505542
0.0341833829774
0.65069415847
0.0969492357212
0.0979624950819
0.0536763530085
0.0481108266922
0.0573749597194
0.0177929396524
0.066672536694
0.968372715802
0.0381864305477
0.0262821277701
0.0343265451111
0.840435122657
0.636889581736
0.0216498492511
0.27520465192
0.454518221261
0.424024802488
0.150568023425
0.153897039562
0.0247841430728
0.14525884838
0.117929180898
0.394632352763
0.229321355273
0.024681059548
0.125845183083
0.078269921282
0.201119925689
0.0640744163575
0.185996940587
0.74954787795
0.642641634224
0.0434453942751
0.536995714992
0.602129302912
0.452527966767
0.086784165402
0.111076724267
0.0236263983394
0.230063704933
0.171384048311
0.0464756864148
0.165228924331
0.0451699690025
0.0334690394317
0.115790699207
0.777597438016
0.165523634756
0.0735473366733
0.0183425772163
0.944651212673
0.286544433399
0.257911329964
0.298790003862
0.0323110785383
0.736871254377
0.130833433503
0.306700968834
0.096032278864
0.040198250729
0.158605029434
0.0204624305013
0.0307071141217
0.225397293667
0.08523669993
0.0165511091975
0.571638579821
0.187263745419
0.0695594381321
0.0465783585811
0.0296975714598
0.076002551617
0.0562924680352
0.0349510542075
0.0131785722782
0.0439668166819
0.0695955685494
0.0207218842624
0.0225733010635
0.0836402566215
0.137630056796
0.158691791244
0.184708201165
0.0345372886544
0.737071772875
0.0254037950163
0.0572873831659
0.0155292828864
0.661585061126
0.319636072374
0.195779618361
0.0879166011495
0.443415475623
0.85470058281
0.882128718913
0.968568333294
0.809607051032
0.327671817285
0.917725747287
0.873966283012
0.734836434959
0.692633743875
0.293448122514
0.806451378534
0.076346813802
0.135426047763
0.682473310513
0.307438657025
0.0335791051474
0.653383636605
0.698684951985
0.0221637762484
0.0250399995765
0.0622779372562
0.450792280706
0.461718598544
0.0594864222907
0.283379594983
0.139393966779
0.144410173139
0.179550227541
0.0169779504136
0.176358941648
0.0168635902054
0.865922738765
0.638723527371
0.0608057362801
0.0282508389997
0.0210684611364
0.145865413636
0.2204427496
0.182949233747
0.0744739560469
0.277398991343
0.116224345476
0.010459705193
0.0523323324041
0.0307233245181
0.0221774040461
0.746597806741
0.536768345388
0.174527911059
0.124258825252
0.143155187815
0.0248809297675
0.0498945362279
0.0274952306957
0.0232366414779
0.186476237087
0.155793519273
0.561557738282
0.555844741452
0.141810994868
0.305218476438
0.099311860356
0.016740364503
0.0602773894836
0.0513316840525
0.0618599297237
0.0492510278573
0.0146496494759
0.0189709545854
0.00272068150814
0.00821514222043
0.0248653257367
0.0156311495179
0.387607796775
0.402018225451
0.014180364227
0.139363100059
0.00826596439793
0.0249211913397
0.0191955991077
0.123045535998
0.12502972765
0.127936394433
0.172745356333
0.222494462346
0.0240671083825
0.0537783643128
0.214025013481
0.0177947338672
0.149612184965
0.0130017117636
0.0179770223851
0.545637988501
0.0294423800327
0.0141409554591
0.833786231291
0.0295095715296
0.748448510666
0.0628215994424
0.461576804843
0.115709799034
0.674861198339
0.244020887477
0.141595611367
0.178859796326
0.111744068391
0.69718727902
0.473278413481
0.0379684323797
0.148284752409
0.805059232449
0.612746161534
0.0752407123182
0.40962344684
0.0149589744424
0.0530287648622
0.223019945771
0.0872879203314
0.0312693662906
0.382453782649
0.0575811931491
0.131522785507
0.212784469907
0.0852681527387
0.186122291064
0.0259933486258
0.0128915599208
0.340593371813
0.517583549815
0.384549781719
0.171946366902
0.353665568816
0.383886159633
0.0316447647025
0.106795018871
0.495892939994
0.106588334122
0.529063321513
0.0747458746663
0.0133969335765
0.00900211406401
0.014608223739
0.0934726503408
0.0948483451011
0.012981292221
0.0908034013041
0.0299157560005
0.0108927648767
0.0359263205562
0.0299592981121
0.174210426389
0.228526376683
0.190628236169
0.00945921131182
0.0425242567161
0.0183166266241
0.0196320517775
0.188831627994
0.039012204428
0.0233346902942
0.0973059197624
0.652941896195
0.010817604994
0.785897206005
0.0268078186133
0.0543404200832
0.934858343267
0.0575842120374
0.845820324961
0.0244400198348
0.88312843093
0.514724994928
0.24945761355
0.491314729591
0.0375127750912
0.0333205837395
0.0291504969586
0.0411734500664
0.0801118838085
0.277837177568
0.0255988064395
0.0319617028647
0.0763814886313
0.931851884199
0.540359186686
0.144384256161
0.0167362556409
0.0524897405428
0.568771954514
0.0308535751896
0.117490180864
0.0455426008397
0.13436934424
0.386445874084
0.887868782749
0.0665273251142
0.479485337669
0.918704714743
0.43362967106
0.143626048604
0.236612108896
0.592444398637
0.0747919827467
0.0270299542847
0.0101243152436
0.0449193280812
0.0220452099072
0.0397065002144
0.0861950219462
0.0656755198035
0.0084333292843
0.138043671515
0.267217090046
0.0105194934542
0.081959237627
0.59940975976
0.232755899728
0.0393555725269
0.162276858018
0.504820221562
0.470435373629
0.52274006085
0.784434885495
0.008725349094
0.0193153626723
0.0376122947961
0.0917994973412
0.886403525259
0.0356676575597
0.0518325053804
0.889834944816
0.199760533721
0.0387496320639
0.0436133550611
0.0695202249763
0.0407845405373
0.165380888747
0.174827101875
0.0268060368791
0.12419133652
0.0480929340354
0.0307659881975
0.286555241014
0.126973044977
0.0944666554563
0.0212301354874
0.0223092423647
0.0734909161268
0.951715432691
0.285999892369
0.0548255472278
0.0570035210439
0.012454181816
0.0247479108686
0.0788076156397
0.0377439177197
0.101814876703
0.115648015331
0.0431970237945
0.0328922775185
0.066948469224
0.217102737587
0.311762629129
0.0905622999344
0.0544816587792
0.0414422444662
0.368307626345
0.0278234375838
0.0196007250283
0.0161944483154
0.986929620683
0.976262361846
0.139305481788
0.0492345515412
0.0447251256392
0.150016375582
0.00693369505607
0.155919606209
0.0138506811445
0.0476213111124
0.11852501377
0.0371776571066
0.0517885774083
0.016863001345
0.0221174596244
0.0681541456712
0.111708260921
0.0344799319723
0.0133628305246
0.0245904110394
0.0749652277273
0.0544279027291
0.0420087603962
0.980203824437
0.934419878075
0.952125203286
0.0486238129828
0.0360134091353
0.10844295512
0.965721371275
0.943775492791
0.0595770145556
0.0840145527521
0.030147133221
0.334366300329
0.0292832606274
0.0359382450184
0.105367754945
0.0346580807353
0.0573407992476
0.0126915271643
0.048541369403
0.0180576649786
0.089561164294
0.217967834209
0.0769277293154
0.0159659624262
0.0165382466099
0.517609912636
0.264253313656
0.893683676841
0.830742134368
0.0229579892655
0.0394540922259
0.029230675106
0.00813742554365
0.0521770412123
0.429397743706
0.150417612428
0.0156475446921
0.00670770249152
0.0192757206811
0.0241348903837
0.85249027256
0.77891188157
0.528250366038
0.989112682535
0.0644846152503
0.0209334978475
0.0175605921678
0.0533018608245
0.920521764863
0.989452038978
0.977203255612
0.565328969286
0.713843209883
0.00775093236219
0.0467508261976
0.820759855207
0.00991945843735
0.0336427866584
0.0351963373965
0.744525316469
0.0198733006594
0.0201509624432
0.029168999807
0.0105311648166
0.184928726487
0.0205842992261
0.0359880897894
0.00658068286978
0.00913994481881
0.93291770733
0.0563000273358
0.581151791224
0.0167012989542
0.893989415975
0.974046437588
0.746755159134
0.876274998173
0.456477806731
0.229790092222
0.153692976744
0.0917879559524
0.312734593809
0.0716722965235
0.198468075891
0.415926729492
0.912582222524
0.179011163907
0.100309285882
0.120264678787
0.016142805111
0.976542379552
0.0215291885434
0.46020979078
0.0924507173387
0.940485816825
0.749045174434
0.990892677444
0.988860019437
0.990943540913
0.993092116629
0.35455262288
0.257401462451
0.166283939144
0.449582783872
0.0378420044614
0.0647976005478
0.468864405733
0.0457109589358
0.100451146475
0.00990815280557
0.0362701297207
0.158853074954
0.102597825764
0.0300298197029
0.136848369137
0.262455146477
0.038539376022
0.0377007410966
0.0252165380639
0.0831844468386
0.130522170576
0.0852360955966
0.0617946157039
0.0278042157608
0.0236729411807
0.0483916257746
0.0637042549536
0.302182253363
0.0355201045368
0.0935884533364
0.00939944014815
0.116993390601
0.392002534569
0.0217634459367
0.0299037110839
0.0669861093268
0.0743041517355
0.0308085995172
0.0926393512139
0.582551755283
0.0214893557768
0.127620881803
0.93304832736
0.979210705398
0.139721935357
0.0129538163054
0.190244695488
0.0969427066693
0.167467052978
0.027714561376
0.0757102572538
0.602588177988
0.0270434983252
0.0782662790304
0.571631448875
0.303070630343
0.0279961724937
0.0326604340505
0.0323820135242
0.146494107176
0.0651572199456
0.0122928688227
0.529227504862
0.494424033815
0.259755649178
0.0770767155969
0.219753702916
0.123804820873
0.05051553414
0.0147067787423
0.0118849803621
0.0216674004718
0.0207735619735
0.0156126895938
0.0718368565852
0.0266693575766
0.0620055232655
0.0249635056704
0.0182498693643
0.101410072933
0.084687241862
0.0303547403104
0.00954484528694
0.0864684669709
0.0553320256924
0.0690499404548
0.0194176106097
0.0436866736676
0.00614318382854
0.0409943685829
0.0343458794029
0.0374850297273
0.0180175862287
0.119423304032
0.0435553488745
0.306740745514
0.046326711415
0.0320001239419
0.0131174499499
0.0521680908151
0.0144702564311
0.00782596467143
0.00931910083143
0.0341170159838
0.0180175892042
0.740989554312
0.0864630098255
0.657960254502
0.229762432878
0.0699568916182
0.0741882722871
0.366673709499
0.0487136010718
0.312546839492
0.0999018492039
0.676169842494
0.0974626453867
0.1601323184
0.536353300721
0.171474794807
0.0192700652843
0.453015748398
0.165433998117
0.0838904736442
0.172827668176
0.0254379948418
0.106439028246
0.110467371719
0.0337549812924
0.0117204060097
0.00930974422385
0.0114095057377
0.0160846061512
0.25220386332
0.988451489801
0.983296175779
0.361479765699
0.276028863927
0.137484419932
0.053388450706
0.045478327172
0.0834509615957
0.0292926358824
0.0869297146911
0.0901479156521
0.019386917684
0.661152771247
0.0198260595906
0.0141318425485
0.900818003073
0.0318047312027
0.0337658716004
0.0403802667913
0.0225175222336
0.0644446473017
0.0225447180227
0.0534389068161
0.0464152440567
0.01897555736
0.0787254032798
0.245717099405
0.0803042759238
0.0105894838316
0.0247649405431
0.0181949716087
0.0714610011694
0.0171609720598
0.190058395701
0.0118918171524
0.0883759162948
0.136679842046
0.0502399128863
0.00713276228302
0.0424054618994
0.0948741702687
0.0598464918372
0.0779533231057
0.366267228053
0.0259554746976
0.0220703961379
0.124888173088
0.160307061366
0.8706480745
0.263006672665
0.0710924435887
0.0328461283184
0.615123674746
0.169499927344
0.197362460955
0.01878545857
0.0141568031627
0.204072214708
0.040360604655
0.0087474752432
0.0543706861911
0.0373624879456
0.164163568451
0.0345510657065
0.040166643539
0.0528822296745
0.0272711911397
0.107445668585
0.0772728008096
0.0196609543067
0.0385992396359
0.0849278846493
0.0476926043832
0.131044706776
0.0605487799897
0.0209100047448
0.0299076148617
0.137330091976
0.238885124011
0.0796341097171
0.133423364963
0.139593772233
0.121519889691
0.0472847582766
0.0842685541234
0.0627863060114
0.0674583034013
0.265088837328
0.186244811724
0.0232181600961
0.0383645841807
0.051920564807
0.0100486685601
0.0224885036549
0.102308042508
0.0696741246542
0.147929971074
0.0839092661984
0.082198748463
0.0358690561904
0.032304299913
0.0222784238162
0.00599755280049
0.0162321294706
0.187302221629
0.109514136908
0.0562289810961
0.993620878569
0.932683981563
0.983213868243
0.0143891091183
0.177779584557
0.0313936799102
0.156546587945
0.136745600111
0.127613833517
0.273208987548
0.0959628974927
0.679578128128
0.420469099832
0.426714932183
0.0314701904699
0.609619683863
0.762084168246
0.222469537414
0.0286176449646
0.0307877524498
0.0431677211374
0.0184522408448
0.0613484191722
0.59142560556
0.283722954419
0.0216983919281
0.0616107699067
0.125653503125
0.0215440055403
0.0404801285857
0.169310290052
0.0966548818102
0.107619193458
0.121642534505
0.0626648880829
0.449603992523
0.15408970578
0.471415125503
0.0373757445069
0.0827624877619
0.0365828484412
0.0199933417755
0.114060620868
0.391592308772
0.0402786346367
0.16909707914
0.280399841814
0.0329591097283
0.963444607073
0.477826055041
0.118595904605
0.527365709821
0.0513231851266
0.4493291376
0.862259473492
0.192607270924
0.0247843966085
0.646577674852
0.0392322680867
0.395861097141
0.0613809242811
0.0777317761852
0.0462569174689
0.0298197755809
0.0385761135898
0.126302524067
0.0777337758856
0.0885540382118
0.0579335073531
0.0130125500395
0.0301056890631
0.0577624463305
0.0777688886876
0.0490736149827
0.0819292039953
0.0100194018081
0.158451407393
0.295615587465
0.169962317495
0.0989726388064
0.539995713257
0.413747498063
0.0277482676983
0.0214403947098
0.680361413266
0.070669887283
0.121173753584
0.121173308614
0.159444498042
0.0596457994421
0.261456980332
0.0280457745787
0.0339308022344
0.0146442433956
0.100006185347
0.0201211749188
0.0312766804362
0.012312066944
0.370940652813
0.0994938606452
0.299000287284
0.517811514745
0.0762608615951
0.0531064277235
0.0841807434902
0.0871657849454
0.0275745114543
0.121338420837
0.0449186545963
0.0792090442969
0.0590463833193
0.746719615301
0.166801271443
0.283374785244
0.746180069562
0.470050221409
0.41556330384
0.544716058521
0.157601230163
0.0605578982988
0.785846029551
0.559235216136
0.478457927326
0.0215441868463
0.0411616393168
0.131962141998
0.0363101390908
0.0199732726304
0.0289082008375
0.295052511046
0.296751671683
0.0251241256235
0.763447491771
0.18741235335
0.186354673228
0.341541495723
0.0411917223444
0.123986229477
0.0408934085003
0.231195843296
0.14144922139
0.399805965211
0.131167228605
0.219393932602
0.151424609075
0.380804996934
0.379887712124
0.0410168488498
0.0449571449807
0.288152415205
0.122757756022
0.029848627058
0.082425082517
0.102006040461
0.145959196036
0.0420424542942
0.0625833397681
0.380622016938
0.0161967897608
0.142530333316
0.545240465413
0.0224452151902
0.0122710661006
0.0684743756371
0.237613780104
0.274817947762
0.136560296034
0.0914758370439
0.237841747817
0.25884053495
0.174383206429
0.749968372715
0.117927412103
0.0664809134155
0.033098331662
0.0154773147938
0.126385745407
0.14087202761
0.0888904838715
0.347941726644
0.156569117782
0.0822343282322
0.0885785009009
0.162194296323
0.0837067184594
0.260355014413
0.0866733811451
0.0351978127475
0.102339570255
0.228458524381
0.124541447945
0.0435509942709
0.084452344684
0.116566610535
0.0751867481294
0.116779112224
0.0823062657571
0.0272775730972
0.0234041348524
0.058935337024
0.0653342629985
0.103946472451
0.106001883308
0.271741821675
0.0428100256395
0.174788445661
0.896796995228
0.303612156527
0.101723894011
0.380433333333
0.025617951
0.0179748906943
0.0239128865046
0.122436018213
0.14400190609
0.0170154740198
0.566491667569
0.0485498228042
0.0259324603979
0.0192145357266
0.0529025995084
0.17926463169
0.388356110734
0.215889404288
0.224289555358
0.694005307334
0.0426277418313
0.327439082982
0.1856115971
0.107971196635
0.0429775061746
0.0444058679618
0.346494215295
0.0214154979146
0.136565799266
0.0529748912862
0.166976276463
0.573280798906
0.0502088070834
0.0993447822868
0.442768614077
0.0566146527399
0.805973913179
0.14522698237
0.296489903149
0.0693503667003
0.0452578525984
0.0245881087454
0.24950267721
0.020691569691
0.0179493546729
0.0906408438063
0.0367264802912
0.0284522280999
0.0298462486678
0.0897861946721
0.0869641199414
0.015812915677
0.0413348826497
0.240973678267
0.0865723503737
0.305276971202
0.114141611375
0.0805088072325
0.0945937688045
0.0676057179153
0.0974328065989
0.386777610732
0.0432749170972
0.0594392915247
0.0424651095818
0.0599829934136
0.0289541931562
0.0768482450483
0.0170327411779
0.0511607502486
0.0308994195246
0.121358387375
0.19319901847
0.550582593007
0.0335360246301
0.0816155145706
0.0607619474919
0.0536041826182
0.0140055519828
0.01473597598
0.0937539365081
0.181322707456
0.00823032884586
0.445946999204
0.36521097577
0.301020542443
0.153618889018
0.0154130265857
0.0195233797847
0.351092759471
0.0963609806324
0.0586472178511
0.205837971081
0.0507078539464
0.121328944635
0.0676791997689
0.0324237080387
0.0969596554784
0.0473841923126
0.0790896152283
0.0371001211014
0.0939322347591
0.0805683748082
0.125714130158
0.156870646941
0.410290632216
0.093825057098
0.140044918505
0.424854174837
0.190519611667
0.0469666348794
0.0651246588057
0.0320075453836
0.109777705046
0.0169456171402
0.0246138026157
0.157602956486
0.0251902913173
0.0572396033655
0.0186942144563
0.020650863233
0.0334127206976
0.00829338360239
0.0592902833991
0.108948054594
0.102267645205
0.0264752464232
0.0275672118777
0.228014168369
0.227237765788
0.0521678174166
0.00930546556237
0.0614711351771
0.028179091787
0.0719578546355
0.0333432550983
0.0282540277106
0.0562198395616
0.175633106327
0.0590013994049
0.11254775039
0.0598065239871
0.103071316114
0.0890433876365
0.0999971707788
0.289934700229
0.209396795223
0.204975701424
0.0308648875005
0.39889452606
0.0233292697264
0.0542866587625
0.349758803291
0.0932471821004
0.0343760910263
0.227963250087
0.130650504875
0.0989364265809
0.0830948460052
0.0472992065547
0.0442964024205
0.0352138522243
0.0267505774095
0.0707922216181
0.0423224591785
0.389039053811
0.155714796921
0.014388400724
0.0366774762467
0.0402917397667
0.0189536460729
0.0199650122778
0.0204417537319
0.0883796863926
0.455522355823
0.0801963815273
0.0201822326079
0.431517730581
0.0376652493876
0.66362699234
0.108082620622
0.594539812001
0.189045244853
0.318267997719
0.175924563231
0.506692762053
0.15721500896
0.0118775771216
0.0317748943641
0.0122174548935
0.0153445029923
0.109994277574
0.0456097999457
0.0539310475595
0.089936724594
0.503540151279
0.0245748588005
0.0396973772281
0.0833320832309
0.0194540899212
0.0472516203378
0.0349090100976
0.0140564107814
0.0536386571797
0.122715839579
0.710167169428
0.0212908986393
0.024971564492
0.0583939684324
0.135313517067
0.0356915407121
0.0260366232416
0.0292031587214
0.0907792513111
0.420430812143
0.141048711194
0.262598725114
0.179908297062
0.0181576484002
0.0385970231619
0.0379633322759
0.0433089449965
0.0289655828107
0.020310523862
0.0385010095756
0.102508857066
0.0271249086642
0.0913773292444
0.0445177970929
0.0176196221832
0.0676464475447
0.450181383513
0.25058566839
0.0409119399804
0.398246396159
0.0208801897316
0.0234176151053
0.0371517080617
0.166177962485
0.0816886685214
0.105822055816
0.115516196531
0.14612498899
0.0454194297815
0.0178925474724
0.0999364104015
0.0317492260942
0.0144567053851
0.0748690314655
0.0153008562268
0.149819275266
0.0814304404761
0.0837713010664
0.0248495946824
0.0229549866989
0.00801161863658
0.0419005894313
0.0508882847488
0.0804397860502
0.0251692789107
0.00669006031855
0.0203875364061
0.0145878438685
0.0484378888017
0.0622678047984
0.0183285401827
0.0538125438399
0.0252353196807
0.0547105691077
0.122273047614
0.299646709288
0.0436835892986
0.130717209285
0.0441309985995
0.133863219167
0.032684893656
0.0705983613852
0.151401887974
0.0484412539715
0.116301806166
0.111593171152
0.0102794209653
0.0259855841509
0.0279488324905
0.107697024431
0.237463332647
0.285524665698
0.233961385286
0.0297061993218
0.0850966995339
0.0506718614103
0.121164153192
0.0866547282198
0.146706678433
0.0450048341166
0.135252315124
0.494635718803
0.111991815675
0.0277352879231
0.0961438698467
0.0704038349545
0.0684075012525
0.0403265272059
0.0451105221752
0.0286355087487
0.197323416382
0.102549094877
0.266046469148
0.0742390424735
0.0569227978053
0.115119744119
0.0771669653819
0.0982073088513
0.583068812154
0.220602877899
0.184027714657
0.0292384734887
0.0479304075632
0.147628895444
0.0826452316439
0.0733866481438
0.0301628813406
0.0202393596906
0.0771188890215
0.0446377519396
0.0273707134919
0.311156869936
0.0250567198003
0.0350866302458
0.05108836966
0.0249713521524
0.0984500069992
0.0363005133174
0.090057970794
0.108531374777
0.0412656293755
0.0283116911387
0.0211910695651
0.0484753617329
0.0382860451353
0.0455141413169
0.0719224772715
0.124617767695
0.231934200858
0.0496416349606
0.0313640162721
0.0284532495237
0.0389546922778
0.0368692005809
0.0316385717463
0.0124568973541
0.0268251099046
0.0408307756075
0.0434251424457
0.0113504878595
0.0234296750794
0.019720284628
0.0174777535984
0.10189725948
0.0171356204092
0.0198699364834
0.0460170322639
0.0409220503421
0.556660865894
0.0148516001947
0.0239157145308
0.0142356421012
0.0851041483638
0.0489897362336
0.0336762691844
0.020445604065
0.0547546118483
0.0800483459443
0.65607976739
0.0206820907489
0.0245374139116
0.0107113618138
0.190758127327
0.0465364741981
0.0845413152176
0.0566662663468
0.0261029160031
0.0981474890429
0.132529700114
0.0758286616335
0.0115623140364
0.305713554787
0.00690710135479
0.0184884185763
0.0421269310315
0.120959625787
0.0113156101563
0.00726793393468
0.0121363708264
0.0979264107051
0.0555944040372
0.0224746210093
0.0577652003119
0.0344281322706
0.0942716392843
0.0594473819052
0.0235792319923
0.022975525272
0.0270624200759
0.0362618779323
0.0285904542592
0.0121345284173
0.0431585679472
0.0185760889349
0.0440486761698
0.0258157584351
0.00874495101123
0.0687173397747
0.121600819446
0.0350610038194
0.0421474094636
0.0907248224977
0.0913225740119
0.0666259512156
0.0331894445355
0.0792032689096
0.0316764239873
0.00701518372417
0.0317098846442
0.0801686798854
0.0654075163167
0.0299168702038
0.0205135834304
0.10026465444
0.177776013892
0.139178869673
0.0127229084687
0.0145303384968
0.0211908724312
0.0213096045106
0.0582779813574
0.035140595986
0.0367798259388
0.0147613321952
0.0348609357713
0.131761607568
0.0253011220083
0.0542575977637
0.0500518910029
0.0953307948298
0.0501914609536
0.0245359276705
0.17771585291
0.0443814173057
0.00658269225836
0.346956063555
0.0665740662696
0.26394533864
0.0131748083435
0.0517375343848
0.208419188966
0.14991441829
0.0584377571517
0.0734144672539
0.239882209742
0.0281938146132
0.0395897730868
0.0558986662555
0.175984933159
0.105615320144
0.35740064516
0.00662649177538
0.0223141688075
0.0490263535535
0.0576306770764
0.0675664670651
0.0343777749293
0.124523515677
0.0528357941854
0.109317217268
0.263047789071
0.0238208059781
0.107569105622
0.0286762226711
0.0492940858966
0.0648276402569
0.283616658776
0.060303641665
0.0457587781687
0.104365343929
0.258598320978
0.0178000595474
0.0697188328284
0.0706396825532
0.0308929426526
0.0823935632461
0.109268357526
0.26158803049
0.0559705679869
0.0679378557396
0.130879234933
0.0170142345394
0.0227200246672
0.461466401264
0.249819349412
0.0492600303036
0.036004118163
0.0285985097824
0.0347739628053
0.0199797543474
0.0551229275143
0.0284637348332
0.0153696522
0.0487455282923
0.00589460538518
0.0982995220028
0.0540126892791
0.0577490129776
0.0303046514235
0.0741027907922
0.0503525752656
0.0489584429232
0.0336575593826
0.0762407621314
0.0873102384025
0.0298706601835
0.0506357484108
0.00600768809681
0.0538202555297
0.0751691868045
0.129000156745
0.0798812271202
0.0389318514087
0.0391276117516
0.00732591670214
0.0103162903623
0.0145505597141
0.0227485444241
0.105920054503
0.0694279439637
0.0245319421753
0.0169489546959
0.0162321526907
0.293368430389
0.0114131596477
0.212484131261
0.215910649798
0.0364213120167
0.0192454763136
0.0168776522272
0.010715590114
0.0252620682576
0.0205656255463
0.0925176850358
0.0203505742507
0.144047807264
0.0383104829638
0.0285897513056
0.0259610859397
0.0830729582772
0.0916861616958
0.0262097830357
0.046526786914
0.0334028802015
0.110330799112
0.174601403288
0.325809244827
0.188703429453
0.103154554581
0.014403747328
0.0109739263102
0.0481249064263
0.101308633197
0.656662185527
0.120666925414
0.0760103450432
0.0133522010558
0.0423195545892
0.0726301893655
0.0423814352517
0.00591380415442
0.0300383200754
0.0418568144784
0.0140503975811
0.0681919229899
0.0252129839088
0.376297269576
0.090335447097
0.0169575483149
0.0356096794147
0.149633151228
0.023744014522
0.0284291907666
0.0428575179736
0.130816315497
0.0488771366799
0.0768436724337
0.0516375028332
0.0389025716722
0.028775345624
0.0290331946993
0.039027692142
0.0413603533914
0.0185912553473
0.0215698072309
0.0183012421723
0.0256073083739
0.0329405379866
0.021771233588
0.442397050207
0.0225661411523
0.0135660881985
0.0253087664309
0.0647844208286
0.0187593889808
0.0659572217978
0.00872456556377
0.0760771279238
0.0444314657757
0.0463285788613
0.603043520644
0.280529355676
0.353368099663
0.00519729133338
0.0295713750161
0.0187356447336
0.0238068926007
0.029325333263
0.0707609720817
0.113514462129
0.064782728617
0.0955924691654
0.10009821262
0.0100005128847
0.0334841710774
0.0583266526511
0.0169217544404
0.0260681386853
0.0358664755226
0.0434206167972
0.0238274885015
0.0418468344224
0.0169642215879
0.0161614461945
0.0250671859499
0.0527200341262
0.110327133409
0.334799931037
0.0630079200428
0.00619402607411
0.0190595142252
0.137489749835
0.0468319262215
0.0219809350922
0.0231060543211
0.071229034301
0.0507428480124
0.675297570749
0.395657400692
0.0157227961579
0.267242195476
0.0217998694126
0.423289736648
0.140878203931
0.0325123444257
0.152315112028
0.033629047216
0.0583118228919
0.019380227201
0.019205792152
0.0166490596626
0.0239060377733
0.127141397078
0.0539224245253
0.0225965473521
0.0349516223235
0.0839308676536
0.0955255844346
0.0527119590485
0.116076603174
0.152592909229
0.0163089874091
0.0131339532464
0.0119856835756
0.3551250507
0.250329725339
0.080228419188
0.0318963093417
0.0195992272989
0.0351772836703
0.0271119321983
0.0394253250325
0.0225696451578
0.0473923899516
0.0496595404228
0.0770784013029
0.0938400261561
0.104920181983
0.00897903676131
0.0203655136689
0.0396607005884
0.0675685770439
0.0819768147774
0.285422933845
0.0167434894274
0.018921100785
0.149887771094
0.077910128456
0.0719659366467
0.0616455506809
0.0313443850657
0.0428699639851
0.0771073012673
0.00817553313645
0.0142118536272
0.0416379235087
0.0131757077473
0.0144259621291
0.0181536699141
0.215580477259
0.0320932778622
0.0668716423478
0.00500867800722
0.0242997876002
0.0112372011004
0.317685860831
0.0981812194314
0.0698415772299
0.0758115393656
0.122460538873
0.11850507768
0.0292903206231
0.0168588558655
0.045192339261
0.0516409685076
0.110848836581
0.013942136556
0.0417464735299
0.0300728128224
0.0529853080548
0.0741109843037
0.027249846445
0.0601906465538
0.0246467282622
0.0147535346302
0.0790269308722
0.0396172459265
0.0498052202246
0.0223539796143
0.019843717576
0.0115369866013
0.0618220372526
0.0792505345113
0.0360889931023
0.0626758568079
0.222939904733
0.0163206753761
0.0495053548137
0.0373339275922
0.0444049629189
0.0192427918113
0.0146748665024
0.0102110737252
0.0146111898306
0.0791929620283
0.0378325007748
0.0216534331722
0.0241347752348
0.0184855974805
0.0213054503705
0.200012264369
0.0666440656984
0.166113136605
0.0282488957299
0.074718138039
0.259940523324
0.0262381794584
0.0192452984187
0.0319334419833
0.132574332851
0.0038411654184
0.0367692544376
0.0903203312291
0.0173664923433
0.0247924379515
0.0186294585635
0.0150717793778
0.0701995631834
0.0820214529804
0.367279908709
0.0337979104248
0.0613245488202
0.0105711897468
0.0437843718869
0.0122239120676
0.0133423438685
0.0408168308805
0.255316352818
0.135965682502
0.0290685682812
0.0389917061867
0.0714672857454
0.0372153949886
0.0225241717214
0.0483764480297
0.034372424034
0.0454039358825
0.0122498861457
0.00406687991925
0.0049195543383
0.0290796559873
0.0263503155732
0.0563785546826
0.0200204554749
0.0299042673674
0.0745246980788
0.07064339394
0.0374488904147
0.0158815082455
0.0221258510322
0.132553235809
0.0357664592102
0.113714914916
0.0113778091366
0.0329361073826
0.0581204182956
0.0383933639989
0.0525128725987
0.0759072522947
0.0252046837152
0.0278446075738
0.027104755469
0.0390397793282
0.0288975328935
0.00422125138892
0.00832817745118
0.158083526639
0.049490341114
0.015298528605
0.0733359851023
0.0113397092631
0.0835926733828
0.0868317977954
0.221891589234
0.161699245487
0.106726929932
0.19741733379
0.00808856321111
0.0291899924019
0.0274821259574
0.663355603379
0.0111503612922
0.030711873045
0.0480997178715
0.0719593932136
0.0574580013084
0.0441747571491
0.0165649135557
0.146242248785
0.0399620706829
0.0290234234166
0.0187873623835
0.0748451128184
0.0274964513264
0.0449369670183
0.112472465025
0.0555764905888
0.577018529622
0.0942225764809
0.0126791878409
0.208147347103
0.027261989935
0.101177301113
0.0141162079761
0.0391568594758
0.0492207222626
0.0241602414902
0.24336750586
0.150702773187
0.0237737510804
0.0422979700024
0.14009329169
0.031568387426
0.170900225433
0.0144649311815
0.175649721413
0.0241098800363
0.033214924713
0.0461604068971
0.0574549688813
0.0412861701169
0.0171561014347
0.0186668629616
0.0598991100285
0.021310106551
0.0182621035807
0.0145663713136
0.00763254098356
0.0915991344064
0.0761642016466
0.0388107909607
0.0834627840295
0.0235620514961
0.107927505684
0.267545296639
0.100376621246
0.0221528073977
0.0140835225513
0.123929681753
0.0172103366061
0.0358372433233
0.0543821260035
0.0266047198952
0.0342591867676
0.0436226757389
0.0603240056343
0.0208078613779
0.0449635094961
0.0248633312545
0.0323108755461
0.0358483547019
0.0495416148731
0.155507168105
0.0391146644611
0.0352911501481
0.352372490023
0.138617361918
0.0956636536346
0.0151997346486
0.0254130013782
0.0101669912478
0.239440677239
0.0332307723756
0.0389955304194
0.0326486583091
0.130865460196
0.0278766447986
0.0214698707976
0.0199418664194
0.0830718784314
0.0552618656497
0.0184175800186
0.0624010441678
0.0879720627269
0.00849230714375
0.028493153997
0.0257182229501
0.0197022900088
0.0636994770261
0.144277013504
0.022850249994
0.0383499801066
0.0169045224807
0.0163122165219
0.028247013159
0.0427736054007
0.105243442811
0.0530040253566
0.0394382779775
0.00781157595859
0.00999634928231
0.00864040866975
0.0660922504875
0.0103263170168
0.0383832600107
0.0760063922455
0.0539195638219
0.166428040317
0.0448211419638
0.00923756936147
0.0286336101104
0.136680641781
0.0198505071252
0.0895647242241
0.0635329244872
0.016654945469
0.017157132229
0.0608608274938
0.00626763103834
0.0214661270112
0.0259467365943
0.0200210074665
0.0387096501036
0.025995242058
0.0795444716867
0.0434470588637
0.0245678454432
0.0979242378602
0.0203519825552
0.0394779342442
0.0544350654215
0.0118728123017
0.0848713377389
0.0101769118462
0.0318593089697
0.0589015882277
0.0892159414607
0.0556781435398
0.101046439013
0.0061126210664
0.0400421394526
0.0123632295834
0.00875276817407
0.0505356870888
0.100532643052
0.0440604178337
0.0718215969322
0.0369992290538
0.0339342208338
0.0861886322398
0.0236869186483
0.0163809992561
0.0734027903256
0.0296379034795
0.0273918818893
0.0371743706229
0.0413734876236
0.0136183517163
0.0639891147094
0.0492629314673
0.597286776421
0.201583188435
0.0269859101899
0.103944389068
0.0473585715693
0.0140197123818
0.842154739488
0.163810311117
0.0557464151566
0.0203775483321
0.0912972593365
0.0778541234711
0.0914152742085
0.0211957736222
0.0176772161252
0.0433655383869
0.0416433889217
0.0217945330623
0.0154319925357
0.13199876453
0.031341302508
0.0276976602063
0.0466039768479
0.106303562969
0.0399478034406
0.0487311276209
0.0344203812212
0.0296015323031
0.0310629835991
0.0219037788886
0.0329914475271
0.0513701088389
0.0330653018877
0.0222550615649
0.128672399819
0.0992297962006
0.0430083566426
0.0525263863474
0.0653363805707
0.0411140981567
0.00953372180262
0.0319948643859
0.286639225951
0.0414254809529
0.0456190177184
0.012217680652
0.0260082504428
0.393460947242
0.0665020117003
0.0519672588854
0.152935129546
0.0430922182201
0.0175072710388
0.0456939717399
0.0271501181502
0.101667374616
0.022904536964
0.0880320044593
0.0306480794484
0.0875891512218
0.0600433369181
0.130349256212
0.14042903034
0.0652801423344
0.220197804863
0.0221454265115
0.0119641429665
0.0604707783359
0.0135114811504
0.129247174586
0.0430685303237
0.0332715949465
0.0354862439896
0.187902341874
0.0372396189998
0.00854481068192
0.220980059928
0.137091775278
0.107350004358
0.119893125727
0.471883215382
0.0112150195709
0.0682724531165
0.0206797039915
0.0131841848632
0.172382945661
0.0181632100906
0.070380755488
0.081483985821
0.0293257947561
0.027829564137
0.0948370037124
0.0154010216251
0.0288453273691
0.550919130187
0.0117761273784
0.0552348478813
0.200026237883
0.224943612159
0.270688573383
0.423652852422
0.172105805698
0.0345189982852
0.0423995704734
0.0599250729037
0.0189301383458
0.0122000888735
0.185303235447
0.11160987522
0.00651545045814
0.0187696305517
0.0173312110336
0.00808094253714
0.0216359203518
0.0074286190216
0.0309289980002
0.031005490565
0.0402792981493
0.0159789710022
0.0652476228502
0.0466600326551
0.0346259551136
0.0210821045112
0.00482587085816
0.0563386625684
0.172981379906
0.020969522542
0.00420369997454
0.0361463362639
0.101178905708
0.0235929519912
0.0135403830423
0.0802419318029
0.502617185176
0.391783119966
0.012721972797
0.0227368794329
0.0697230478794
0.0577581870088
0.0235483821633
0.16793796588
0.105122221591
0.0271933075774
0.0311435604221
0.334413496343
0.0511947386323
0.0274333867533
0.179219515821
0.21328294463
0.0264277440042
0.0572582603482
0.0349850341407
0.0325983710723
0.0994737786069
0.0491742153588
0.0439657998346
0.0241535624497
0.0101975311435
0.0860382385761
0.0144548312435
0.0103436888392
0.0353448124124
0.0527836155991
0.0551534553698
0.0151420111102
0.0168165839679
0.0634977859523
0.0590948871032
0.0446641976154
0.016665565831
0.0423371518106
0.0189334448431
0.0289547855562
0.0112361276815
0.0379365756615
0.109635316934
0.0349006734194
0.0173280134834
0.135145501416
0.0124786882265
0.0845903170495
0.116209227359
0.0133632419733
0.0136664042066
0.0350522564554
0.0241767365006
0.0532166809123
0.066572377589
0.0296363236303
0.0327925405246
0.111568480807
0.0486041146624
0.0482333661732
0.0228386937602
0.219185194222
0.0362547523989
0.529984454784
0.0648830930561
0.124560237032
0.0422300137274
0.0658290107599
0.0660031254209
0.0224886379473
0.0565342121395
0.0145682373098
0.00702178102753
0.0442542452685
0.0212824632285
0.119892630879
0.220607959979
0.0305047218223
0.0938322825479
0.0192492785423
0.0571836318623
0.0706761939622
0.00554362180811
0.0481135948485
0.0171685967948
0.0266055424975
0.0533995135143
0.0234062641345
0.284584004777
0.0788883552987
0.0512923112611
0.01056974554
0.17110758472
0.434366238942
0.0678489464123
0.103426452341
0.0758169493307
0.134865733173
0.172253247213
0.279421768233
0.0853516950639
0.168261877014
0.00977964750998
0.00643558398761
0.0152353536737
0.0184330013637
0.28460446584
0.033628903123
0.0147157643837
0.0445932165331
0.0310408097304
0.017844478451
0.00228729550374
0.0742795648737
0.0188939928483
0.0138546628067
0.00852611909956
0.101203833809
0.0593452905595
0.0439622003963
0.023479138594
0.0485243894419
0.00776660467745
0.0687564505139
0.0442526050062
0.154931663779
0.0231283344364
0.0489963640136
0.148981047705
0.0204646807049
0.0557976445725
0.13806273773
0.094358635467
0.0358749209687
0.0492605580493
0.0108512430628
0.00765060458558
0.0510782871174
0.0138553859716
0.0418897911391
0.0464889708272
0.0251746746299
0.0253033774626
0.0356540556341
0.419179609296
0.0573394492625
0.0257348156807
0.0126802908152
0.0183196972559
0.0259419628326
0.0787438712154
0.02093889791
0.0302549492644
0.0335285993448
0.0152282043388
0.0108216713409
0.0578234798223
0.025294939627
0.02380985216
0.0325012638093
0.0433417757646
0.0191056678812
0.0276253852574
0.092938390827
0.0892244625978
0.203151941399
0.169402339579
0.061439827348
0.217231075174
0.0166460614471
0.0358878076683
0.0553992592079
0.0924284038204
0.108325074103
0.126798999443
0.0403100396661
0.0402539024421
0.0571956027272
0.0229199925548
0.0330750140273
0.0390060185928
0.273607545627
0.0607188085922
0.0368764361579
0.192667717487
0.153841888272
0.0287023345649
0.030761720246
0.145276451703
0.147040900048
0.022351803632
0.0183979143597
0.00680922586843
0.0796410799191
0.147652829045
0.00637624095254
0.241563772775
0.0802523202724
0.157149424723
0.0156525653659
0.0724805301171
0.11056863259
0.0275099027572
0.110679477543
0.0378389248304
0.0690021364372
0.353653546914
0.0401988559012
0.118625417996
0.0241574810378
0.0203311543246
0.150186254438
0.0122989852967
0.0479775151971
0.10719097467
0.0108736135799
0.00946069819163
0.0135808417407
0.0603781524445
0.00921166960989
0.0327994643142
0.0467930499318
0.0345914660158
0.0433681310028
0.0252458085565
0.015140215525
0.0164655055324
0.0185340083417
0.0192360903891
0.114040870318
0.0337072126983
0.0197044674112
0.210592725897
0.0645524156002
0.0120963239096
0.0304033023065
0.052338073458
0.0133818027351
0.0464737498064
0.0360844127258
0.197514822322
0.034893029712
0.156099501064
0.0213214843581
0.0232727964092
0.139549035428
0.0926020572937
0.0456110582764
0.0420864069558
0.16254004894
0.0566571282614
0.0264113614054
0.0686274265758
0.0626721223743
0.011744517817
0.224726996357
0.0555993843819
0.0145727550726
0.0170871072919
0.023099200005
0.0982307597213
0.0178771640415
0.0214882096264
0.06378889168
0.0126223678213
0.0112805220822
0.025239471811
0.129195138888
0.131142539517
0.0328870201803
0.0826882720898
0.00670871192571
0.004884533703
0.0290561889973
0.0266245727132
0.0187333430959
0.0292850606101
0.161043328951
0.00916585214088
0.0202837649101
0.0308319009807
0.038869717456
0.0169733856438
0.0593456120503
0.0229394100973
0.021998524433
0.0310447809817
0.0525102132928
0.0710018365958
0.0666965858604
0.0111452105909
0.136729581068
0.32261113634
0.206862908233
0.0775545998632
0.157466891579
0.0514925137786
0.227620005655
0.0724580370875
0.0149210178518
0.00691215044271
0.0427116208939
0.152207193052
0.0594509850912
0.0744978098339
0.156350481919
0.107398746876
0.0235708171265
0.0504807813987
0.0834362658098
0.0364742359206
0.0900742735116
0.0727687371561
0.0145755303113
0.144775490307
0.0473415999954
0.0808049845459
0.0486347594892
0.015941390821
0.0570242427242
0.091392623212
0.0153136794295
0.0462697755114
0.0518267793761
0.0331207920293
0.0857742442227
0.026141047497
0.164436680748
0.123778511134
0.0426525004281
0.235060190628
0.03765360899
0.0698629534785
0.0540258459204
0.0414127709778
0.116590901371
0.0618644780654
0.0582526731467
0.016236754984
0.0525049917967
0.135977743666
0.328364637854
0.0350037510211
0.3214893538
0.342340038255
0.117131597698
0.44054570896
0.0482175589163
0.0700143828228
0.0980740378116
0.0671540626315
0.0683114808025
0.0637960556597
0.0335223808314
0.0110980121105
0.137410356886
0.223942869418
0.0864939283773
0.0314422218123
0.0578851194192
0.05053358878
0.0700229843838
0.062607004223
0.415978060185
0.0566079760129
0.0707067291763
0.0975985088195
0.0728844261277
0.0199545477594
0.0281471747373
0.0277537964378
0.0414612870234
0.0562031532996
0.39843538332
0.445974166801
0.125145871577
0.252879656675
0.198510019854
0.932749754667
0.705758378103
0.392371725907
0.322043307475
0.626475899662
0.834577116319
0.584205905997
0.548145501714
0.230428011572
0.46921756639
0.198765692486
0.190753844275
0.972722141922
0.6442228837
0.217796542226
0.2401301662
0.30471374517
0.69002761619
0.262147717755
0.285024038875
0.368459220397
0.100792169445
0.174081713354
0.132649649794
0.128730368492
0.629319830761
0.0933411823089
0.989863669371
0.988551500204
0.990019890821
0.0971087800593
0.0254471753869
0.656887477323
0.215603866074
0.858453124268
0.322633276939
0.995826348694
0.111082429777
0.0903228902066
0.941482220203
0.771706340621
0.700939357913
0.588552979778
0.643418547042
0.21522577373
0.15068545656
0.165065951705
0.483200309247
0.218053152335
0.865415608404
0.834650858275
0.120424884922
0.65101020822
0.881328819663
0.142137277648
0.239573876251
0.318930366454
0.225686754886
0.316161591496
0.690434572555
0.845605633505
0.419497441828
0.0432523017947
0.183967609025
0.0425621567985
0.271752784871
0.942503987648
0.97216742279
0.344387559654
0.926411011486
0.292789986488
0.317831794839
0.935462527323
0.526208198664
0.662170867673
0.48716459403
0.794938708886
0.956313564906
0.0619589660397
0.470283040809
0.733063784024
0.352145950905
0.168976243691
0.0677456435678
0.0611013742914
0.108292193733
0.0284064003281
0.0188404413104
0.974150658665
0.263134853249
0.532786128701
0.198219407103
0.874174789147
0.96354258201
0.496016658509
0.209588045961
0.300626333547
0.963578802294
0.958187717087
0.983781717447
0.967609767077
0.589645887418
0.299418765005
0.741105189416
0.950209806054
0.780072977306
0.9908829304
0.25926093034
0.632048822081
0.626459527156
0.537866885422
0.11321316105
0.517517891278
0.737513544687
0.244857554596
0.58639346354
0.898941440121
0.9112016341
0.944075682762
0.120649278087
0.0435499954865
0.268275583252
0.767324588546
0.0593272888012
0.0393442512001
0.0859255160294
0.0629337546023
0.0612673427666
0.0453295631454
0.134660516514
0.12568364997
0.175809297728
0.28305313558
0.103424234146
0.926193476177
0.922552229147
0.408908644513
0.231456506971
0.509740993635
0.447804577617
0.115414783694
0.0950131588941
0.0514028641468
0.201924410812
0.718605172175
0.410623206347
0.0613708034022
0.0690633057987
0.288566626578
0.217098998695
0.327369401006
0.739545176831
0.497296423709
0.0323034613956
0.733119121086
0.0694995314095
0.515945898346
0.599234354867
0.188541746744
0.0405058149736
0.776283339844
0.526017937048
0.416425335863
0.348276387714
0.683774660971
0.812457698159
0.909267907914
0.921770262951
0.689870801144
0.54592412081
0.0390602169249
0.533397324536
0.125330991797
0.825798502553
0.233360774045
0.452140755793
0.0459806982448
0.287094693753
0.050881747661
0.763745672993
0.288097962661
0.274671504317
0.204267075594
0.125085046598
0.689642188149
0.74689739451
0.936355511256
0.274623644679
0.342441708342
0.882646554991
0.221963238575
0.289682009511
0.164117999034
0.021492654524
0.0669244672146
0.48087849136
0.0552297403084
0.829378525711
0.992015117503
0.134232052092
0.974781011695
0.256985398335
0.09910087747
0.459276161075
0.439957267083
0.783598882792
0.700487281195
0.05055761327
0.260051342988
0.171399161686
0.707388798623
0.0186652510635
0.0949579141304
0.459131163648
0.196196697524
0.968283786387
0.941729130799
0.807112687977
0.158081443375
0.037531018138
0.957407234551
0.969515049282
0.242849565588
0.589496361435
0.725358849615
0.229641417743
0.971148980765
0.54689637077
0.413186237332
0.0377410217231
0.390420525756
0.955674038435
0.320057397095
0.300302028175
0.571524749657
0.454669334811
0.653458914679
0.674637357668
0.610872870732
0.513074143402
0.748347927299
0.86296915459
0.791573270691
0.732888159543
0.774756109578
0.938456695859
0.961522837523
0.693110873842
0.925128102079
0.551245934646
0.466031420725
0.943172221682
0.650494150424
0.62103641465
0.740593110597
0.651544160855
0.636960183131
0.310458203437
0.0904844614172
0.110117451312
0.311283736767
0.0348425189368
0.573611427677
0.770304747934
0.975267286237
0.730916568619
0.369545101816
0.512365248183
0.257544053712
0.786694924667
0.673906752202
0.723522384878
0.072519952982
0.384159236442
0.204761113876
0.367111774771
0.258029755776
0.1683866905
0.0590256192697
0.981386092423
0.970944627082
0.955091627041
0.790841066889
0.0493931356666
0.262635005943
0.272014396519
0.632483926358
0.435961552779
0.193419438844
0.915985547174
0.991805984135
0.983848153714
0.221078998785
0.569483669593
0.481649033652
0.760823307611
0.966002444463
0.890142031455
0.464683180894
0.365215453038
0.622414286752
0.437917497118
0.705578746495
0.954249566179
0.978252951461
0.983280897805
0.8829771808
0.681075452713
0.207158039502
0.549419421157
0.973149752223
0.653033563732
0.299436866492
0.964393362154
0.941353643854
0.976506952999
0.146914065362
0.59675141479
0.499418264062
0.149995257718
0.970551380951
0.909018731644
0.98661631789
0.97958092293
0.491316760771
0.168654808916
0.811327714672
0.125079916472
0.337108882582
0.22841017061
0.979441034164
0.0435052794237
0.316906152261
0.166622269143
0.251617503463
0.451219276144
0.179550594033
0.501501830772
0.733496745618
0.62098782365
0.482661421712
0.294039084481
0.0810197153523
0.665668095812
0.096730780743
0.114837700276
0.102050029441
0.117736590692
0.0372052322507
0.712282313513
0.229948028716
0.103512131126
0.288648434202
0.906739029625
0.913936518439
0.839975039768
0.784367957235
