0.294488628773
0.219508779079
0.258491107953
0.210978992849
0.284504581457
0.244143316495
0.196620789397
0.226102273678
0.342307888431
0.195704733387
0.150476235924
0.237159639895
0.161971673548
0.355929791136
0.204374766964
0.261329108078
0.265481980726
0.194885574038
0.235206186132
0.163976892024
0.256107297034
0.274270963933
0.28473507361
0.262159036103
0.251025536771
0.194349393024
0.190160614684
0.194336931379
0.375642271038
0.408337365103
0.527463264494
0.333834724343
0.204898769395
0.32207235291
0.288649464895
0.175987832174
0.440335999647
0.259640239322
0.165375469677
0.268503856148
0.447787054899
0.445925357801
0.516680737907
0.323535446142
0.354827972201
0.326093329517
0.264548314397
0.359857218205
0.419709704055
0.5022714783
0.414381580282
0.32712372694
0.212475224176
0.242753640226
0.211227240483
0.270054869093
0.270054869093
0.270054869093
0.220074185667
0.232669256918
0.25195302597
0.62396300376
0.62396300376
0.220248125926
0.189052610423
0.206366525645
0.1904558595
0.278261524123
0.383621033041
0.289416598649
0.414982987912
0.462755238091
0.28232890987
0.24378469579
0.206043310346
0.199628201457
0.140710506313
0.145203747813
0.460665675893
0.140185132392
0.150914842452
0.405278287622
0.186441252591
0.236916109781
0.264598860348
0.338933048309
0.51357064952
0.497974782489
0.155436549395
0.165120502042
0.316260228098
0.171274836259
0.283946415266
0.246484275138
0.207621012749
0.304149998494
0.338469643137
0.323867247185
0.403664484133
0.19184052234
0.288913602741
0.273356246994
0.316460208889
0.172884422779
0.238563302529
0.207482108482
0.264350660483
0.200769860951
0.322337981455
0.349020944292
0.342589762811
0.442049878278
0.283494255339
0.259665811522
0.278227534108
0.261035062979
0.288126625882
0.148085364187
0.15282872475
0.148085364187
0.149880385688
0.263559749946
0.162406621356
0.261359617578
0.343432978436
0.690792364905
0.667416577294
0.581046958917
0.657591251683
0.499132649469
0.134557293643
0.254566187763
0.176931094696
0.37128304832
0.212854126393
0.262091881169
0.20213758835
0.186517315014
0.381674285537
0.175430629647
0.170931321866
0.161816616804
0.201530256444
0.426940505494
0.232211884498
0.338631678098
0.183373506527
0.267188775922
0.379646293028
0.182267260499
0.351423450386
0.302934259324
0.670759594744
0.627731700228
0.245353968694
0.251503354925
0.237278842195
0.253609748748
0.220976813197
0.203031731453
0.318218224861
0.223869691921
0.202252783437
0.148537716994
0.212554690208
0.165005146085
0.255863348842
0.278321810492
0.371643932693
0.387741518158
0.204932712117
0.20042311659
0.258874498191
0.236052023031
0.140853286593
0.293113482021
0.43218515015
0.252917735714
0.187851773907
0.211369209557
0.207997377138
0.261359617578
0.394852266578
0.200602456369
0.30572703308
0.320732443911
0.419102927157
0.175810945344
0.151729447208
0.261283896947
0.306688089763
0.231583614757
0.426282759084
0.209457397008
0.290687011446
0.499238322978
0.225292560633
0.194660586617
0.272785036477
0.517754458291
0.135915581667
0.219559700841
0.177369801647
0.2033286794
0.501531289047
0.154249440803
0.126490370421
0.155528211112
0.163913606656
0.167102664955
0.250083934895
0.251665129601
0.417894865415
0.147968081723
0.199598859196
0.182393372497
0.170607802319
0.218865249646
0.170940205182
0.281392390479
0.168231875851
0.585480662618
0.200207242182
0.381671826112
0.272285421325
0.795267944469
0.639372369344
0.26698510177
0.275293347668
0.2636768458
0.23196706975
0.200754463511
0.232333541118
0.256619815262
0.329478169481
0.312860370133
0.142127887961
0.148351792881
0.14018176114
0.174099338051
0.329949864283
0.270105517424
0.146326763932
0.221081445634
0.266417177659
0.315876793365
0.885454793626
0.872783516691
0.324541597947
0.270706459937
0.391129096815
0.30232827329
0.213260382717
0.273820123583
0.350132202964
0.247272926499
0.157337720082
0.206208808012
0.174754013003
0.187908776636
0.401266475288
0.29295729466
0.177815028379
0.371545515425
0.298511115054
0.164360284907
0.246457288785
0.199086298866
0.269275768558
0.242884761691
0.343313990025
0.172069565706
0.149062931461
0.177445754964
0.180343204155
0.208979908203
0.468012605639
0.497816800018
0.176643562823
0.26479528066
0.59849391969
0.247029376018
0.252794584435
0.253258545375
0.337819143563
0.371980350973
0.327987553737
0.167086156636
0.291460418849
0.300823084866
0.224898015885
0.210426779767
0.270567549728
0.266408221242
0.169745599389
0.234687103364
0.388209540457
0.284264822712
0.411607118756
0.261086349527
0.193292233788
0.210127331339
0.218891850048
0.185659359409
0.309335348795
0.255561984695
0.246118766282
0.225151126131
0.333699937443
0.31587268924
0.218591632012
0.198819606977
0.314746570232
0.174291685191
0.350220411857
0.231516071403
0.223172993863
0.198266512757
0.289292293294
0.252470420638
0.274630948457
0.197497184541
0.18444150956
0.292829675816
0.206702195109
0.187596663046
0.170388794909
0.171449230144
0.158906138343
0.851578148044
0.204461252691
0.153021452523
0.323010968129
0.524173502489
0.345569084655
0.220304113935
0.689522098046
0.614685614996
0.240293625331
0.172353673705
0.367148732714
0.302204300564
0.337118504047
0.327757514658
0.514182115448
0.415334330042
0.184597167445
0.128667979897
0.294330267864
0.258893633433
0.416789239956
0.421077850898
0.352074851231
0.205491057715
0.192157855187
0.21529485311
0.155027104304
0.621290144893
0.246959096066
0.366185193771
0.172857492505
0.159585778742
0.538655425479
0.369223451869
0.602663872432
0.314824444094
0.210923366017
0.492232327706
0.34301580505
0.198539016165
0.235259061583
0.231851123691
0.286919255817
0.254648179375
0.343923474893
0.246364718742
0.239381688335
0.284010956762
0.218408940621
0.292309388062
0.188715098573
0.197924926573
0.181746410826
0.219693805593
0.386068056678
0.255377193161
0.258886487289
0.201331875185
0.242929433998
0.318981753124
0.314892674598
0.211716839571
0.239870592999
0.142776201348
0.624085365225
0.789929334967
0.418924300549
0.286707934038
0.179391809894
0.184797215407
0.183269751292
0.179264985492
0.49306540197
0.263130473577
0.279197992683
0.65280493348
0.544427231758
0.278531059122
0.382087729776
0.247248002055
0.266860902708
0.138843548897
0.212084441794
0.35540382814
0.255928031605
0.222269430161
0.211750020844
0.183539159078
0.239425579897
0.291869101035
0.38521277013
0.32208819645
0.312413900003
0.143292880542
0.176252391073
0.21961608572
0.45450917113
0.324026649854
0.796399947571
0.278796387867
0.145515289255
0.13694046222
0.134106799847
0.224175552692
0.224828743271
0.221091061856
0.415711616677
0.463697156466
0.82902638478
0.817330543552
0.189491160834
0.125992334967
0.212956922258
0.167781375367
0.28143366388
0.187348932596
0.25751775919
0.234109385761
0.17347433683
0.180073595895
0.148628165502
0.183596865194
0.237722459139
0.383866968851
0.429009988304
0.333492724926
0.33764185909
0.146074824417
0.204105151451
0.223601014706
0.222208155931
0.239460663309
0.280641749909
0.265835058694
0.410380548733
0.303528437906
0.340387419356
0.236081252554
0.192107071204
0.25502408175
0.259230090729
0.300808819606
0.362884165303
0.345323340072
0.304161215801
0.334375836471
0.301880341355
0.296421202651
0.269677115277
0.166581175581
0.15978493492
0.493557962845
0.278487674373
0.188477197312
0.300052327303
0.349875890749
0.151556676833
0.227016558962
0.325620034531
0.148999504993
0.157296653015
0.33689891772
0.227843353452
0.205243623926
0.179387465005
0.235097567974
0.238182333799
0.255713963973
0.25556112562
0.426376433147
0.401630901656
0.270634625846
0.173427553403
0.37237020917
0.198762695592
0.257575190837
0.201173768066
0.197176643006
0.160733122272
0.211848625698
0.277632029504
0.218658252377
0.246969993253
0.174265150483
0.206099346298
0.193296934998
0.235391099121
0.151414441104
0.171211031197
0.141178331833
0.396316917631
0.205347777342
0.267862829318
0.259140861423
0.184195955838
0.199475470574
0.2610362904
0.322591694627
0.265223430953
0.255424476628
0.236875154141
0.282258088756
0.318576600157
0.397212615469
0.375416781138
0.350603281536
0.241656723902
0.191205403598
0.201555690782
0.174459454902
0.186107541403
0.230663833278
0.290074527068
0.260525820927
0.314552384
0.266218994435
0.250465323081
0.171645867885
0.237920969735
0.232516910117
0.221434005351
0.299610109763
0.138468712013
0.203519411076
0.230388609031
0.157987084391
0.162021155427
0.188850895042
0.339557642866
0.180602561882
0.262336887855
0.247900432169
0.321026448889
0.17424934437
0.155064960396
0.156451294623
0.252753052398
0.204771997936
0.218529116417
0.211847462315
0.183599309753
0.489609457556
0.21449638174
0.248439814676
0.223159162302
0.210735757238
0.35927004143
0.297508250494
0.15711970945
0.143378075824
0.376049373584
0.299924086246
0.224402377476
0.203683973248
0.252824633211
0.244097196906
0.205611733763
0.168885670066
0.150160023932
0.196833481117
0.158339860112
0.37716489753
0.239559847323
0.195854902564
0.242926202219
0.147748444384
0.234428447687
0.142316409053
0.330062350245
0.237966962299
0.163397882898
0.183191438573
0.165630122349
0.180237873954
0.145844140895
0.218900917846
0.315117951257
0.294028337486
0.242621123493
0.204289355062
0.205911118634
0.220677387803
0.399458033566
0.562637748034
0.783351880802
0.708933282337
0.143782954651
0.215966206825
0.181351964394
0.159357253768
0.197631008886
0.225445700347
0.627304030219
0.182328547685
0.351807054773
0.24695231072
0.238411382219
0.2242931459
0.169197803169
0.138776818333
0.173827217163
0.227704228285
0.392360070962
0.271383069199
0.365146213093
0.471007521873
0.463170191595
0.186408954593
0.508535668758
0.198397771798
0.392410411617
0.530303233596
0.371050718429
0.747477440812
0.389317854832
0.395616455379
0.212290396228
0.484226611683
0.810449425708
0.744727491625
0.802365381411
0.547837843085
0.205126506531
0.292048112815
0.465679261478
0.231124001705
0.202754410026
0.250794418068
0.267636485773
0.46052484684
0.233114143997
0.224261560733
0.300792224496
0.256726878695
0.314738075885
0.323996298035
0.300282353544
0.343146581791
0.236294028805
0.275968009059
0.273018277573
0.276414373239
0.255042576603
0.413855488972
0.324973009238
0.213107715579
0.215990993535
0.298455065916
0.213282402536
0.273081192014
0.261412051632
0.294658887524
0.302793656323
0.223578731215
0.170387789339
0.197372672023
0.265381461202
0.421103855866
0.2991322353
0.351810718524
0.138243838709
0.166426865925
0.227912681102
0.244457365585
0.338469643137
0.194118643698
0.195705510848
0.172067440026
0.191552752079
0.266504321509
0.258196924981
0.241329810581
0.222951606847
0.232154771791
0.201943374121
0.314264551577
0.160540534461
0.304720904411
0.400754225577
0.223082772929
0.356389219404
0.149356974793
0.151030554612
0.286002193006
0.438720511755
0.287415503553
0.259036096792
0.160603190609
0.2146149535
0.320161253507
0.170504139523
0.402621332725
0.15278353636
0.16283694511
0.167932921418
0.271420204795
0.242529435629
0.270754151042
0.22132574128
0.218680242627
0.214380099404
0.184131719385
0.135657705751
0.222740726236
0.184963519291
0.248357203031
0.304839272738
0.157525386195
0.184969505008
0.324032889422
0.305948628187
0.395482557882
0.525497010735
0.359532521575
0.325363367201
0.226528469365
0.209223554822
0.245620214516
0.287526833979
0.22078790975
0.235998116645
0.208867586796
0.197259359712
0.329566413158
0.301792315832
0.203631242231
0.222732300851
0.1963036693
0.131129107687
0.214607630539
0.149705470106
0.150061979537
0.138542332232
0.288058641566
0.337674859674
0.215803677655
0.194004927582
0.229753271876
0.258148710275
0.307060011757
0.215816589645
0.226162953607
0.306909894684
0.338213273811
0.260181356628
0.336533442866
0.264176431275
0.292499073736
0.136589065507
0.175773166704
0.205915530986
0.149053200158
0.287372152955
0.468313816939
0.263007283289
0.214974626421
0.133616806648
0.216608678786
0.287502287621
0.268796948231
0.60242731817
0.247152459281
0.346203476462
0.273881520433
0.209435917509
0.196157171019
0.253366677697
0.163417159949
0.177045224702
0.158787049405
0.350091928826
0.249533064984
0.22323969154
0.338800072083
0.353404044986
0.124512357528
0.138546543349
0.319709962787
0.427353082633
0.141179381995
0.226848744679
0.17344058434
0.169609914684
0.162702195243
0.190452906469
0.149854107981
0.140929893786
0.229687270672
0.207923670083
0.186386169187
0.189664786957
0.224294027096
0.206280626993
0.199713411429
0.170500016577
0.20235841535
0.121343727903
0.246306274307
0.215237212075
0.162837563604
0.153900850315
0.347531065534
0.186886781266
0.163903736599
0.313497379855
0.171180079096
0.151041596153
0.169006771488
0.140135680477
0.208353886746
0.345030836926
0.16168914756
0.150427234624
0.317451008699
0.16200274235
0.148959366084
0.404490411431
0.390071001116
0.241273692412
0.22487050989
0.300792224496
0.190517724134
0.62396300376
0.456852924922
0.2576084624
0.226782280607
0.354698700027
0.226330750395
0.14108399008
0.387410996969
0.192722509282
0.262658952666
0.229585294939
0.222198016565
0.138988181521
0.152565514573
0.229306613962
0.254590375567
0.23841328628
0.202491343366
0.144520496677
0.187621978226
0.141292359044
0.146362512203
0.168249639456
0.773630876629
0.708146294566
0.313566682707
0.245780630729
0.147092801653
0.217424916833
0.35623729096
0.436466674568
0.202213167613
0.288685847147
0.13271680552
0.633967284078
0.432400994138
0.348349501007
0.201338608847
0.170789790504
0.148379513881
0.185322369075
0.652244774346
0.16915976367
0.261729290925
0.368347686109
0.424999207038
0.454321160632
0.261948193243
0.140974023023
0.182699210987
0.215622852262
0.166899555627
0.149896984512
0.15702357725
0.244041355321
0.225495436064
0.267752429264
0.171633720368
0.159076694916
0.15549698664
0.124344789745
0.140114883494
0.216234313756
0.215812220621
0.218630427005
0.187067773048
0.290527563916
0.320151194575
0.774177375388
0.839669079177
0.72189804196
0.644449829879
0.247280242048
0.342287986324
0.198588067112
0.228478296588
0.213199413555
0.265547346989
0.193617803548
0.33195162642
0.262810919677
0.275982463002
0.228685011867
0.380341325538
0.26472486846
0.187693899773
0.169079098433
0.824820991046
0.79139502499
0.827788193468
0.822365805625
0.523906687875
0.241750720006
0.253852864082
0.188538087455
0.534116371418
0.141737794408
0.166163418553
0.161476451809
0.239036544898
0.156199984121
0.211657254765
0.132941561974
0.261044816408
0.352359250416
0.437658944621
0.294161436606
0.305569011063
0.880126395302
0.85161172526
0.815849119081
0.735597314417
0.789600866215
0.676588581746
0.239194969615
0.127756620235
0.214311687785
0.252731283198
0.312254359638
0.373936227511
0.780032803669
0.702687138378
0.149802423226
0.188632476957
0.162998181254
0.154873622894
0.148683240279
0.133556235314
0.857321713728
0.713331970009
0.197031707027
0.82840577037
0.715317309741
0.330975075004
0.292490038225
0.334878388465
0.35957649695
0.266994139888
0.358400224223
0.408733711805
0.135461944175
0.425274966847
0.16205663469
0.19580289981
0.284447036569
0.235842592011
0.177397490579
0.256307580724
0.549388304508
0.457921839278
0.27392904499
0.540269133487
0.5231255183
0.424612880392
0.342304030581
0.30684324225
0.231390787223
0.276535355585
0.188427384839
0.303841384994
0.156631225224
0.322222342986
0.528820359285
0.509763403016
0.531229439114
0.358971463143
0.209090645669
0.265229756674
0.213829279847
0.20645359629
0.265458488644
0.174615049637
0.34301580505
0.416060927409
0.254254601333
0.374635484759
0.277599865232
0.261254557503
0.167203291668
0.369704668211
0.283207310058
0.574542930221
0.298317046325
0.300282353544
0.273439708474
0.173784564213
0.271220212428
0.16017020959
0.36801645919
0.498254237716
0.491975200191
0.399611681593
0.297096529858
0.153655472283
0.258572353875
0.290589770774
0.244321192753
0.251962576366
0.260830264485
0.23512048025
0.273459240828
0.172507349005
0.246992177974
0.209973032752
0.269964176803
0.266375387644
0.268732572166
0.17770350942
0.260669391422
0.183426544594
0.217628359686
0.179704507361
0.21682876082
0.309373247186
0.209056441593
0.178989123137
0.307650729045
0.33194561739
0.31926127104
0.26184711693
0.165046659882
0.162218539608
0.318018089535
0.382723902927
0.263676922758
0.381336275257
0.453445018145
0.264361529374
0.192509473639
0.164296882918
0.229905753355
0.318089299849
0.154312072661
0.183180935681
0.135506792516
0.165265405642
0.214468829328
0.188479202737
0.219887865216
0.207119715285
0.32026728191
0.231568502033
0.165277727546
0.497716636127
0.181977064378
0.342326781747
0.479558555324
0.461343609852
0.234027150302
0.166055936175
0.213660770467
0.135620902032
0.179465039091
0.171611428427
0.252408287524
0.190584628759
0.214607630539
0.227231535803
0.226738888865
0.250188691478
0.252701949666
0.152030790842
0.242237014373
0.205459040972
0.158097986518
0.136605267492
0.376342345608
0.297931439192
0.195454222773
0.201495074578
0.196770074697
0.162493159585
0.25496468116
0.297420187697
0.25808890082
0.189497369007
0.25845668807
0.247910274026
0.285909947001
0.173698803817
0.152175329361
0.181615619046
0.161172053331
0.170147945131
0.192354552355
0.230265127294
0.339752440333
0.19764496675
0.240201710428
0.181064148814
0.172540250789
0.292496977488
0.348214633848
0.212304533735
0.184037881806
0.174035169505
0.375936945468
0.223975491806
0.236839054334
0.244745645544
0.16805816314
0.222824935621
0.155619625659
0.284723000308
0.178911404574
0.17683876593
0.273962542303
0.218810368203
0.270870375459
0.267725336769
0.268424325853
0.198389406068
0.18423447336
0.163318439751
0.220284984357
0.147724843129
0.161252320628
0.254590375567
0.287150077916
0.442609091803
0.23878648469
0.21607078894
0.217154786753
0.323741576127
0.222411639331
0.189159385606
0.15251034856
0.298706087438
0.18686565141
0.292955530834
0.170360305952
0.204298302629
0.138510895452
0.254747045427
0.302500296347
0.142359253905
0.283748854176
0.184572307789
0.343062290056
0.286018427985
0.406299864162
0.177092327591
0.565399799044
0.127245633191
0.160854363245
0.161578323842
0.148990193657
0.13773574413
0.283439675676
0.282781754809
0.244842321059
0.172129563905
0.21597174088
0.208596067004
0.221600958615
0.161544156656
0.157410412738
0.253042390049
0.291556934966
0.222355783585
0.142016012563
0.272204483182
0.319275205944
0.198736745432
0.150772572055
0.230424547475
0.212491686148
0.180634388253
0.199308879795
0.20435700776
0.195608539515
0.165809533492
0.162504400336
0.207891149941
0.199662066025
0.165277822367
0.294208201598
0.227333660586
0.402052893169
0.219449993458
0.223076137452
0.189787641419
0.18634346291
0.271337598134
0.354429511553
0.288114678262
0.188706429003
0.268510795529
0.166925473436
0.342297852784
0.264714102648
0.223076569023
0.1629252405
0.19938420254
0.175801159673
0.315045919753
0.339958259408
0.155578007012
0.161090248452
0.461753760172
0.196468261229
0.135341340131
0.257881882129
0.212553812837
0.17037661634
0.225483920652
0.174861948178
0.144574083787
0.210664358172
0.239090159492
0.180501220401
0.18215754883
0.161684798584
0.134282351955
0.17770345545
0.207736371524
0.156212213693
0.283927966275
0.177816514286
0.188849256833
0.147465848378
0.196519497138
0.150402208997
0.15506071404
0.161832512339
0.143942630849
0.143417566927
0.162465527291
0.150564632833
0.191637568052
0.230997352408
0.200505649252
0.227319428566
0.168908682747
0.296586035562
0.224583404724
0.265707122571
0.27981401545
0.134496315948
0.175995778855
0.197957039586
0.218386290419
0.160693922509
0.210982982778
0.171086513641
0.162140678734
0.153101911906
0.20383042119
0.182822113327
0.193492713909
0.182702949884
0.163549424064
0.207736792266
0.280030456799
0.200096519728
0.378506887745
0.271013794624
0.185801629394
0.175371740915
0.199340801641
0.266355324287
0.261223854802
0.575313814615
0.197499377208
0.567216210519
0.476718093524
0.165954941447
0.321597509093
0.24752440571
0.182099211922
0.197030732382
0.346118000385
0.157758219564
0.14859230609
0.18532439125
0.173608381109
0.182510109868
0.143949562258
0.258738509857
0.174739171015
0.154580477637
0.218457013375
0.202761107055
0.258952719179
0.213236260652
0.176196597053
0.147416127982
0.148284112676
0.125432904637
0.138457618348
0.210807368582
0.198492042263
0.176655675089
0.158326659367
0.178651445836
0.205442340518
0.144080390002
0.15279058616
0.152699915809
0.187277789575
0.296752363211
0.296293217151
0.188523691995
0.251925225817
0.275943503706
0.166382470556
0.167068927843
0.152330810062
0.322344233263
0.247370141252
0.235726003967
0.204238875823
0.194056262411
0.137552389282
0.142233070018
0.171205837937
0.412826439475
0.220687808285
0.180658776521
0.223093155996
0.238072333924
0.230038538193
0.392805077287
0.222590622335
0.269894572414
0.244695437839
0.245878888581
0.334064038919
0.14291305168
0.174454586067
0.226244053421
0.246585455865
0.383991596166
0.219663009349
0.206899554906
0.354174888628
0.18385135689
0.179550949127
0.252947917736
0.156818601897
0.158524255284
0.158767466525
0.257033969954
0.370421866029
0.314771807293
0.18329547983
0.198889899482
0.195569432201
0.306327937579
0.172591256478
0.124780448538
0.246629676407
0.33106289549
0.207701854303
0.129095452993
0.294933463368
0.263359786301
0.246017326664
0.200252963231
0.162197620961
0.15129864996
0.228399785414
0.427577335187
0.347949640644
0.149204056659
0.180513911058
0.199581471406
0.13181608905
0.2459671258
0.215078973893
0.148592253106
0.133705079915
0.211133194327
0.154775561953
0.13590661065
0.149803834319
0.164359344919
0.489649292528
0.454214126255
0.292090480677
0.744091665154
0.739583003785
0.715386417154
0.150844914915
0.33249305402
0.310498573693
0.24396719473
0.214928163069
0.329727648403
0.189610217669
0.154237493728
0.144981805857
0.21066890446
0.167083612189
0.236718908611
0.185454039524
0.313001777753
0.160589134264
0.145966441603
0.143208016904
0.171452484741
0.87977591493
0.855992548574
0.218607080581
0.306726176585
0.174303361055
0.351955762876
0.262751810639
0.238342542761
0.175981078012
0.277570946907
0.20529878667
0.212751320816
0.186053267255
0.17400455534
0.156996975946
0.206546125798
0.162179467084
0.189750864544
0.15418485981
0.309174952722
0.159892171914
0.164239875546
0.180356635574
0.210263127699
0.213184326632
0.225933026778
0.197674993385
0.26361789986
0.157856378399
0.189218197514
0.136002925216
0.218923022926
0.208695961275
0.141546237069
0.201740590782
0.223705705406
0.181464804372
0.196852832983
0.26203989935
0.23568869459
0.262517035546
0.251665504607
0.195551707072
0.210908063656
0.163789102865
0.170902942179
0.144626448152
0.149335854053
0.140175631624
0.173566557146
0.232514608173
0.176812813966
0.184019186136
0.345133774453
0.191027059883
0.26909790561
0.268676533725
0.359438533617
0.25715549343
0.163259536111
0.285760473626
0.687896767092
0.144794147634
0.280904707345
0.25100145947
0.369175894199
0.186299275269
0.283381547655
0.187167262898
0.197409508821
0.274588253676
0.206462281426
0.164908742494
0.272156086999
0.192178444799
0.262853134392
0.226673211813
0.260756773534
0.174458730282
0.177620002824
0.282164857118
0.208071543116
0.252392118305
0.182395687341
0.173086030678
0.196946487166
0.143975338329
0.165395007655
0.177772968362
0.305282063204
0.310267449013
0.299209787598
0.165194845154
0.281746694075
0.190959396999
0.159385374513
0.168500302928
0.179900533561
0.157776276534
0.157776276534
0.260863803965
0.245014233699
0.15882708214
0.183349858671
0.13976934102
0.147731730159
0.141291709369
0.133902918987
0.184550972143
0.2407525587
0.164123439402
0.207573815719
0.202288962972
0.226257396821
0.221130853823
0.197013160808
0.156443012708
0.355905364772
0.217856051255
0.142814951759
0.224217332836
0.387335886823
0.25028697707
0.242018009379
0.153488032135
0.450848989813
0.275196524522
0.237196472492
0.153016464877
0.179530805227
0.199064095165
0.43627791578
0.688033685473
0.633419764653
0.226654826175
0.168191049961
0.24313388981
0.164296299413
0.166794131204
0.205680120432
0.259215873619
0.804703470823
0.14563472875
0.306097837524
0.15928993978
0.234316263164
0.230761300041
0.198623968081
0.190237183576
0.273443153933
0.508495060156
0.313925041231
0.296874280906
0.227193538579
0.328245212202
0.399055545748
0.378258430185
0.186032149344
0.18813252681
0.449154044783
0.336818029447
0.451873610589
0.190276852019
0.240904176233
0.816643585824
0.33547907566
0.343467344909
0.195984413378
0.188633825905
0.207769613142
0.215420373752
0.59570515845
0.245967742198
0.17295012745
0.167340745648
0.237733715129
0.244492694197
0.279756729347
0.213567808825
0.158764566393
0.165976906468
0.151404736841
0.176010246586
0.149980417297
0.175108031814
0.620089065091
0.363888869588
0.28727907469
0.290961434369
0.176736214037
0.175875383187
0.182261270868
0.563958517035
0.498408752105
0.162733974319
0.309887500683
0.618003890696
0.249045680398
0.410083439
0.619033124946
0.195538243611
0.175333270518
0.181043055003
0.148708983171
0.147582411278
0.180881770787
0.196865481698
0.145908060213
0.149546146725
0.306900385093
0.306900385093
0.182061060103
0.183664224002
0.192489952972
0.177857287723
0.157558278026
0.176308652769
0.131444230276
0.160672592495
0.14807452603
0.210085460387
0.185415897728
0.271879473719
0.280954301729
0.161108192221
0.151925085144
0.144669289534
0.188267096603
0.146253780878
0.243516778158
0.242730558973
0.213353205304
0.165432549459
0.212998094372
0.164914921241
0.182268479708
0.176423860625
0.192031621809
0.16639541395
0.201795865267
0.22659714549
0.29234178918
0.661399467059
0.576729749063
0.505057159396
0.396875963247
0.235285065505
0.225291537548
0.237981395847
0.233597707106
0.144069018682
0.191563947717
0.247773234855
0.170412866071
0.156540761656
0.135567782638
0.219424251659
0.154015085667
0.190872128706
0.283047220604
0.220174677722
0.243723920978
0.35961107597
0.353771165158
0.154592913395
0.188484119101
0.19955149729
0.203729883525
0.162923402342
0.161371763612
0.229479670458
0.211187840721
0.176622479643
0.236540344175
0.195159066395
0.21261053148
0.209597000824
0.157820276065
0.148873606426
0.142530270978
0.145563537737
0.150269794429
0.293654417073
0.174273504292
0.185503145058
0.185503145058
0.180575632153
0.157681942402
0.177065942121
0.168390299337
0.20774916918
0.152457769156
0.294325031255
0.28732554659
0.199650389127
0.149079635892
0.178205411869
0.157893262607
0.180590557361
0.260601049349
0.161255594867
0.202099209259
0.257388102832
0.163600633928
0.197183534452
0.194001670112
0.228600038897
0.219356331036
0.178854879803
0.188917034499
0.150809656031
0.25502408175
0.177604608636
0.222228537389
0.209678444373
0.175508856756
0.188021983485
0.235237311462
0.303436313191
0.154107501275
0.13996293734
0.126632163493
0.141978840284
0.152676051978
0.207575152372
0.344095064051
0.347058221962
0.385249239544
0.135725800811
0.212735371426
0.166638371464
0.227184481972
0.133844455937
0.134853660412
0.2017965879
0.128052108559
0.13466198072
0.139244004198
0.152990528052
0.130175386663
0.23925179455
0.227230128905
0.167389102149
0.353875224988
0.203548699686
0.288884359988
0.356935145205
0.202661443891
0.138121575459
0.220550640142
0.207334267892
0.21817325687
0.174990289779
0.308343250046
0.151536788831
0.144751849667
0.24599106856
0.224541510751
0.180961431703
0.182231274937
0.246970001947
0.140758562776
0.185187151174
0.342432105389
0.143577229701
0.157149092685
0.243523996083
0.491399734876
0.334361659594
0.184859579603
0.210782355323
0.153413603534
0.230478575427
0.129642386397
0.218826620765
0.172952964398
0.211576004098
0.286160867488
0.17220430083
0.152055012395
0.253133850543
0.221538847073
0.214027768055
0.192275802045
0.171409508276
0.276780436122
0.280852540654
0.234249342016
0.188537679683
0.187096872881
0.181414039898
0.243883087585
0.165629095292
0.188289065363
0.361372723459
0.190610696699
0.265835931088
0.252537494122
0.237945573835
0.283110227428
0.209109285415
0.179441879836
0.170756713561
0.142955343312
0.209118222338
0.193508068187
0.231166615847
0.156596547774
0.164873019143
0.180652905619
0.129307333011
0.194711645692
0.431036297264
0.152308746513
0.467972571481
0.454477945647
0.401363673796
0.187015923761
0.38215057088
0.362647848121
0.129659994303
0.153850600472
0.161048714721
0.146762035885
0.133340773244
0.335323269588
0.270869506506
0.173624459621
0.17435532503
0.235798393023
0.179854664403
0.336719039888
0.192244331504
0.23506693122
0.899267253169
0.843581567095
0.450698099386
0.127286855724
0.146091204236
0.303794742336
0.484159204266
0.140321929728
0.539258869041
0.175521066389
0.3137643942
0.297264055408
0.362532034936
0.161519511643
0.206206016814
0.424118566052
0.149728320643
0.338120889926
0.369560388098
0.409568916456
0.194216260767
0.153880806878
0.133848657076
0.207015763743
0.138447696711
0.168387930379
0.174709135194
0.177938768263
0.460974629379
0.21072073997
0.174685663908
0.13287336344
0.142477805086
0.160491297521
0.167481577594
0.150032508068
0.171114762481
0.275113574937
0.180944062773
0.159519587382
0.16439906944
0.433131981392
0.314299293961
0.175723488113
0.303441417552
0.296395816743
0.147928085452
0.201812841053
0.810015537821
0.176716460402
0.138277287402
0.13908648361
0.135480353423
0.130976006196
0.135655739082
0.226058739028
0.26010920745
0.251400568139
0.207790116102
0.29554464733
0.155881578637
0.150773408769
0.193638414233
0.231344696779
0.160618461221
0.193639532084
0.189078247199
0.201898531543
0.150681507633
0.159934018438
0.179607548484
0.594114252319
0.19114588689
0.172310897569
0.136895780941
0.376314387168
0.392951508726
0.149548056348
0.193651274489
0.126606887753
0.204375260461
0.14279838665
0.150458043106
0.171334869694
0.160499699007
0.303215065294
0.270829939478
0.243624687506
0.139394290297
0.226179900573
0.21780266746
0.177974090628
0.15991382651
0.150635034259
0.20089358207
0.15782864611
0.169019200122
0.125232342428
0.162305911699
0.157874079022
0.133409798491
0.273858656305
0.216433033755
0.219164055261
0.226117826313
0.2443021308
0.149813057912
0.126766114138
0.38393944231
0.221907775865
0.228845616055
0.580961925731
0.431581107236
0.302308879385
0.198593943319
0.220917449913
0.155339245598
0.212742908598
0.286799620393
0.230620104272
0.167265866139
0.209632426408
0.276586126787
0.26459509493
0.199255056135
0.289146378752
0.194524203853
0.179337955035
0.151537707205
0.289164237828
0.211483219538
0.264440800165
0.181954630283
0.22808194316
0.355634924003
0.214283371425
0.232958674107
0.150725978338
0.170042102416
0.219602591482
0.171866262039
0.146934253419
0.164544482366
0.342055954536
0.123640907716
0.133977124727
0.134534567242
0.262834807398
0.267789458826
0.21509836159
0.25112260719
0.237179931899
0.130201611205
0.232151123522
0.174670617763
0.207494269244
0.191368539371
0.205188438808
0.177779104147
0.280503918605
0.182751550807
0.157107691735
0.139709913966
0.167187456731
0.185214683857
0.182007992546
0.256484142465
0.204767401857
0.216417366372
0.192465237796
0.142576284924
0.156908940978
0.163159852943
0.218578765096
0.211110271603
0.132268960383
0.133581266303
0.185043053685
0.275968178495
0.179053921865
0.207293706469
0.366493239783
0.17010898149
0.181584190192
0.164167573753
0.166106240434
0.857060060154
0.724299921732
0.263043640555
0.160747176689
0.175690094762
0.363708935533
0.194769675935
0.159894709686
0.208342808679
0.151356032092
0.159253900282
0.161983444195
0.18352229586
0.152349500934
0.168881954649
0.171021558419
0.126566527813
0.16066336352
0.211508651238
0.208746119239
0.150023531862
0.214020445641
0.520218238614
0.332048076857
0.163982828811
0.176425235366
0.176238581107
0.160663722373
0.16617178183
0.189579743065
0.194384096075
0.862488825434
0.842890737454
0.837564874317
0.186431556129
0.693052541721
0.198906436405
0.236707325959
0.260690715912
0.287981737755
0.210600841461
0.18904275996
0.208889496236
0.234666829622
0.215521344987
0.169732502695
0.157469079745
0.144481722095
0.269068887399
0.183023089677
0.160250892064
0.138968506059
0.130860982906
0.155630057217
0.289542195387
0.191205615311
0.146086956981
0.238585642981
0.252159011939
0.271261899287
0.165960177027
0.163137178335
0.122295118
0.169753205515
0.312093006838
0.176298795445
0.232854574324
0.15192470149
0.131913186912
0.149388597846
0.206155063892
0.208881268451
0.302838568346
0.175908661449
0.158270992235
0.163929911082
0.330680466509
0.193361496455
0.41317214999
0.173973921765
0.173945700442
0.153015003696
0.135615815282
0.420416266573
0.267395819579
0.238924086058
0.145173183208
0.205007254593
0.327021158972
0.247510370445
0.192410000953
0.204174532463
0.162794015273
0.167382778821
0.172764423711
0.178922703267
0.165703036848
0.147530853714
0.153822250785
0.130039351839
0.160231180605
0.224700747379
0.158695907714
0.814287636227
0.79603849027
0.695660910881
0.260937658908
0.166474690047
0.154709555242
0.161963805946
0.480056770709
0.213391516791
0.141379446233
0.258853427025
0.155436331251
0.169235382185
0.184529182477
0.25828121055
0.313181737443
0.148776904832
0.203998292214
0.206610683129
0.558790376996
0.400378660903
0.201632926868
0.213694016501
0.197581486787
0.200211265842
0.156937417356
0.272098222727
0.163534801544
0.4365903857
0.319297594676
0.158776630608
0.189348468775
0.166211557059
0.224598231582
0.220770322118
0.174237536745
0.152193527542
0.253831807993
0.241771968737
0.217876955156
0.191112428559
0.258586013107
0.20103335812
0.203070276004
0.185456294507
0.213011772266
0.201014344737
0.25133860103
0.259201225352
0.191160293368
0.186526938459
0.166845576978
0.16991451227
0.176042126797
0.334878388465
0.198111792512
0.212949397126
0.176849240114
0.416310103016
0.211971237421
0.234381773143
0.245659962185
0.160250392857
0.246098549601
0.183243754949
0.408395614793
0.143336302357
0.169560136322
0.197846845301
0.19596428337
0.164813771413
0.279109514709
0.185407086161
0.178226517575
0.183836850103
0.200471110711
0.207103681868
0.195267330908
0.201301357552
0.166043362555
0.197018789914
0.170950805489
0.140443104245
0.188014646553
0.304519529394
0.183067938082
0.174018867197
0.211919983307
0.27712037374
0.308783933963
0.331023923746
0.238446518552
0.372691842048
0.183833605203
0.449976714556
0.155550309851
0.458138347264
0.226243987278
0.241341543947
0.206435596084
0.265411671267
0.348117742573
0.761564150708
0.825364861271
0.695754867384
0.627158108998
0.245043370448
0.738509056877
0.571408225581
0.648532641555
0.509032337045
0.611794883077
0.277595868214
0.209830896706
0.382089095123
0.368603910717
0.16065060688
0.32277094228
0.355437623555
0.163739647469
0.185769436522
0.236344443886
0.400009430078
0.356450760586
0.167789899332
0.228788718927
0.173052367408
0.179058861677
0.299135352727
0.166676399186
0.337151621477
0.159617148038
0.416308088644
0.314991086479
0.237329148902
0.191398118506
0.184402973376
0.186255571187
0.227506957736
0.239212718602
0.190452349593
0.213728972397
0.244293969386
0.137174338229
0.24359039092
0.164482962006
0.160276704224
0.728166169851
0.282908373721
0.223594746968
0.156911141344
0.182288444076
0.141828429588
0.202284439372
0.20521347894
0.198282729978
0.274437305034
0.17776220048
0.306840238066
0.328994368454
0.342233981832
0.288683456765
0.236177117565
0.156957423161
0.212849730879
0.316458688364
0.19272922372
0.185079581306
0.219406478079
0.178991834054
0.138577878728
0.160950299709
0.248875775655
0.225392361978
0.273246438668
0.349338229356
0.190982887562
0.188825726765
0.157582004946
0.169572544169
0.164634784422
0.159007949479
0.168956873837
0.184661011215
0.229890963104
0.294108847023
0.228441179064
0.15737380904
0.204454283972
0.146222596643
0.244389360285
0.127325723926
0.156001181249
0.319170667789
0.187236080566
0.197710646634
0.444562866896
0.179358782181
0.422865635152
0.278059165378
0.287915449108
0.239313562746
0.238528926716
0.416041696816
0.241054679892
0.129601703495
0.263205698108
0.419561667255
0.294654816091
0.16323104785
0.208552834875
0.367954923628
0.277017652154
0.25081467031
0.281635879721
0.147374968086
0.21177949445
0.283309225482
0.243593403226
0.156014368319
0.190638548465
0.142881454742
0.245546932698
0.328242097071
0.178144586685
0.217719497645
0.13170741376
0.130745251946
0.223641806138
0.354653248334
0.291811137443
0.284488013774
0.237104826188
0.249561411817
0.131064424605
0.275631924124
0.290231652917
0.249722159127
0.289846851153
0.197032083221
0.196011582839
0.15408686551
0.156953828225
0.201864020019
0.255523357736
0.184867779985
0.146173262107
0.229126649603
0.157144426236
0.151088704283
0.219541010494
0.295331178753
0.255265756517
0.231288575747
0.145177511848
0.198211588073
0.176254204326
0.139296293972
0.379619276926
0.251962931345
0.201397873091
0.280035244655
0.415711616677
0.186807879943
0.233982330102
0.267488842627
0.336669193114
0.37009353815
0.151871451807
0.347395919988
0.143812849327
0.355938918043
0.205951943364
0.289331564355
0.311454947879
0.198825240386
0.203371145971
0.295174195188
0.200884754601
0.252618249776
0.32342387952
0.156804005896
0.219592921973
0.220084325027
0.630882523455
0.754981517747
0.348682638718
0.125655829782
0.201953437348
0.328542917702
0.212577554967
0.176587969548
0.157809366903
0.160894634411
0.374490951016
0.327757514658
0.174390603376
0.270291747886
0.399351805303
0.328542917702
0.219701262588
0.24456081961
0.380700873585
0.23589587603
0.169267336304
0.157221295741
0.222848728999
0.204827399388
0.164115654693
0.241272680004
0.194115755672
0.155596092995
0.241451706822
0.212407075492
0.160832780059
0.177440506679
0.196065843793
0.225807091526
0.164210686485
0.24700192844
0.479692144399
0.274899735953
0.271657635574
0.42571721376
0.181960513515
0.15538817842
0.238895534918
0.406516960242
0.300320911002
0.206574225427
0.255836848143
0.348873610944
0.285999900106
0.226215677053
0.160756778642
0.352546267995
0.184441038916
0.15371516327
0.193695415629
0.141022126402
0.16659272847
0.154896800328
0.169345420875
0.302165226553
0.23835404848
0.297484617104
0.153319602828
0.158113009856
0.165338904593
0.608640762448
0.29960240012
0.197595832439
0.207971411143
0.198326114689
0.161747365669
0.162145941442
0.190356756476
0.337208666486
0.248544063551
0.131712393075
0.144262520916
0.288208135774
0.360887093982
0.316010542964
0.338479355754
0.343845445938
0.238738146127
0.280226109996
0.16104247376
0.163809491317
0.141154230928
0.85545635586
0.788508608781
0.226983487214
0.223055058422
0.214622807777
0.221532673726
0.151118656763
0.187107168184
0.157033272016
0.226875416695
0.233299757032
0.181290215081
0.185311847759
0.191312889612
0.13671189091
0.136901424473
0.284228936647
0.205567297519
0.148629761442
0.154552944291
0.258588396885
0.193061968706
0.191785677295
0.59124216171
0.747536747518
0.769107383759
0.292006316095
0.192700649019
0.188283844627
0.824443846637
0.738865906887
0.207557101866
0.243833386942
0.16427688324
0.354872276583
0.13275396921
0.152610813568
0.232648603263
0.158589042046
0.234885831613
0.152955622459
0.253823210787
0.160847376928
0.250785212549
0.210098130512
0.266302216505
0.215056756304
0.170111968738
0.277961387952
0.172699125474
0.322365077065
0.312740626962
0.183351461066
0.131638858129
0.267642504888
0.246481881038
0.168783742866
0.223575957399
0.25126214409
0.200004387144
0.174330134683
0.183448748604
0.232447233562
0.697857315505
0.811691627216
0.698005654717
0.82608869858
0.310182024442
0.275779010858
0.185042935246
0.181120486218
0.650155859449
0.815656522154
0.797758695886
0.741933134176
0.675457925168
0.127439022424
0.15709398636
0.410739032045
0.14873652349
0.232789582345
0.203102336364
0.477368234641
0.229199783892
0.211355687371
0.186237196919
0.161198491005
0.175601691062
0.174623394734
0.149677772473
0.18962783463
0.178911666478
0.810886963166
0.168886870622
0.508123171859
0.18321426555
0.705141895269
0.801206016098
0.375073805667
0.439085781154
0.31521946677
0.171273469838
0.43628044252
0.278271443207
0.327177169606
0.229275932808
0.179620076942
0.39700258842
0.443642611991
0.370564082297
0.224107750372
0.153086443922
0.31162391727
0.603434150643
0.235365035971
0.444120283997
0.260797802983
0.677312998832
0.666092479904
0.816548810848
0.732652674684
0.82902638478
0.744713818135
0.259121134325
0.181309979173
0.177475114396
0.325645055718
0.185022687667
0.217574644898
0.302483701056
0.24029691767
0.248681809995
0.192252289204
0.182456527487
0.208624753359
0.161493418268
0.284395673088
0.544244074721
0.26075074998
0.212706359682
0.17690862387
0.192267618653
0.238952626406
0.240716897322
0.218023967534
0.175014889686
0.153791487896
0.144154903216
0.1611650732
0.156293108576
0.348704731996
0.197949660109
0.245710117865
0.218783617678
0.18733800298
0.21050747514
0.338481798275
0.135625662369
0.142837865619
0.184542443133
0.146143252266
0.153046554713
0.207901400363
0.176008877196
0.183881457173
0.734215082093
0.793705668405
0.278222685391
0.205646829946
0.181841092844
0.195945310855
0.240630620311
0.216567753429
0.271378725579
0.208030947218
0.173872069652
0.171325837469
0.210796126311
0.245615278477
0.168941339843
0.129698253981
0.129384758034
0.174305187569
0.178673053183
0.180129234814
0.20519957905
0.195596148087
0.199943642188
0.183128768595
0.273390012611
0.200661436752
0.20167320403
0.145695678532
0.166127949182
0.144353552659
0.278914573647
0.150740831426
0.18800534295
0.387502769706
0.231919511497
0.333010347296
0.203609785645
0.222019793156
0.214689776629
0.210177368317
0.163117795866
0.231085759526
0.232837469315
0.395655689311
0.156471400719
0.15548903944
0.136055389375
0.18117936874
0.255418736988
0.160423923509
0.201268639452
0.156813541738
0.176352143225
0.602524686196
0.157837837486
0.198821882088
0.144278658656
0.195132639694
0.22606929661
0.210155558003
0.158488865548
0.170481196709
0.153472898153
0.622879073172
0.166238792091
0.173995777167
0.2439404698
0.274892096635
0.156386995762
0.243324024343
0.139325587241
0.333384534252
0.176560858818
0.247265881316
0.229087575034
0.241416969111
0.343908397134
0.434205479747
0.125748341211
0.416633066865
0.467973268227
0.499949152541
0.171109145809
0.177663019911
0.172957965878
0.15258936892
0.149855256426
0.143319055333
0.275856494481
0.271527113235
0.20695005688
0.142307771034
0.79309732794
0.767917174941
0.3133028527
0.238876667563
0.460413894533
0.202504050706
0.166691452479
0.169536020935
0.130750288075
0.144473174
0.18790971689
0.161321035114
0.31046486188
0.164464938254
0.137768063085
0.804864849693
0.23902645669
0.197537310121
0.191447803194
0.203086407207
0.217284462203
0.166670207283
0.17123696418
0.163159153985
0.179453691817
0.173019081281
0.258909932383
0.180492709327
0.179210267105
0.164370493492
0.13079732734
0.179577392508
0.13643883621
0.221564667944
0.170948305604
0.171264931728
0.265589913574
0.17586865331
0.144706091757
0.208516651278
0.213003038238
0.182488965896
0.175372528046
0.257549424619
0.193188220016
0.165022941286
0.179583319032
0.207039410558
0.319213979612
0.189642752178
0.299354750901
0.17578964301
0.266841319732
0.311720798534
0.183549188946
0.163246443383
0.16976013549
0.19901408965
0.248007967444
0.16313255562
0.312638889265
0.215468942601
0.260369702793
0.184995136906
0.160266129774
0.156142197473
0.146153743742
0.198969726179
0.544597291048
0.128341853013
0.134208580059
0.172972537789
0.158479723607
0.152135987974
0.147966635349
0.224122863267
0.330926243781
0.247585546893
0.24361209612
0.159545985216
0.178075712496
0.160124729091
0.196330693698
0.18499283876
0.209837912134
0.167534899501
0.277858712469
0.250364676851
0.231271746341
0.164359650129
0.153406792129
0.277222886641
0.237277895805
0.146073696211
0.160173854626
0.173002238854
0.206909152356
0.148830418147
0.205927949363
0.183019377869
0.172679213934
0.173467932712
0.135681524392
0.128944311515
0.173734395106
0.161504917591
0.133354933804
0.747273661565
0.710422505899
0.850689319998
0.145806002335
0.243588519956
0.169366172867
0.328039115592
0.322533178298
0.204028075446
0.265174510634
0.257886303052
0.277087860513
0.18711702967
0.201009942996
0.152553630596
0.37583200308
0.516073727096
0.194821810551
0.233321893977
0.165887830008
0.352296148187
0.189169059361
0.243408688499
0.217131938517
0.195694676915
0.222888380159
0.232239813398
0.368564221743
0.183918215532
0.154756901488
0.15270457497
0.138864922474
0.167814547866
0.198798632022
0.184952815163
0.245909601876
0.260832185222
0.252311307226
0.173089895239
0.167134890892
0.14656344232
0.244935553544
0.212445496725
0.257853113721
0.182996671493
0.217123818147
0.209604403883
0.172028739702
0.268052554696
0.149176433699
0.138042763878
0.203894634916
0.257571158073
0.288501438258
0.549738934076
0.405745231256
0.237430029029
0.272563739265
0.247524007644
0.593815159787
0.157790781523
0.153203535667
0.423962449609
0.193035772072
0.191588190161
0.287864591142
0.261701111692
0.206294515842
0.270243283414
0.136556332824
0.138760556704
0.196297996151
0.210807236051
0.198119596125
0.142854061294
0.191172445478
0.211259988917
0.250817271006
0.220165313423
0.159104102193
0.240409422322
0.274058133524
0.129305179671
0.176480758472
0.274208815034
0.156156281312
0.166679849699
0.173362275375
0.140822618384
0.226753015523
0.341528536545
0.205589174952
0.174870046726
0.177776579566
0.241420404309
0.216773413433
0.201842260538
0.168699870425
0.474681956394
0.343889228273
0.395669171497
0.352652771766
0.281820702551
0.19440478293
0.302014801342
0.156707631431
0.145761390019
0.14780845431
0.192144235482
0.270413054412
0.197248695034
0.436745361454
0.357532814204
0.326186859751
0.379437999406
0.332537564446
0.419881276048
0.34261795169
0.147954655275
0.191580168377
0.809943500262
0.242281260634
0.246316791379
0.203845157947
0.1676725407
0.186624603662
0.280103109202
0.226580018579
0.164186328952
0.400319286816
0.377509026915
0.214000543076
0.545737577698
0.303011628039
0.334579585993
0.351718951424
0.231251807586
0.285938763159
0.201664668379
0.268400437184
0.215213289925
0.257778542605
0.216433465511
0.160734411605
0.214607020767
0.289848759495
0.307699474826
0.210937932625
0.193460113704
0.228928882351
0.177607846413
0.22417351205
0.251559260875
0.17386775891
0.174769023712
0.180255998374
0.163008471074
0.226922650098
0.153085819757
0.268066547673
0.263557915778
0.201219375617
0.140135680477
0.324324733706
0.456852924922
0.238688177912
0.263793170216
0.2557908773
0.282328225545
0.425618525352
0.185156090098
0.535364903941
0.315392121276
0.160297445336
0.259441221205
0.170880612231
0.210136681779
0.406933718102
0.265401007894
0.252653006554
0.363918428763
0.187019221576
0.194970793325
0.196767998403
0.230002250919
0.309980588421
0.194443071535
0.166507218139
0.166753500742
0.273738193312
0.367255336067
0.264658186791
0.279286412198
0.239831799638
0.233722607897
0.256228876576
0.268547594242
0.255708640753
0.132741462715
0.208206984657
0.194337045722
0.224591623724
0.190097358663
0.236099110252
0.155564582515
0.306287911438
0.675785655866
0.339642711494
0.163668836385
0.198508553869
0.163990873472
0.178259018532
0.172888164381
0.24200442064
0.268187685507
0.156639665663
0.365016584511
0.196001212981
0.161363282875
0.157413103174
0.158818493257
0.197510000127
0.261512148158
0.195179712504
0.300241410852
0.329240317686
0.167955190497
0.305587116182
0.220158953784
0.199465184106
0.177971959369
0.30217152447
0.240325149522
0.166285062595
0.242915695903
0.173458399097
0.210577495574
0.398064031466
0.154198273369
0.163397882898
0.29165232732
0.197090850261
0.310406073634
0.190650093983
0.280491727341
0.207357985143
0.168823850544
0.188529497123
0.234463821473
0.236309666368
0.157499547783
0.182238599324
0.174255262204
0.193882015714
0.19266856994
0.227787392083
0.273883923516
0.360442157846
0.172759564182
0.246120490494
0.231612374537
0.252085272636
0.18437423726
0.17369740213
0.250518712494
0.178833793198
0.153636748562
0.291220317605
0.284615476425
0.291153631911
0.205816350966
0.208132839405
0.14167901751
0.181985030057
0.148367781517
0.196857697579
0.171362400831
0.229407237397
0.421888460248
0.372576262059
0.174747424953
0.281626998625
0.231887499211
0.207201622728
0.141820140235
0.127507233485
0.359346517542
0.514173894663
0.156723015836
0.239600138591
0.413174403311
0.625469721805
0.461316455205
0.120652894758
0.223126226996
0.314888121641
0.161293382541
0.248954997405
0.206690701501
0.266018653007
0.337003469585
0.264352791681
0.157872047809
0.16385961395
0.171972310623
0.188635129701
0.180545155224
0.254639924605
0.260836107856
0.176796708948
0.38552952339
0.227371547914
0.162300126681
0.222843500179
0.204573597292
0.290383431567
0.24246619188
0.139175697377
0.166298626173
0.138467202128
0.158037818747
0.140968756261
0.203407314651
0.175378123476
0.181243611127
0.161908106613
0.144813530831
0.148544600784
0.183941668162
0.183762603984
0.254344265731
0.247765805938
0.17174383715
0.262262015325
0.290824453817
0.539875652943
0.214802733391
0.158180774487
0.528067875671
0.228186869427
0.283327137414
0.143568980459
0.255465474908
0.25866035994
0.171572945721
0.15333286458
0.193927674159
0.130021082733
0.150564694557
0.264436548206
0.190106187075
0.23156347117
0.183349745291
0.445278655412
0.149985653313
0.345738684734
0.247254315243
0.203340229023
0.471393864501
0.253324596493
0.191373808052
0.168868703479
0.316251455827
0.239651935106
0.192508685231
0.242463867359
0.217718723404
0.194233590298
0.187120732031
0.214643006801
0.231296412372
0.245230462641
0.155816978908
0.128320301254
0.218200860486
0.20417973907
0.167073469112
0.150811876031
0.169491969937
0.210582025073
0.244575166412
0.308000472149
0.225399731971
0.252602083583
0.188048789089
0.36108000742
0.211563164665
0.203633856855
0.190216022527
0.214845942293
0.235384241861
0.185223524646
0.222056134067
0.137806789611
0.133283273701
0.184289022981
0.128069210959
0.184468744293
0.14719239795
0.190584628759
0.161173378727
0.250170586221
0.12423371497
0.267503822807
0.220443607305
0.17602791422
0.166712909776
0.161172805235
0.229352420133
0.135561762984
0.414643366024
0.65960252115
0.17216729499
0.168084677707
0.175370917951
0.384490977367
0.141728787715
0.154910771408
0.15336791367
0.183236540308
0.221257138729
0.179929307156
0.232860749722
0.278909326295
0.163629515343
0.145917433321
0.130764519026
0.122418085704
0.124922852589
0.129944457542
0.14293129768
0.242920188091
0.171442295424
0.233614397997
0.161229733237
0.151811276274
0.185750215159
0.307144845361
0.26010826661
0.157279942512
0.207652467433
0.176446133516
0.246954844553
0.256668598719
0.185178366329
0.148035902323
0.223843697717
0.242828171322
0.316474834852
0.137632905363
0.134168229094
0.332922085778
0.162513653538
0.164808339788
0.285547199352
0.25339450122
0.167507788151
0.162316812102
0.22531688193
0.148201767785
0.189616970192
0.148171110492
0.154546283174
0.220894255087
0.278330890262
0.204023306089
0.162704133753
0.143191378013
0.243476334117
0.264412240325
0.295341691095
0.140483432255
0.315150600981
0.152997550854
0.348139186116
0.362117218868
0.453872204123
0.161192129971
0.32130382186
0.197277335128
0.160846314157
0.160295477492
0.195629295453
0.343421519119
0.197762486844
0.225983895142
0.31135533821
0.132750095278
0.164370876982
0.148020838995
0.192555930392
0.245615101571
0.434331501739
0.296252838317
0.158110393036
0.232591147724
0.324709067024
0.160278273599
0.1953400337
0.154977252372
0.179579306823
0.198655550368
0.280512817642
0.174149225928
0.192485435872
0.164354788851
0.231591257026
0.232762923873
0.21905500388
0.22528140572
0.196844613818
0.23362120255
0.339519889572
0.180115101736
0.187875446379
0.146242915717
0.186259832626
0.150440961566
0.252496381097
0.374946991713
0.165006739045
0.191114859665
0.235657058616
0.243914027764
0.234604435376
0.209529843227
0.244658678729
0.195226561157
0.154262551933
0.166095575416
0.140827608888
0.246697669898
0.277307664626
0.159932746562
0.134354851962
0.149038225134
0.273903517591
0.177466824084
0.187811005035
0.174109796545
0.179422084267
0.212245504826
0.333157892072
0.249097882287
0.286738196549
0.266419216003
0.286550743559
0.170831765792
0.205803105432
0.194693502288
0.178484907909
0.183221751515
0.206831062972
0.155619625659
0.164287658519
0.189759717859
0.136611939613
0.214380138358
0.183738356854
0.1944932997
0.131727657999
0.1421630272
0.197479407113
0.153222865905
0.299873833546
0.16757960063
0.15486032506
0.275344405189
0.165581755646
0.335183773211
0.218463622254
0.173663856011
0.204729271302
0.153732555248
0.190895531768
0.134250960065
0.137196926826
0.175968991934
0.277603118078
0.3824425337
0.210589414764
0.142255083963
0.130623602554
0.150411957741
0.155109706289
0.20839995258
0.180220294518
0.172372037317
0.201907047557
0.206197488079
0.192428821684
0.278246711678
0.508242147853
0.141143997539
0.194099032329
0.161294103584
0.216639740069
0.168873627523
0.172694958392
0.16527678585
0.361230152214
0.222165164941
0.204881695407
0.225478096115
0.16703752824
0.243915970689
0.3336544468
0.258030445764
0.183145762309
0.228609434651
0.159889729031
0.152293694373
0.138718254485
0.146374520303
0.160875138864
0.210617226824
0.155367882117
0.120324840443
0.170343238023
0.190564306804
0.131170819927
0.160893907997
0.182530468983
0.153565043749
0.178080815546
0.187013963652
0.173600723633
0.162670260663
0.139939014644
0.259869046838
0.192554406651
0.244378269074
0.152607056455
0.248535856913
0.168701175425
0.282743217649
0.270890295135
0.184838665481
0.156646773632
0.17847131654
0.161988462012
0.176878611348
0.193598638002
0.19505148972
0.135695338787
0.178383628781
0.214374626888
0.201621673902
0.204657986135
0.170724854723
0.198597275532
0.205738369751
0.157600563649
0.233110687506
0.139260938562
0.169871826444
0.502607397125
0.231123568642
0.301434515325
0.217722820952
0.492974044112
0.348233717254
0.207143822331
0.233875509133
0.201209374897
0.253689663877
0.187431742315
0.136044394808
0.17927501335
0.365898230533
0.226133713533
0.275453289857
0.135828954957
0.175744527456
0.169087323968
0.172865426099
0.133295091872
0.179601375066
0.347146512636
0.192241027068
0.169503031599
0.61983471531
0.209609520672
0.177230673922
0.148413450259
0.2482305404
0.248745399828
0.20050136555
0.19060795483
0.210057639709
0.190332211379
0.500356151499
0.128209807987
0.179994860989
0.172607998371
0.161312017119
0.267607572407
0.204023951584
0.220167444692
0.180639467223
0.28039065268
0.271636627117
0.197225562031
0.249689019732
0.317688721821
0.247021053072
0.161354287573
0.14594784409
0.147833221011
0.247039495217
0.162770587024
0.237959671076
0.191030626514
0.308073096836
0.18773330035
0.136289636312
0.174010747633
0.152922845485
0.153012105719
0.233182477739
0.165262442082
0.149221444051
0.253655482685
0.216360565896
0.171080568806
0.16881829642
0.1854541411
0.212215547861
0.184102134539
0.201427999403
0.260570765018
0.216690033506
0.22608641335
0.187385876179
0.171153046666
0.141557936881
0.184817609846
0.172379309879
0.168366270038
0.236811727765
0.175003748718
0.132227942615
0.160263796079
0.219458107094
0.333431419803
0.190062583073
0.524342664368
0.432875145459
0.1321932433
0.129955613282
0.250249138096
0.213352976881
0.314101287855
0.226179979821
0.143428867393
0.225171310834
0.357930281784
0.173815545842
0.164540269353
0.152550274384
0.147659747854
0.228938608352
0.163273246606
0.253291174804
0.14594820641
0.213085898187
0.237243350206
0.272191502741
0.292677640827
0.174955019456
0.135887719318
0.126513665012
0.161991619711
0.166122758443
0.277356369287
0.240098738952
0.402110278139
0.168024477924
0.159992131464
0.334126327514
0.289163029318
0.159561511623
0.208937721146
0.171555779547
0.167736935211
0.19371708475
0.162852050863
0.429092445074
0.193588603405
0.225563756175
0.20046197176
0.251632810542
0.148542686962
0.160474342694
0.290742004589
0.257524277316
0.323872187362
0.321162500915
0.152005374401
0.177763329525
0.19704718272
0.190117031837
0.360439297363
0.118278495902
0.289617887514
0.14753648616
0.245868190027
0.218259491603
0.17886783928
0.193301465624
0.288441852671
0.188490451131
0.243015972379
0.254554118752
0.216041715862
0.205267309495
0.179286551385
0.171403202402
0.520602309871
0.285170023627
0.248248327013
0.841165861725
0.261051152769
0.181411587079
0.156803029229
0.143969942319
0.153876898408
0.220563960843
0.180835645787
0.164553225968
0.188898809114
0.218778552827
0.169276468574
0.23905976091
0.143073371953
0.156081527884
0.176340032276
0.186410344202
0.201956044955
0.198134753232
0.165114674224
0.15173743642
0.214556490684
0.295807004064
0.184000356547
0.14942754138
0.201725199407
0.250479205821
0.279453148864
0.204294921503
0.155972647195
0.162137431799
0.154268178874
0.189068817118
0.20407978696
0.197084210942
0.21078750812
0.247476373372
0.209591494681
0.280870450936
0.173306926718
0.148873606426
0.146984042683
0.284859059503
0.205252701342
0.158959000143
0.130101212437
0.219769129837
0.238322731775
0.167460993132
0.162680492058
0.182529705165
0.170703079509
0.191972683273
0.148312448473
0.214344544934
0.188826595696
0.240763719121
0.211293771522
0.183525823083
0.273107150092
0.236312778186
0.180002208485
0.177248305337
0.186502211176
0.237647316919
0.207357215873
0.241494354922
0.17653173923
0.186209908861
0.251071955219
0.152848216027
0.200953306661
0.19363924033
0.184040362591
0.176206078967
0.262137126609
0.362921354655
0.227171782699
0.120324840443
0.138321479599
0.242725314996
0.181735294975
0.186329415593
0.273853357843
0.165319169308
0.276439350741
0.199728130386
0.208921356251
0.153762771769
0.198422932763
0.127954309552
0.148673851443
0.245102445079
0.205923190303
0.146023865731
0.200144893757
0.192079867969
0.152106249986
0.185171927836
0.370712073301
0.153102885609
0.299890153563
0.154877947328
0.133866103554
0.157421930075
0.316245404089
0.544890183166
0.488562268409
0.479388384803
0.247534232096
0.218707657304
0.214969557506
0.178055366157
0.309378109473
0.392977665502
0.21713089372
0.227096373203
0.178331537779
0.153276847118
0.166645917344
0.186727001828
0.196055516616
0.1753163292
0.173482170314
0.179600900886
0.254419566419
0.148455586749
0.260762138594
0.229686752478
0.289826457474
0.139318346394
0.143764064255
0.164750657922
0.274459419092
0.203772434232
0.295161759415
0.158186256591
0.156027443601
0.191108032571
0.219697624187
0.140232368251
0.19862516001
0.132123677786
0.17183396213
0.187760651241
0.157799567398
0.157834717351
0.144885823578
0.166655669918
0.138754449248
0.221371466311
0.357538935041
0.232324813638
0.171895943537
0.157063076064
0.194841367856
0.150735217877
0.152209259715
0.384020392106
0.243993243767
0.180679260703
0.298625725192
0.153027197006
0.14926825252
0.191133146917
0.200115685961
0.167355477659
0.17453940723
0.17308555159
0.262703871169
0.186965463837
0.23183362442
0.160637436119
0.273288201206
0.17527147365
0.141715713156
0.185926920196
0.16820999714
0.179637141992
0.161483624459
0.190334253672
0.144971517282
0.142852876716
0.165748549153
0.194422182507
0.275059871198
0.221026069738
0.207356361713
0.200695451828
0.19818363617
0.153696880886
0.130171635055
0.244364312052
0.159519910717
0.213470325121
0.176851987191
0.188860861474
0.147959236128
0.156387855072
0.200466220236
0.156916150181
0.159759625494
0.225869143106
0.122886494727
0.235946055526
0.171703987783
0.157614521769
0.148259034047
0.184260174045
0.195506966748
0.242324062118
0.154122035139
0.149085546904
0.141703612207
0.135306968482
0.192919750818
0.231482958125
0.160833272328
0.132687489827
0.188997128489
0.16135644539
0.164248571211
0.167731766331
0.22695976157
0.233657531569
0.174776925285
0.199420208824
0.14442600271
0.141943698314
0.179806747597
0.43146555516
0.171455649694
0.154897887928
0.157051568156
0.208339245555
0.336166526326
0.161727843077
0.186601246948
0.254525665165
0.189716562859
0.263513797246
0.160164645682
0.154037003805
0.164027933497
0.165676273656
0.174647690401
0.132995380021
0.232382514624
0.166982279521
0.19986566388
0.169696041701
0.128374978455
0.170285400236
0.15995066244
0.178655259832
0.254652603652
0.150624654756
0.197309894608
0.191910468923
0.147177376587
0.151620325154
0.202016171896
0.185277645886
0.202008512164
0.125824262118
0.215252147666
0.197522535474
0.19792489263
0.173822560006
0.172873064471
0.162338039222
0.135339393514
0.13973875984
0.199049098937
0.159031312931
0.226408926776
0.133954553256
0.175722861979
0.147857755189
0.131747615975
0.18229925789
0.294029716538
0.138481412994
0.266615955965
0.200990389467
0.144816224027
0.154821933737
0.162224565673
0.368540171521
0.163974227233
0.141801098076
0.219525869879
0.176643713337
0.203752260375
0.137431383065
0.1635224138
0.154749465334
0.148906005027
0.164723349422
0.161891726209
0.161135959756
0.181862399062
0.200537391776
0.178086932499
0.154804764366
0.209174235058
0.191795895344
0.181274772807
0.197192257574
0.144153703626
0.193361496455
0.212499529333
0.252397373141
0.17441930366
0.203589159448
0.307963625047
0.225208331147
0.231400429875
0.193782054603
0.126265706668
0.144444148169
0.128998852278
0.162040773049
0.15275633367
0.160288675772
0.154916048962
0.216682023486
0.175946525684
0.231300814823
0.22183036768
0.160803856132
0.222658340588
0.162853585472
0.154591919128
0.184541692119
0.200970199796
0.423727966935
0.174011019962
0.240329522735
0.235938023245
0.217031237861
0.203235975595
0.273189440584
0.175347999385
0.249213965419
0.183256130917
0.167913283997
0.29135639638
0.253008225602
0.152615403556
0.186257146257
0.27729067442
0.188510479582
0.209804974123
0.280893493373
0.214215676669
0.17295478246
0.23778439685
0.169734587773
0.172985892608
0.179920839163
0.178129269106
0.2094869996
0.331170638921
0.156760091688
0.153385538474
0.142391860381
0.170588410253
0.193942188931
0.208710844923
0.178697075874
0.174409452492
0.182270409412
0.159322333162
0.176027002603
0.201453044815
0.194912110387
0.241700720565
0.158741292708
0.153902883678
0.145119196219
0.165943580623
0.16805615332
0.236506039856
0.363459799428
0.212623048489
0.173801179193
0.18725059851
0.189805205291
0.194120596032
0.149525266777
0.182834265471
0.137483006731
0.132064273724
0.193421883088
0.166440352347
0.172862720078
0.209267173329
0.283185094551
0.207661618257
0.579820419501
0.235742993845
0.241768009267
0.365811592862
0.455812418321
0.143458851799
0.689277339273
0.167884351045
0.171148338612
0.18916265897
0.338841299224
0.238402621733
0.23815690419
0.145061226226
0.153442235741
0.152023254113
0.208457375579
0.169548877511
0.152718968661
0.316508232575
0.196952108634
0.219521577148
0.162309191084
0.218534393173
0.222510812158
0.163654640617
0.22568449647
0.185625477517
0.158563201602
0.141572889984
0.154691088943
0.13979318744
0.1709169304
0.166716589286
0.164700796397
0.166133082413
0.261989970675
0.272357853546
0.283437508986
0.161274541347
0.132423950878
0.180826178638
0.312996464397
0.161885525577
0.154264602364
0.151389218467
0.221051014552
0.280558605952
0.201588171363
0.186628022839
0.189572653516
0.223596167728
0.126228892333
0.188010826695
0.142749878477
0.215534006239
0.144167736435
0.20187038368
0.192817996997
0.234836679743
0.274132329982
0.214073668765
0.243974358729
0.166633204935
0.222576497894
0.173006565164
0.141581556071
0.197094712572
0.166645636785
0.167353529272
0.201039583252
0.252792891955
0.259553759064
0.455285357543
0.166390199146
0.15606913171
0.249146313378
0.272975301317
0.260100216441
0.275181195385
0.307783148289
0.237965640084
0.161989660259
0.185238514836
0.123345529951
0.2787201428
0.155168662006
0.223245125593
0.229063181572
0.262452542877
0.166491061723
0.193827362616
0.152830679398
0.203153831349
0.368655513534
0.144989872555
0.22039284017
0.168201808658
0.242197066495
0.387987834091
0.342630961944
0.275281489662
0.271118057164
0.172402712209
0.218721431779
0.196112591226
0.159768671687
0.212061076295
0.215368926318
0.167532293651
0.224860415568
0.234943716671
0.136889098656
0.162497332483
0.186957082171
0.154039710004
0.186912492145
0.161731476442
0.153599432402
0.223039813735
0.214356167753
0.312767267447
0.179614898408
0.128067044794
0.176998788586
0.241411946563
0.186713687206
0.147695894479
0.156693009999
0.285754305401
0.238620814187
0.164407333519
0.197012765108
0.321673688543
0.33118931703
0.185961553628
0.178007955802
0.225840579926
0.179102966786
0.153853277624
0.26837556805
0.279072892908
0.198049330794
0.271398061036
0.393323356467
0.150636553242
0.156826755998
0.22236309231
0.215174375901
0.186250557406
0.163322536722
0.168305771384
0.155311810046
0.172804122371
0.187937170805
0.159686683431
0.175818092424
0.168967757473
0.239428060151
0.166195491209
0.173526308302
0.163268752369
0.175653472828
0.203266261362
0.281657627308
0.135471770881
0.314202952969
0.231599395456
0.244460433467
0.149226114359
0.173844128441
0.172250236951
0.175458857671
0.235700613516
0.145368419779
0.397901966343
0.277574914248
0.173013344245
0.362259905658
0.226371399142
0.213459667655
0.344835217145
0.163842979144
0.147499765307
0.220027622946
0.157616588248
0.291450635091
0.259095296629
0.221599571891
0.179570080161
0.223143237574
0.200330917039
0.444366469546
0.148066392942
0.224898015885
0.190926326796
0.355793694649
0.232589765861
0.35017424444
0.218048262636
0.202791534143
0.251567835743
0.161449861631
0.204763528947
0.217569637869
0.148316451859
0.270411915048
0.14589854871
0.230960577894
0.354232361401
0.195943527461
0.159421191274
0.135900180394
0.184622995362
0.172508911011
0.128144512046
0.305248999489
0.262663960286
0.298703418498
0.199102954522
0.15665986688
0.356818490928
0.232091693535
0.211169207851
0.24563396077
0.51091655469
0.500571912706
0.266283483557
0.266719157568
0.276050804298
0.237205006069
0.239688845371
0.222707234271
0.218576799955
0.350363094955
0.17389127455
0.17884245322
0.27875357377
0.167614269437
0.362124763738
0.284009554657
0.283767413152
0.170329548492
0.214310415152
0.176838338342
0.167117982268
0.178772025666
0.199499325336
0.164339043728
0.130880572084
0.16421666581
0.178567331783
0.151150772966
0.147556286125
0.177726179843
0.211185622705
0.248119073747
0.209302814753
0.182699005887
0.142594805434
0.18938268763
0.246726717331
0.176008877196
0.167680390576
0.352632789914
0.257895632432
0.160784402542
0.17109002972
0.231266022182
0.139462722265
0.1838039734
0.253418303495
0.152296013039
0.166796188848
0.194633861679
0.1954129404
0.20042763475
0.299847344543
0.161835825585
0.131186377161
0.151151411994
0.132480835805
0.144374657438
0.205485761257
0.201183105588
0.198420898787
0.15978642625
0.174796574097
0.150646084482
0.191952731325
0.198936836874
0.275951384343
0.254637060911
0.25021954843
0.293737657415
0.234087191203
0.192892570156
0.171355065241
0.196730686646
0.311506960138
0.19412656151
0.304039563621
0.142291028151
0.207734675127
0.216685717048
0.240018507813
0.208049651093
0.181606565606
0.206134291025
0.235014047563
0.163751025038
0.229350284678
0.253459343958
0.220981336356
0.370506339647
0.230020615954
0.205654542744
0.29205490677
0.241093971781
0.138742633367
0.224646213811
0.178212723401
0.265208352583
0.20381405235
0.171212424254
0.150443531791
0.156926601688
0.247901938068
0.156870980686
0.21195247532
0.233137739971
0.188401362904
0.133489559917
0.395789041241
0.20613994103
0.204683080878
0.280355469415
0.241552880283
0.32052649026
0.526947069562
0.174741773279
0.155161376182
0.196371945884
0.234822028762
0.168002306395
0.168100457904
0.359743333009
0.215382627542
0.135296358612
0.126999988156
0.169265979925
0.224519722156
0.126325803344
0.189326690134
0.185044172456
0.183079416939
0.177711456644
0.246448280642
0.142011029623
0.220133262048
0.196855155756
0.253438011241
0.179384801054
0.148998798865
0.183144270344
0.296646814943
0.251552033435
0.187664525666
0.154420102258
0.215809529228
0.174397734659
0.280609314428
0.162224613894
0.253969258888
0.184649455369
0.274251044413
0.15332333818
0.170910466852
0.201163133222
0.176992146832
0.453506712318
0.255309537818
0.310802531784
0.206625734772
0.219436876021
0.191740231074
0.226989656224
0.15020325319
0.259233701053
0.175092687377
0.171304055643
0.140843326305
0.149500429548
0.189458619061
0.167587109511
0.22226642439
0.177032817772
0.161284396395
0.17169191193
0.265936985967
0.253029652622
0.22451628377
0.177752254167
0.214346770665
0.180638022383
0.124726296413
0.212133679696
0.130004123054
0.15473096375
0.171342285581
0.159841953366
0.143101542213
0.148281391758
0.133112422732
0.205972412429
0.174610534534
0.263062679931
0.223418371527
0.301346475114
0.204921335457
0.246830033098
0.191890252398
0.23593209272
0.155287484466
0.178583403843
0.254509764056
0.278299799392
0.248746217294
0.175229088404
0.155554770912
0.209363151048
0.200841208569
0.147852627685
0.125150512968
0.175764960953
0.225156939657
0.157805647968
0.220505390677
0.407185539746
0.381517882803
0.211088992337
0.274805933607
0.137889202577
0.200675712405
0.187203314756
0.258911980215
0.139128237651
0.435900917838
0.363186691313
0.440281776565
0.199220296377
0.208098376651
0.233346264975
0.191149807883
0.155612465189
0.166330348032
0.126040716914
0.176489373011
0.179584836517
0.236171174615
0.262590703122
0.151615633233
0.155454457132
0.24861207006
0.169076682025
0.173362275375
0.139302860311
0.146362138089
0.222504863494
0.212814612074
0.242962719887
0.1826843038
0.159779277092
0.211172388669
0.369079394861
0.256893227587
0.284179640753
0.237414053957
0.272538653409
0.639148185861
0.163005457447
0.390267193667
0.16495445059
0.172285872331
0.178572635112
0.189472103569
0.222864619758
0.148631883695
0.217182676251
0.389862596602
0.199833349626
0.159835452627
0.186212199241
0.172241718201
0.314943642609
0.30329416071
0.480642970501
0.268814581562
0.312387078476
0.264633752001
0.211005740937
0.198309356969
0.185179546914
0.135453953699
0.153215589782
0.216077841357
0.260992094231
0.251410426047
0.232938633651
0.230815840366
0.256345960153
0.380883848817
0.410190749874
0.322801325487
0.232704869861
0.318576600157
0.277716447772
0.306103742839
0.327653319892
0.19555018932
0.281808835778
0.213512819256
0.208014587746
0.468414595009
0.410380548733
0.354425623603
0.237912039247
0.282761416521
0.558759294557
0.340429030308
0.346329623868
0.387353970714
0.173083153631
0.377397466007
0.258344217941
0.342677414574
0.258851202511
0.137463074702
0.801896912813
0.855992548574
0.875680290644
0.318803302814
0.261439463853
0.372735114373
0.440069633116
0.400118040062
0.37537998762
0.885700344154
0.261299844459
0.339899996012
0.625151206592
0.417712737662
0.375488658679
0.318139037035
0.356151817429
0.183186780686
0.393512901179
0.204513966308
0.344475342138
0.247332109713
0.655647806707
0.380592453655
0.202545664349
0.415711616677
0.76570715238
0.175447598505
0.181218550166
0.251988290196
0.206848971917
0.218214437845
0.246585455865
0.330535903174
0.304161215801
0.166028157988
0.172174243269
0.400787594963
0.489199465923
0.443039826681
0.384089560014
0.265262465595
0.291819167805
0.255634289968
0.216497167634
0.237506462749
0.250298050473
0.187336289434
0.140412688866
0.255424476628
0.885700344154
0.30474214596
0.418924300549
0.366091429134
0.364261804737
0.269450570922
0.220875240495
0.139211082821
0.21632570915
0.127620668312
0.127153244542
0.412031988117
0.447595941577
0.237582838336
0.188312969049
0.569097174467
0.850811684095
0.347058221962
0.154272272486
0.368925420985
0.685631599357
0.795707205208
0.8634659259
0.845318080443
0.21714747206
0.165482460757
0.765276582649
0.796232865188
0.326148255783
0.874469419565
0.262656726125
0.399686878121
0.390019099171
0.239560227864
0.253421593094
0.397795136565
0.507829594237
0.26117745652
0.357861999076
0.347365211618
0.392224326962
0.418866558505
0.33724610803
0.222145784013
0.212696092504
0.460550896665
0.143234329231
0.167839658818
0.152727146801
0.152727146801
0.163313328341
0.152727146801
0.195384286292
0.176320508447
0.135867978297
0.22631432446
0.196460169749
0.303804341697
0.303804341697
0.306897192425
0.142050650209
0.195348755175
0.243751380616
0.236259753157
0.142230510203
0.207736792266
0.603028202801
0.722726538891
0.280368999021
0.151601683182
0.222665253757
0.391972889487
0.194444911888
0.350655445482
0.43115994028
0.221297463886
0.15915433308
0.636899872487
0.279443993548
0.288300966166
0.355469883221
0.177183253068
0.18424383096
0.398435727239
0.245878888581
0.313712547215
0.367356072546
0.346112087929
0.278385533824
0.382691789517
0.819262195243
0.732636836704
0.401574736912
0.13388228763
0.507700048176
0.218662835272
0.648338334528
0.287127476897
0.427135246481
0.176573173238
0.151138276892
0.194304687298
0.246946948358
0.202841829798
0.323845883061
0.238509907231
0.373279623241
0.458019146966
0.433204270199
0.349597420486
0.257140858847
0.195346815584
0.168965242016
0.16983834564
0.250203575551
0.237174023288
0.183136682126
0.182179394027
0.29845236797
0.240704574244
0.428512586892
0.76795698404
0.188475256817
0.600584039529
0.198717236203
0.189272582561
0.282616142645
0.242065551793
0.264670699065
0.227067937593
0.235271385425
0.347611461963
0.259908850012
0.338736852435
0.139000314125
0.237767842284
0.222240939914
0.202096902413
0.84671138693
0.844031795744
0.781011559312
0.206015957067
0.168135521077
0.803397816079
0.788512956631
0.170592435312
0.369218203993
0.291224552113
0.222135466896
0.70802235046
0.284374943227
0.222189889207
0.229721780863
0.315360928392
0.343300009888
0.272461799069
0.361187060077
0.183836850103
0.292567520207
0.335833304279
0.348117742573
0.345591030991
0.340286999818
0.671667041742
0.688968515111
0.673175042863
0.657407531923
0.708817158657
0.821267143288
0.780813017048
0.606866585488
0.379238535736
0.382762658076
0.339329494269
0.447750849699
0.444003960385
0.290370796751
0.299284022325
0.221639284723
0.235609167787
0.305677672754
0.191352990517
0.222653656565
0.228066090987
0.146359938373
0.270002496657
0.296301515381
0.419606684105
0.30736226746
0.188989080565
0.341909255376
0.336156044632
0.648430113068
0.374490951016
0.365120830462
0.181903252517
0.281625526947
0.170473265495
0.203553357073
0.336232304926
0.324351961106
0.245618581084
0.734843214471
0.800727922438
0.776754952982
0.614115483176
0.160770913178
0.181923033607
0.298523934001
0.443257778401
0.182554197592
0.279207398858
0.720781633743
0.828701758103
0.842016319838
0.26075276469
0.381763769521
0.684735539107
0.784948694995
0.415763544966
0.379443194828
0.380206669338
0.158192273258
0.445156949842
0.420137867461
0.697264326441
0.796437147736
0.817245904028
0.769755935919
0.76570715238
0.740854261676
0.434642621012
0.401780009803
0.77693323856
0.355907764685
0.260419260891
0.786483714461
0.797055981273
0.694842412497
0.187267128505
0.219248888161
0.593443611448
0.291920576784
0.743832123431
0.735352305056
0.817647613651
0.830746752505
0.282156689698
0.237462757057
0.662355246455
0.206340462272
0.151369279291
0.163805960436
0.797870955531
0.188554811093
0.306214932639
0.175507609501
0.178449217489
0.169000377286
0.252470028375
0.203850430584
0.216608937477
0.180550581797
0.338950457912
0.354706705046
0.190389174197
0.457780630402
0.184436655871
0.186670051304
0.203084292313
0.155820066192
0.207178877926
0.257665007681
0.257864694779
0.214856836188
0.341494769099
0.760597997349
0.85156450445
0.603731495476
0.786233938528
