0.226349102761
0.0310959459998
0.58652396228
0.212399201883
0.723791960319
0.581404120079
0.0492571902114
0.240694054699
0.250523659148
0.643002540461
0.0325252536843
0.341026005389
0.139624029479
0.692384951601
0.0633196041688
0.897851436137
0.837106484329
0.114250569553
0.254511989663
0.0467797743584
0.369201952985
0.424565950462
0.163304987306
0.121088002499
0.237258459499
0.030485931429
0.465413035503
0.227353452448
0.398709636542
0.588857517716
0.85209258735
0.919308244901
0.133349440139
0.345377044767
0.741141965088
0.127969959453
0.955667096303
0.291123064629
0.0630735533768
0.97359642422
0.77250628153
0.593902504041
0.679696794808
0.291249579331
0.569694612853
0.930631280009
0.829166824375
0.293583474479
0.722258770696
0.579828337952
0.535446546231
0.365282584492
0.0647001897679
0.658776213922
0.499990968863
0.385709324584
0.447185694122
0.518364467171
0.099922118878
0.7821569466
0.497619860191
0.980951223065
0.923801186281
0.919988082152
0.102123182682
0.248535173263
0.0335199395446
0.665154081632
0.223822712602
0.656485466813
0.808928022751
0.896582717812
0.655455775703
0.555190442759
0.226519681065
0.320472709012
0.0205316075421
0.042875856726
0.900721163417
0.0169723047129
0.0106192469344
0.270984507209
0.601987561455
0.253703432522
0.758075937275
0.407886100395
0.650101340853
0.99143900076
0.157988408653
0.204838782183
0.447860182648
0.0880947978233
0.308794038141
0.769189048189
0.452818541477
0.648452827457
0.356051439546
0.117238233704
0.973886405603
0.0615871172645
0.587121463696
0.242468248481
0.161733182852
0.0567203116162
0.0422479462097
0.151614651254
0.592667239119
0.582685787644
0.817131036756
0.813096890168
0.876812160879
0.74405405789
0.495927936878
0.12246730413
0.511356830162
0.0906057941208
0.876858935838
0.0399482734739
0.0470813191721
0.0693221555752
0.0229724452861
0.563129649381
0.010262601089
0.969654937662
0.274238175314
0.948120479297
0.962397483908
0.965320323987
0.983509920162
0.7911529158
0.112876736386
0.0635640871265
0.0870003012871
0.178885709539
0.569980958082
0.548017861537
0.374861817558
0.535921328725
0.688401282844
0.0622535683191
0.123578352546
0.0865478808347
0.0209764420674
0.976503802995
0.0999617004369
0.952374693948
0.0415028070043
0.334175129594
0.918486305757
0.243092001577
0.777734564358
0.369215399318
0.950524474339
0.648785342168
0.116097914619
0.505380525376
0.134288598572
0.38000102275
0.219658296162
0.14253518761
0.248388216507
0.551037332673
0.145665800976
0.0665002803314
0.391954390454
0.0405392888429
0.878734265718
0.713695887125
0.965457694657
0.389846345641
0.238476031125
0.275681193702
0.493415201643
0.419283329859
0.0545283573595
0.0991669318924
0.0866819350149
0.0640762891468
0.398159512774
0.484302509162
0.48176087229
0.974891970598
0.967226113917
0.0133282228942
0.374823648697
0.953683591479
0.974921181665
0.267560489267
0.0537519359775
0.0601395072947
0.416709170551
0.0357434484541
0.885240970051
0.421429744331
0.186066810175
0.4817773375
0.194268217159
0.0464713335506
0.841809230524
0.985326967867
0.0192709342139
0.141532259618
0.0161655945968
0.408659880317
0.903996329822
0.0608844009217
0.12340678513
0.0474760118037
0.139097870753
0.0512061299024
0.120130436219
0.067751151148
0.95749309524
0.0486985984925
0.191107908432
0.0371673134347
0.0505252648455
0.249562037886
0.811525960469
0.178291031886
0.0284939996659
0.56437584056
0.0428039556966
0.871679572831
0.573447977782
0.983604650156
0.749468412531
0.309175788302
0.728302767944
0.77391552998
0.16210452488
0.0797546768337
0.731054001053
0.181645472623
0.451983590877
0.542784800329
0.0399588551343
0.935391546472
0.033122108284
0.153624491571
0.0745520198821
0.036429377846
0.0236713347336
0.164827233547
0.462737111292
0.702087027833
0.997208007363
0.984622001299
0.670987571515
0.717239558543
0.83812568729
0.514791998033
0.0780021247636
0.246625820335
0.350926425659
0.106341454508
0.0866839943767
0.153006073499
0.105897432471
0.162658298638
0.0404322970917
0.14991491047
0.227867098867
0.891031277897
0.534773725611
0.127362583447
0.769608200167
0.182377193901
0.821194405697
0.324577241125
0.216101591105
0.0761190082205
0.0887325589998
0.0633560999897
0.308296785667
0.0566983180004
0.10512845192
0.722904366969
0.0748444701161
0.401601484934
0.958173271924
0.433275400526
0.746618528434
0.575795654237
0.328164513734
0.532787477079
0.63211127613
0.0464986635247
0.117693254911
0.945878944578
0.626542468739
0.209618455748
0.853591082844
0.255212844567
0.0660361196539
0.476704838141
0.957128347903
0.104060218696
0.713138853026
0.37919585002
0.129703768469
0.123966204812
0.695961111388
0.156942473196
0.6384895462
0.199161962058
0.244129239797
0.284736718132
0.613600650885
0.735954380112
0.0868861288176
0.0250869890904
0.372327034745
0.0609342077976
0.426771031122
0.338896873219
0.104230232031
0.106554698072
0.991020324817
0.5550731146
0.589122815189
0.151649415911
0.200498025869
0.402927522189
0.0714263176049
0.937642399224
0.290992123491
0.0900611336628
0.105851753056
0.981058464947
0.0736572711312
0.0614703694953
0.578201680226
0.698899425293
0.316239688914
0.0209426646298
0.977244284036
0.946159089128
0.214066433708
0.0427257790032
0.773140388058
0.683633610111
0.928959469188
0.921325486545
0.452070008093
0.278995407264
0.0404046194692
0.0403799670912
0.0339924922044
0.0414349781195
0.615650758882
0.233259634693
0.180293753442
0.200227565546
0.253720615853
0.159120942778
0.0342408716123
0.868728046589
0.10859217835
0.908193747584
0.2615538151
0.265857552342
0.957146973628
0.229443525773
0.966704194039
0.884674208931
0.772283372261
0.732498111465
0.202630474533
0.00875425367128
0.518822498739
0.640848050339
0.510702955887
0.251286218255
0.555684488648
0.567322981819
0.446318366137
0.953359241265
0.144106161657
0.338323064724
0.019295290905
0.197270759328
0.19865552542
0.855728533244
0.989344361305
0.132629461977
0.931985427884
0.515718006124
0.0474404831159
0.575454441109
0.468644327955
0.0108634057044
0.00997992208777
0.0143311635672
0.857816345192
0.929622964958
0.363248662502
0.239740214805
0.258522811299
0.752118968019
0.14337904205
0.0593792868321
0.775362907764
0.21987573103
0.0929445389717
0.893003911371
0.631739216727
0.195707117265
0.901202281718
0.311344959399
0.119962916814
0.0876012989766
0.977363875102
0.781047050503
0.266708567025
0.39525232493
0.039966351051
0.941071690672
0.951315687511
0.391413554536
0.281248604073
0.0977282311464
0.44547418196
0.673196248071
0.0266730016818
0.0296243734317
0.448107884911
0.325489043016
0.993442669137
0.428883324094
0.149187991377
0.190445884686
0.0200235161109
0.080022062559
0.237337632707
0.102705628661
0.628094159631
0.699397298902
0.983636668658
0.949336409833
0.0262249526769
0.028944985294
0.538021547503
0.228009308771
0.457314620962
0.341036495082
0.766290501304
0.0366776062478
0.192085832696
0.193072392384
0.308483728928
0.0603943367303
0.136250420885
0.740066073086
0.7278981305
0.479370750844
0.372204488827
0.0214790650662
0.121644882477
0.121381251041
0.102204222152
0.256780019998
0.732995211448
0.326552263513
0.612124318296
0.899749140006
0.377212138226
0.28126108428
0.138851983737
0.895592043053
0.440064751115
0.370523419049
0.449566343893
0.857839456168
0.644745923128
0.694542937671
0.258865612058
0.68058221456
0.17185283382
0.109052596033
0.0382581547974
0.931356353156
0.0837986817916
0.0153639761688
0.0742080553048
0.0850400703806
0.122814578133
0.114325992582
0.0568840588216
0.185027919255
0.153566125312
0.710254178346
0.0592354672477
0.0514874941384
0.0865504055438
0.39608408705
0.146912154671
0.11815066344
0.0495625647395
0.523530195423
0.76773030509
0.803470614549
0.231824978886
0.55727369896
0.306612424379
0.375701961059
0.384604779431
0.0753953899104
0.182811250976
0.0781546153274
0.347206523268
0.234325957178
0.366329050013
0.091358798994
0.045371044387
0.0485591704658
0.633024024536
0.0343309989002
0.0606120945547
0.077222843145
0.813653886935
0.402989307305
0.905011253001
0.956452194615
0.0504768424138
0.110853888517
0.126744095504
0.842516150473
0.835135678683
0.88616509703
0.240405461344
0.154325524325
0.820961183217
0.728621694742
0.409651797898
0.292856692119
0.522211856008
0.216215219129
0.126922846277
0.553931921364
0.195372615329
0.266798559415
0.377134620741
0.453988928708
0.882378764042
0.716967303813
0.345180824925
0.023816851663
0.256743252027
0.890800796965
0.487208107771
0.623710051155
0.0144745360102
0.215419136145
0.216429723209
0.37963450136
0.037824728778
0.718515805212
0.882017748749
0.0626976996132
0.564855251025
0.17533662364
0.539329590031
0.0854984692921
0.032286357906
0.021722410216
0.954243893424
0.0567155706992
0.404316882158
0.240366354405
0.0286511336215
0.91540692857
0.0179813506235
0.698882965984
0.319685023347
0.742034378643
0.934380552309
0.498762053403
0.0708962155712
0.0584698793215
0.0643515010586
0.969820244528
0.271782764978
0.201173227973
0.449509989481
0.253030418232
0.763016825664
0.0492769303632
0.960134502364
0.107808558
0.0276755170088
0.805638808519
0.075904317643
0.0457324221015
0.221400950359
0.0133160231893
0.0337079318735
0.048413012592
0.243133872724
0.598416584857
0.10444122017
0.773455572279
0.380388912863
0.150536545353
0.033733968614
0.0824165919099
0.217238919544
0.249322107656
0.0765970288059
0.26954876037
0.19646459038
0.0181706256062
0.415737896627
0.704875789325
0.858997587255
0.658338987882
0.0403648290959
0.0312747075403
0.128184102845
0.0156483007518
0.151575250853
0.0215572794077
0.983579082686
0.455344439708
0.712772965246
0.163251089342
0.501949210541
0.0964803729599
0.152135089147
0.0131043954229
0.0558794971486
0.149802412251
0.688205564644
0.830429117218
0.178806173436
0.786569632376
0.333696690523
0.215140012059
0.614105112165
0.135157669111
0.176349055618
0.988825337236
0.599198166105
0.980521251708
0.285681690532
0.891507346872
0.420449425962
0.786377845924
0.971165069002
0.90885017261
0.963627562888
0.195584436849
0.0778670155578
0.705007794242
0.44058128866
0.316097434263
0.0381484711057
0.0419166751361
0.637917488048
0.369489185098
0.592821791652
0.0412218791545
0.149852064305
0.0827916840488
0.0335952078984
0.0415057209257
0.20919355487
0.31419385609
0.331424025997
0.0858819679248
0.0966444989931
0.185282079014
0.638491666441
0.0660191349608
0.325391807326
0.573791685026
0.0578184312492
0.196154933994
0.0451662713809
0.269703404043
0.333470717663
0.855839042874
0.175699154912
0.487300685476
0.0543696240356
0.0631179928007
0.602669264221
0.483317852289
0.916735009491
0.538509954507
0.00710024652349
0.0895639776382
0.610018048533
0.393324008672
0.291365860562
0.22169058614
0.0196019280186
0.0264338619557
0.043033128467
0.902725347311
0.422117212011
0.677623012993
0.0754286394152
0.0313771796898
0.261748517512
0.393391283015
0.287232585504
0.327732458432
0.949141837125
0.184486481199
0.93272802277
0.324971703643
0.409792156815
0.872574083962
0.921017344933
0.946442614425
0.517478129629
0.0812338229084
0.129270368315
0.663194501784
0.125141755991
0.801897184905
0.0302859430188
0.0257312344137
0.212071598071
0.982582215367
0.504877032862
0.949973201366
0.316006317345
0.501233978205
0.12250356404
0.0545937012447
0.0383032358129
0.255561952092
0.0620912907792
0.428483777682
0.4491253591
0.12295190235
0.146765179499
0.24789469836
0.209862712661
0.694877662229
0.670441476938
0.663472360309
0.463369174779
0.80310252995
0.135942971922
0.344651306845
0.803476780644
0.0603130411793
0.841786077089
0.168581157701
0.457340433143
0.913516440212
0.486988219335
0.0288018764774
0.229274012893
0.526855942492
0.0352625061985
0.638765679527
0.153737607781
0.0602232735897
0.486432415107
0.492661282465
0.954344997867
0.85387682384
0.213029880912
0.926386820796
0.0552947258846
0.762191505903
0.177079568661
0.443382874884
0.393492030447
0.382355947349
0.237546926635
0.986544551083
0.16199687058
0.110775607737
0.0593998135866
0.0646117270186
0.169832632564
0.0309230990053
0.122105208442
0.815075971804
0.139307883046
0.0201819828675
0.0321596100032
0.302409736214
0.284172966442
0.0594572527303
0.680363357615
0.70799531649
0.115614590277
0.8826625115
0.22238049474
0.100381378251
0.309259547567
0.501008612063
0.0288505870706
0.0817336020537
0.0981698321073
0.831760674042
0.0932103525945
0.168952004833
0.236325462388
0.00854479111718
0.0119817516096
0.394161311286
0.718655460206
0.042217172223
0.154106570189
0.0313438177522
0.0419750873494
0.176615210919
0.0341387383785
0.0357450374733
0.454192331918
0.540458196077
0.281536602808
0.12727160004
0.0814840632134
0.120302437063
0.267945593715
0.221098109273
0.0441606668285
0.895392627239
0.0164054084959
0.324031005154
0.170282530619
0.111025242663
0.0292241112979
0.343566985445
0.106212880416
0.655022768783
0.669984483391
0.137040437806
0.102516029795
0.0309692382951
0.0297608989328
0.931880961399
0.600049938421
0.0661885232207
0.0464870017972
0.149803099595
0.0165997538269
0.825971589251
0.990165317603
0.139174094926
0.762345180289
0.11780921009
0.183664897359
0.0258423021589
0.975733139031
0.362790926109
0.376683554307
0.100560784997
0.713304574021
0.0284621184029
0.00966981054333
0.559101691956
0.0365709038066
0.901873007257
0.415150342717
0.604015048398
0.0113181372347
0.0154412452552
0.279151175366
0.421496794442
0.274242006066
0.0395332530969
0.848954825492
0.339923156225
0.0300005976833
0.0297156865915
0.0228088888147
0.908895586185
0.949945028527
0.346434261173
0.315715018871
0.0363914026649
0.179293830527
0.894550742891
0.52358865263
0.136179562105
0.236365442677
0.0230909037919
0.831163309485
0.072055152194
0.0713081084727
0.160814943915
0.021039381133
0.0101666508111
0.0494462695294
0.933574812684
0.0790193656353
0.1744819847
0.60791500511
0.917844565272
0.134066719191
0.171175177933
0.0549176385306
0.120892699995
0.118428812097
0.0726700409843
0.247979738154
0.0641702808607
0.26269646857
0.0284352112854
0.118337628334
0.0161503026336
0.013020729378
0.0195782387172
0.00549588330525
0.00239532628069
0.0500341528422
0.0405851706256
0.523844092351
0.0828572145723
0.637690765678
0.117535836985
0.93201873064
0.969584205294
0.962024099523
0.706407664031
0.532820705132
0.0653671925865
0.0793376602736
0.0546172280013
0.0786181052975
0.0209288298706
0.40034701899
0.895659684369
0.361569649656
0.296846993176
0.141321460125
0.333582743736
0.0524348498834
0.0776610269571
0.199649845124
0.94296374823
0.943950001626
0.954027058444
0.922187122606
0.383401669657
0.0677843988986
0.0582221243865
0.0675881661015
0.976233594971
0.141716465099
0.0635257156581
0.0452723231204
0.0348102892683
0.170470089032
0.0655582661008
0.0638340865041
0.0517673727406
0.231761545071
0.176923549173
0.12661628134
0.25033185396
0.987049964043
0.988477770191
0.964206027038
0.935902259743
0.976994211927
0.507590529632
0.12667569754
0.051531297933
0.183104249936
0.0699507648163
0.035889546737
0.149469396645
0.91556995317
0.804234786683
0.0266358383833
0.498867092282
0.0309382262547
0.0237051604013
0.057724771659
0.00382667162531
0.973719397143
0.961769009423
0.177127498304
0.991833852499
0.983719799306
0.933800596162
0.275721360343
0.830151927697
0.280760421
0.164548729675
0.055334110547
0.879022920778
0.0262158990807
0.982172136027
0.0203157463053
0.0750948393523
0.225661369155
0.39894328732
0.0281756748662
0.955932113428
0.776265639829
0.267644700943
0.0711133472562
0.411884583809
0.912704843032
0.90676509425
0.283575824864
0.947672236
0.173857821243
0.512519928219
0.0990762713561
0.985022354246
0.153338243649
0.406309686069
0.860628963578
0.935973217207
0.84257597987
0.863934682399
0.164392283635
0.440320799149
0.0671928782536
0.502089009895
0.596682281171
0.0546242844571
0.267579819527
0.198350504526
0.161387698312
0.506923765077
0.0289008984696
0.0826428870729
0.0512684921616
0.898997107683
0.227942966779
0.609349320067
0.496462610734
0.380442743757
0.209046524045
0.303484311793
0.752211250875
0.145079980487
0.0771391317014
0.918232867725
0.95762393476
0.304126465266
0.219498680808
0.0753168289672
0.361820077503
0.0797763061993
0.103872949621
0.411685651312
0.293905591144
0.170335613006
0.320834551543
0.0627245808452
0.593546339617
0.261805585026
0.290749770757
0.720520321114
0.337913671052
0.941709603902
0.946606130188
0.687117254966
0.302114845734
0.0897013427022
0.946783795668
0.629420677565
0.621258738217
0.0781340132315
0.553765410562
0.776885403943
0.539737922899
0.240408556521
0.4135211556
0.175768270232
0.918713250423
0.946022192047
0.802003945539
0.843888101149
0.981515369832
0.127384013011
0.27689517326
0.200723688522
0.583311259212
0.547761976372
0.0524702705415
0.155694079304
0.139329645834
0.680200438777
0.123771415576
0.214481080779
0.595878046534
0.461000046549
0.252693436015
0.262446819616
0.149118549224
0.955842106185
0.066092438132
0.255893069095
0.673360077843
0.57180041006
0.0307714070813
0.252204270507
0.433461372693
0.0218721202979
0.829869889049
0.0247452543242
0.251160423569
0.136905987187
0.710638906133
0.161781719795
0.65523195736
0.494118342791
0.0427461167309
0.00776922220348
0.745340663409
0.0265449891183
0.0250965054352
0.0312587556555
0.14130408426
0.0745952637269
0.125085145058
0.170780809402
0.109448829363
0.0270351684484
0.0714115133877
0.0394565117887
0.0332555955226
0.0590326570996
0.0668650921211
0.0261211172375
0.0696074573451
0.0281853241162
0.00985679256254
0.0607014005051
0.0713820063353
0.0833026946954
0.03087060536
0.13688089467
0.289728374748
0.0923564545675
0.34299839477
0.126971783216
0.0269989277667
0.424396469834
0.518864185452
0.039921738202
0.0388620113121
0.0273135727246
0.625074791042
0.118652951538
0.132650785671
0.0509139916316
0.0209439055746
0.0637146931441
0.139996856464
0.285348320704
0.118103947236
0.0455806519369
0.021735933864
0.030188526635
0.0760212445342
0.575238047576
0.617600087537
0.260801372357
0.0319865725543
0.0291995506241
0.0377891162647
0.0555468760267
0.00923701834974
0.421496794442
0.179861069064
0.058624074662
0.135579608659
0.335867505795
0.036117925648
0.905294162721
0.0709542970836
0.0288225658839
0.0239464282772
0.652474215568
0.0349222932964
0.339949018011
0.114190354319
0.112532437091
0.060763833269
0.0332763509725
0.0891686202699
0.0296080526947
0.488283284379
0.0626612341671
0.251117223305
0.531927960275
0.450250786058
0.095945142618
0.826318472602
0.0396344850164
0.0813196172127
0.442342490527
0.627637763712
0.0999701329589
0.848289354421
0.979664539753
0.761093718848
0.569949669899
0.0843948235411
0.0531815580101
0.104659877618
0.071783837315
0.0130857419913
0.313780746178
0.136873227204
0.131429633012
0.0410793722286
0.0583453690308
0.0519320481762
0.204689437274
0.00824713616584
0.0159829612059
0.120134442118
0.0579165821085
0.0454096902215
0.054619600926
0.0276107757399
0.00637548070106
0.0631072976439
0.234422954605
0.0265132240876
0.00628962997212
0.798592923195
0.415017777586
0.22670729744
0.0504579998263
0.0947328956779
0.156976717597
0.0400054801144
0.11014100089
0.437969600236
0.0165718410888
0.0574435570111
0.10520570865
0.0396641380192
0.0179400385285
0.0444530234101
0.042415255755
0.0213717249435
0.071141286677
0.0240548651489
0.380429248072
0.558361623542
0.0365905258666
0.0279867970423
0.552292190231
0.0419056412525
0.0104115062965
0.12908782952
0.114549190255
0.116732324727
0.0747390106315
0.135690609956
0.067255157856
0.38788951536
0.112756638294
0.0751676503096
0.0771898164138
0.314276424532
0.3350300699
0.132284853726
0.585322028956
0.0797556554196
0.391990149192
0.0268298512551
0.0275715041731
0.0319763378444
0.0852773019994
0.0967925730238
0.150717285604
0.0752909708937
0.164081044404
0.105952466513
0.0171778310973
0.0203369417552
0.0219311635609
0.0719580127379
0.100239449474
0.104677771132
0.192771928655
0.0817557976245
0.103197367255
0.118499680612
0.0940191869913
0.0944531276308
0.0673899030291
0.117427217654
0.0635919697881
0.197369166626
0.104073878966
0.0686232182287
0.130408419632
0.0738762070986
0.0850140485352
0.145366513226
0.159089517449
0.261952531564
0.0267127047579
0.0656300280745
0.806756037302
0.0590414905514
0.0339748291851
0.0598497711038
0.0871598277375
0.197572875791
0.045957549863
0.0654842269631
0.141388789851
0.309348405499
0.157721542742
0.132315693177
0.431899249416
0.0318462777868
0.270071539908
0.125108850607
0.127431518464
0.0374648388328
0.265653225509
0.0137526150883
0.110378723027
0.122435614743
0.0446903092768
0.153699933463
0.116513900708
0.144880172708
0.238892917523
0.0442573919552
0.203312816138
0.175094161485
0.0446838101977
0.0972486955085
0.290698523481
0.0920338028654
0.0712332498667
0.0166125806173
0.0230976201501
0.08393192698
0.170037281592
0.0194186731552
0.0331390100015
0.0335045866281
0.171240325314
0.0231341105652
0.0295923180398
0.0488280241354
0.0358161797687
0.118328086071
0.0877101675257
0.0815071795353
0.257500013351
0.0183773456764
0.116579826908
0.0353619981796
0.0805209515805
0.111369238045
0.0189079655863
0.13368467176
0.0370969716947
0.0625966332905
0.0233379046063
0.137841723651
0.0185376657009
0.235730849494
0.0672779653318
0.0638046982723
0.0869882314372
0.282270147912
0.710030930333
0.802614170101
0.267828924602
0.282026819423
0.292985967835
0.383103546044
0.968219994387
0.027622596964
0.0601378053969
0.103897495526
0.682482951416
0.754633209763
0.2391020265
0.0668251355004
0.478556421579
0.0256231381172
0.25229117189
0.280887133228
0.047308292721
0.0190563477987
0.0176157768692
0.668118235486
0.913211567252
0.307237666939
0.256144827564
0.0821629356402
0.0616363729941
0.385719305613
0.0432407126348
0.0666146770352
0.508522169581
0.393836193009
0.162750924069
0.0677952048666
0.0413949839889
0.235237034813
0.463165670696
0.0327098855534
0.0839369178986
0.016515062234
0.553481788319
0.266317450126
0.401824148321
0.0591485191693
0.0264677509756
0.317752655242
0.0252554100512
0.132914115457
0.0487865934558
0.0265630517443
0.0551116197581
0.0840081744443
0.02690591053
0.0370599922262
0.0232756047541
0.0448543638778
0.163139895588
0.400626957846
0.133958871104
0.983062567618
0.933727038221
0.797656845828
0.0518579128263
0.77416841848
0.834924200443
0.0346623848491
0.0123160753923
0.475007016338
0.143349013413
0.105667552029
0.0436431515226
0.0155592490146
0.208816088301
0.022685350229
0.0326327065101
0.19683817093
0.089780544846
0.0808650098451
0.0312196396333
0.102797281525
0.995163056215
0.967766522767
0.18040169772
0.59380586476
0.110192880984
0.161597295854
0.0783408607654
0.0797358069415
0.0124510698304
0.0964422769295
0.251341507184
0.1917217014
0.173439411532
0.516406952254
0.0607925224266
0.380041187582
0.0425376192758
0.344700058125
0.0878902060358
0.740738352476
0.0313949173583
0.0387548751039
0.0957664899103
0.0246811723229
0.392295213613
0.0405254006175
0.0548119052616
0.362238537909
0.0973373325416
0.0476457462444
0.03433794965
0.290518117842
0.156295213673
0.0122223065152
0.0863925128976
0.220246044023
0.449052415893
0.218929931354
0.386659632773
0.189787811627
0.379281252824
0.043597669986
0.0173496743843
0.0221473752591
0.129897391909
0.122822543064
0.0749213692388
0.0148538852602
0.0287790821598
0.0652348613515
0.106944374913
0.129467601324
0.0722073580604
0.915959209244
0.0159972363789
0.178978134109
0.122299872918
0.163749203329
0.0469949343702
0.0216138437331
0.0551092922629
0.827709990588
0.0263487713534
0.688761160796
0.54337631485
0.886330322418
0.0314992374899
0.0339434932341
0.0202804552019
0.0147567068561
0.0143875368304
0.0170175266465
0.0109824006377
0.201623146189
0.0549008744111
0.260115797707
0.0694455315249
0.127025080266
0.0791414917372
0.0350416487327
0.612422565078
0.351372517724
0.293839107092
0.102424821569
0.128299461277
0.0348676340935
0.0164795849042
0.0148492051522
0.071917951689
0.0242366965678
0.739891908363
0.466969698928
0.00598960321794
0.116323988475
0.11361912051
0.00651761396509
0.0440281142094
0.318479579732
0.047113308356
0.034677421193
0.2411258639
0.0783818729823
0.0497784696692
0.0426636642581
0.0316901136204
0.128374273538
0.019703025245
0.034770261728
0.019403508935
0.0947438633275
0.00904055870848
0.0434542871126
0.0779242841333
0.162723905182
0.0477071498516
0.051154877179
0.0860336016316
0.233959829344
0.101799943985
0.0148983383695
0.0667290862689
0.477065846783
0.0423149267967
0.0377419030197
0.0619316952638
0.250537626664
0.112746803624
0.255829369198
0.0155194788656
0.0410717153077
0.0468052127708
0.547162437383
0.982662989088
0.835252833685
0.132908144361
0.027395200431
0.509718386189
0.0148789335275
0.142159600063
0.0194014071437
0.102496276957
0.883585088506
0.0288957953516
0.0376398711359
0.0686935527025
0.0751867247195
0.0403460086045
0.0295336189496
0.101779639564
0.184276153553
0.764551412813
0.273897976693
0.215791273565
0.111659226148
0.0681674100526
0.431735294251
0.803093400311
0.0555245244506
0.0394238768791
0.654093640928
0.195564298605
0.887913487281
0.629859996332
0.0638742132048
0.939105173894
0.105894351161
0.197882007892
0.0113656292001
0.389060777891
0.0920455835644
0.268401180266
0.811674569743
0.142605616202
0.227541765472
0.0154669192985
0.060173060659
0.0809852352945
0.061719065935
0.184635969288
0.168920015129
0.100048940131
0.0171493798227
0.0716052236024
0.0917432805593
0.0175144511147
0.933418543743
0.0747899801687
0.0391608099193
0.0776793141402
0.0373148818541
0.0334131245776
0.329274059368
0.0463331371801
0.764174806195
0.0426388768642
0.12442952326
0.92726376062
0.0381362084767
0.280380644058
0.780723892197
0.088760809372
0.0523487391516
0.0816958703727
0.122466121234
0.0569690409848
0.087783552906
0.0151805985329
0.0158510157475
0.0516506989229
0.28382528036
0.131524743426
0.688902271038
0.404057944239
0.522133908097
0.0901037028671
0.0161814149259
0.0797459087815
0.0391900259765
0.0144384247612
0.0373131910158
0.105550802951
0.198972674404
0.481021588548
0.337085144348
0.156312059079
0.0177458984552
0.0133211029842
0.147511969597
0.0126729743922
0.14135857968
0.0556655616959
0.0217586930983
0.0232074698808
0.0297364547071
0.0582363148369
0.0858926491918
0.0643740431691
0.201003522592
0.0892713808476
0.0239419198784
0.0491138427526
0.0498127516768
0.943440751556
0.829441205276
0.153479613285
0.143158269175
0.0985584224262
0.124629277074
0.0478443661929
0.0422091247254
0.0277852317627
0.054296058974
0.553628625432
0.0877327988356
0.0161388471218
0.0154120569956
0.0632632717911
0.0195031579191
0.0487933990318
0.180332562726
0.0671932458158
0.0513188058938
0.800709325216
0.264753486904
0.0545530429822
0.038338495941
0.0284738627996
0.0224165279426
0.189082625159
0.13257094705
0.0193626592087
0.0304717292775
0.0392513987947
0.0969230956826
0.103225859685
0.0651495434853
0.273359373533
0.131107380054
0.449682001214
0.0426268257333
0.0831199161725
0.0304120310107
0.551503446758
0.320622212708
0.596105280479
0.344112300149
0.372461897813
0.0277821276283
0.0136247335573
0.0395805624396
0.0319281898704
0.194257148612
0.0957756793739
0.25930421122
0.249263507488
0.0264772281227
0.0640762613422
0.0197353463536
0.0234200492066
0.0518754813225
0.0585087612353
0.149023919304
0.768276537173
0.0407740407655
0.13280260684
0.0156922475723
0.64289731327
0.0522990939254
0.00751300509574
0.21870505079
0.0737689515748
0.488943206297
0.0360285573876
0.270647784117
0.0951240225589
0.0685485114853
0.0266551286742
0.175527441974
0.0702187228276
0.0557168276713
0.00609526855651
0.068653018323
0.0195049086289
0.0303916730254
0.0788138472383
0.959188525745
0.36367585378
0.867752766249
0.0229199922956
0.109739807261
0.0118498091042
0.115232441016
0.035425311338
0.0100056162567
0.0393621206467
0.00988068222095
0.0923116058423
0.0975002387357
0.0879388205613
0.00626627696159
0.162680822386
0.0207003931856
0.112591228372
0.0956921475679
0.411828370012
0.641258879362
0.821910320371
0.188289803216
0.0322963065522
0.0464546441506
0.0825207986185
0.0813648713877
0.0355089145737
0.466241683781
0.0413723329661
0.126203895377
0.00868528011465
0.0468838042021
0.0716632969603
0.0525471059559
0.111281807789
0.0274689104146
0.0629689028075
0.444385489653
0.049259798649
0.0502080191657
0.155244680969
0.121762146516
0.207495474909
0.0314408739856
0.00524115115654
0.14100553444
0.232476412083
0.0531643679933
0.0762439871411
0.169331486322
0.0604723648931
0.103951965117
0.31658056356
0.0590777994612
0.0252982573382
0.0273303050779
0.0459426402539
0.022274764579
0.0150985295773
0.0471518041283
0.028460981418
0.328151329378
0.049461478071
0.0334943562826
0.0640363254859
0.195487433828
0.112304515161
0.0318829217845
0.276494637002
0.180204527396
0.0814500946748
0.0620826571275
0.237818375403
0.257835918123
0.0286846427862
0.0745575835644
0.20561910507
0.048004872661
0.0502148978969
0.0294005296773
0.103316540516
0.144869936581
0.0595974699605
0.0545591601012
0.00658330585649
0.0221181743358
0.0328824987849
0.0324549640057
0.891725193601
0.566245685305
0.580133286428
0.0575021383537
0.708848997709
0.725550614527
0.0258895708451
0.099363291551
0.0322080698751
0.0171649359223
0.0238936178492
0.0539664515412
0.150215850297
0.0469583695683
0.0710333917033
0.0290760061232
0.0808653784423
0.558273179181
0.333346293095
0.150724385365
0.997841902523
0.916712120532
0.0603576173308
0.00818212333215
0.0395027468223
0.0398500617145
0.911627597795
0.0492802856292
0.2617942087
0.0288130986919
0.0888555682324
0.248896649925
0.0909041516332
0.0182476068918
0.358774713526
0.920235976682
0.0585061801715
0.689004593594
0.812880234594
0.711751610738
0.0443781145988
0.0624214872881
0.051851377716
0.0455418263316
0.125861810931
0.0650586274774
0.0397757210368
0.166445765538
0.672483514769
0.36992858697
0.0233442350183
0.018349317895
0.0692326549157
0.247233244497
0.0130121112176
0.0193469251086
0.0839810652516
0.146115344732
0.206423703499
0.0120846158014
0.0693898390808
0.951531514257
0.0599294480343
0.0642124069329
0.198130968762
0.0681900139393
0.196161891699
0.0630733412596
0.96879777411
0.0826352880768
0.0440689693868
0.039192634155
0.0436003447439
0.0174188231508
0.0133040858289
0.0655456665311
0.172015209491
0.117848582067
0.145012029545
0.733206106441
0.0126690059727
0.12174284238
0.415918337478
0.337785608862
0.0242101027068
0.249051490186
0.0465229362685
0.195535302669
0.0304858188104
0.0169490284271
0.095281202056
0.077579246145
0.0737120874918
0.108803906282
0.0260148664679
0.567673883981
0.509802783621
0.0753212849156
0.222467875316
0.0563702973083
0.0618957285508
0.0619068173855
0.0265979811748
0.062565699087
0.0517826947703
0.043013344031
0.0473450872589
0.0400855611797
0.056807582191
0.0394775708752
0.142021270253
0.082813262361
0.0663081837318
0.180774331869
0.0715220342279
0.023063967049
0.0640472731354
0.0311187896796
0.0887818085792
0.0455385103592
0.0780472421693
0.34147143839
0.356526268609
0.103980080399
0.377746858946
0.396597302943
0.0668373875413
0.0470983183913
0.114080415569
0.0301183459303
0.119042327152
0.71367968291
0.149205514743
0.0511167580556
0.111384548973
0.389743650743
0.156361693492
0.0114367222036
0.130076049111
0.470766802726
0.0250616296078
0.0488635240372
0.0611842947835
0.46253121969
0.195581581337
0.920896566541
0.207866697218
0.103183029757
0.0542760178674
0.0587327969865
0.242141592589
0.0824253175988
0.20873503513
0.0554926110298
0.55367452465
0.127802001972
0.0706586372561
0.136995632059
0.0341516898374
0.151228966766
0.0511154244509
0.0719692696387
0.109600276104
0.111623899659
0.0245165932873
0.0232808125003
0.0321666079675
0.611788494997
0.263518158472
0.080775511665
0.34460516789
0.180553818441
0.0207211004197
0.201791380894
0.105496797503
0.270106279154
0.0385696187189
0.241718445669
0.111914041579
0.156178827275
0.16197359433
0.0721132348739
0.0221195344976
0.0529187322519
0.106584601374
0.287615493951
0.367289474421
0.438732269752
0.347558904939
0.381364440471
0.00979079595299
0.128301073339
0.0126065503018
0.12726051852
0.459274560924
0.0298839552143
0.0769604185574
0.0314834372248
0.0595933737708
0.0881835792813
0.220630328675
0.573894286446
0.066806631982
0.146302369628
0.022590772481
0.0581756480709
0.971874215941
0.932683028395
0.170009545458
0.0428065300089
0.0328880731062
0.195964533347
0.214355015504
0.042194075646
0.478021749554
0.0636748405593
0.0643875242511
0.0445036862718
0.062029646048
0.135189038465
0.152150381211
0.0607625836573
0.0410263003445
0.029938795018
0.0980850803035
0.073408848765
0.478322956638
0.131694778619
0.410084011802
0.096069212638
0.251471772888
0.30165074941
0.221585231841
0.0608444117551
0.0500259944888
0.080117413281
0.0688480670704
0.993385686833
0.99383498262
0.954021118398
0.0172027342826
0.838141157374
0.0818086495659
0.0449301455853
0.0118205459959
0.141441354571
0.103549911804
0.0248880374505
0.0653073844869
0.0582207607195
0.118766289166
0.0397177774029
0.0343610045906
0.0302529567381
0.59458134756
0.331759178269
0.0214255324352
0.158615924916
0.231528911512
0.0265661809221
0.0606413712255
0.157568453477
0.0511478419277
0.0430503509572
0.244930570578
0.674955388917
0.0540792419324
0.223975356577
0.0241449844361
0.0273731760148
0.10118670022
0.0989438875712
0.545620741382
0.0603625510693
0.0512657747419
0.0729162953887
0.0905504043682
0.0186410453123
0.29196374343
0.0878154039924
0.0492309800499
0.0636805550361
0.0704366449404
0.0110346588399
0.244581940256
0.095199301955
0.0235704173775
0.0421802350274
0.0677367825098
0.0214896450076
0.17766395556
0.110929529903
0.0617289799021
0.0317649866862
0.372493411324
0.34298318947
0.13234599469
0.281434613779
0.00902685873061
0.00514354099528
0.0544549434015
0.0714158709135
0.0605242283036
0.0728414851013
0.165215207627
0.0505063406215
0.108817282605
0.00682676485214
0.0916469527232
0.89038208249
0.909915288525
0.620900040923
0.138301867735
0.0271743937332
0.0223297714037
0.0641853249008
0.502341669753
0.09644428412
0.175126715135
0.0807036531505
0.0688623535134
0.0968062282798
0.0239720963183
0.0818388566143
0.979623497499
0.0456998201855
0.0461166752664
0.0571046450979
0.861174166252
0.7867500686
0.0265069341775
0.386550375044
0.338506586692
0.287466844791
0.299578843133
0.23576759996
0.0325371133243
0.347320979758
0.246308116477
0.526946178589
0.230877407404
0.0347247883619
0.0777478328849
0.097225405462
0.255631859656
0.0944605889346
0.155724646745
0.834447422091
0.555905054728
0.0561618886105
0.59774114605
0.451973666154
0.417423308586
0.0935106143709
0.117063370796
0.015585338638
0.216843598845
0.138658078914
0.0690496182497
0.142042814131
0.0587001563579
0.0349067301613
0.124367121701
0.878942841806
0.32119373036
0.12461404931
0.0200372710412
0.966185755578
0.392540062549
0.224708169532
0.319386030447
0.0553848188805
0.675426473832
0.140004712279
0.438933879191
0.138038236416
0.0314988227327
0.17880021383
0.0323708121818
0.0697367175399
0.353747890755
0.176065985488
0.0161326347559
0.629665114057
0.297543138324
0.078285883937
0.0672111466098
0.0558033190905
0.240913187952
0.0797431475668
0.0422029330554
0.0205326529281
0.0884999303643
0.0730868916703
0.0285406428042
0.0275911792154
0.0925626706759
0.222862776435
0.196181227781
0.342351265067
0.0450557133206
0.895774604733
0.0277918163388
0.0468791622229
0.0184852880806
0.527424944799
0.251106955937
0.137490871172
0.0902349535805
0.323718430871
0.891076008225
0.903308656324
0.950156163196
0.733828657748
0.339553079724
0.900930661086
0.920751339312
0.697061000994
0.816637866552
0.651672724621
0.666229345464
0.0708434781664
0.117959936575
0.695881218985
0.363000985454
0.0770878656353
0.648633223713
0.685147047903
0.0312801494087
0.0268123621406
0.0437686020504
0.418690156818
0.704189953073
0.135904471189
0.339975084939
0.292299248184
0.231183509137
0.183049949461
0.023863510131
0.266329085263
0.022913925166
0.904483843148
0.729965979428
0.100891799555
0.0386381872249
0.0332629176523
0.178345560064
0.244251028884
0.149546374827
0.0866263678676
0.356636159735
0.139752544834
0.0139602043191
0.0782320517449
0.0676302304663
0.0430669414056
0.860737829724
0.751838374908
0.259736616599
0.180118231977
0.170837223956
0.0358423770249
0.0213133749304
0.046106963314
0.0267550781325
0.193926176749
0.197504694349
0.757337105442
0.680045137197
0.216768576206
0.573017626357
0.140343820061
0.0187985140108
0.0977981587929
0.0490434318479
0.0747129105332
0.0421598717835
0.0186235777391
0.020930556577
0.00257710921844
0.0175481570101
0.0222901642818
0.0246546632655
0.437711842596
0.496671667492
0.0359627150068
0.254274264904
0.011152405305
0.0250262748257
0.0289908276128
0.250549152503
0.208030347289
0.203443878276
0.224376708271
0.442316318705
0.0346973182111
0.0860293606719
0.341076126007
0.0288031468565
0.165321187107
0.00949435016504
0.0174650376033
0.626052905089
0.0547583018755
0.0211022029965
0.950558357627
0.0275671329936
0.664785533127
0.104886011235
0.654362490928
0.0972322512082
0.490553826456
0.229836563471
0.215136642812
0.20842762443
0.118875695056
0.824931853122
0.491585112193
0.0525868121349
0.360789665974
0.87265850823
0.470227479687
0.0599511557326
0.545335151909
0.0345207293328
0.10357293209
0.232000299273
0.104752566325
0.0294690750063
0.50945881654
0.0483180501345
0.188860560583
0.293101355235
0.0706357871305
0.16708637053
0.0258667387431
0.0110627672615
0.401493537398
0.375701644134
0.446190631691
0.287093228567
0.367896381189
0.646335010906
0.0261464897967
0.253711852162
0.497017439199
0.103912093516
0.651873049893
0.0938264637186
0.0165566298535
0.014387506124
0.0186631177191
0.0755041078241
0.163716487729
0.0224102715262
0.11324715166
0.0231525338762
0.0267976006761
0.0612412131056
0.0445242598928
0.175506340719
0.203888574127
0.103130887951
0.0177948922797
0.0792431883663
0.0232741031175
0.0234489182895
0.234956746434
0.0565043006383
0.0309370673192
0.123224231832
0.616931572578
0.0130923557595
0.757702872927
0.0533809362138
0.0994179554949
0.983183174958
0.0784893575904
0.855022810361
0.02356113103
0.963948928501
0.480107888497
0.301933552639
0.520330058695
0.0478414503491
0.0566220451555
0.0304007153934
0.0476406493187
0.131684973089
0.221735848358
0.0242221499291
0.0548023776961
0.0963960863462
0.898437947874
0.543933040257
0.256224259983
0.0193277761474
0.107589726815
0.927382111328
0.03628349912
0.11026804458
0.046629646494
0.184856904076
0.616433783563
0.946864624592
0.0828491018109
0.664286608239
0.955814325091
0.718531866996
0.191113247651
0.323788417563
0.694726737682
0.159356033054
0.0378014180068
0.0140741106171
0.0831842166877
0.0230149619347
0.0282861549051
0.0817689257018
0.152742568037
0.0177199867796
0.32627670747
0.493648336765
0.0136003486133
0.156350048941
0.544032384876
0.199029823971
0.0609870170593
0.186982896175
0.533868814878
0.694926377362
0.528227638735
0.959665859835
0.0112039130901
0.0188181991534
0.0673386626366
0.141603733925
0.879977960526
0.0360355945654
0.0242348069045
0.967410859075
0.255886184996
0.0376023040329
0.0196976528615
0.0452509503919
0.0473505028867
0.280970770909
0.23115158755
0.0300905501213
0.228295017885
0.116500189266
0.0567577838866
0.591271958717
0.310159291393
0.190516995786
0.0167878513025
0.0332602613186
0.155718930321
0.973200116937
0.227794340868
0.098887617704
0.106153710208
0.0228947586064
0.0711815109808
0.18191151321
0.0513295600969
0.100172267472
0.189413835325
0.0781264289536
0.0276720451565
0.0759799556123
0.461508596746
0.261485214361
0.182240236965
0.0812798711403
0.046216099594
0.450475455191
0.0321014033363
0.023094291154
0.0190608380076
0.986639775202
0.965464445104
0.255951851896
0.0548473232656
0.0730076551821
0.268857156871
0.008108505637
0.357051606969
0.0248829840191
0.0351750807732
0.247624832027
0.041772317287
0.0493773573578
0.0134603383472
0.0238591313583
0.0669425454627
0.139514132544
0.0392216185402
0.0140646503465
0.020529297734
0.0747914382856
0.0784488075495
0.0268284596197
0.946034724295
0.917241570683
0.902806796656
0.114960739868
0.0585661708851
0.188204806382
0.951162858269
0.905251117037
0.0506938747921
0.119273355306
0.0288987929076
0.847702752484
0.0206243251213
0.0566362830434
0.179374388787
0.0570620163777
0.0541902722768
0.0112934145162
0.0858549148016
0.0250568937696
0.13770976144
0.27439016439
0.166825747429
0.0133467024524
0.0206384632891
0.436510063223
0.0945184991268
0.836193992705
0.890626086402
0.0369541336723
0.047941169417
0.0454846404886
0.0163463819745
0.0570923593983
0.39483619643
0.2583189929
0.0244325726023
0.0174217459469
0.0165811728249
0.0220625429969
0.880108252735
0.899948349502
0.4957178179
0.972677765214
0.0972142046482
0.0457263703572
0.042455820178
0.0774890223755
0.913115863827
0.991010493084
0.966421325423
0.654089420203
0.750957597573
0.0195988032617
0.042890774416
0.889899355399
0.0139672427774
0.0495876417143
0.0288835413388
0.888711013381
0.0242755426013
0.0151140500266
0.0453867979378
0.0111063526096
0.207446327939
0.031742224657
0.0488223478044
0.00907249036857
0.00753776100985
0.939538312211
0.0541005327138
0.72183420668
0.0272347525871
0.888556912778
0.96167149
0.56904532919
0.792721544594
0.437011020086
0.0756417663569
0.220828341521
0.136059207063
0.468912521929
0.0941241096923
0.242177967702
0.532810938416
0.864273433622
0.258545774841
0.171369525288
0.162235327658
0.0153673377106
0.955054923917
0.020514937026
0.318985509926
0.0871007083071
0.940591174492
0.865121475065
0.991992775154
0.983315236288
0.983636668658
0.975837147626
0.40090135714
0.447885810491
0.0919202887604
0.389272344085
0.049776619357
0.0944297845911
0.610688098427
0.0340667547524
0.14538386417
0.0137106456675
0.0256115871052
0.306377708808
0.161937087408
0.0555884133191
0.294435938055
0.237191663236
0.0370984349949
0.0302755982917
0.0314782236619
0.142575766253
0.130890810951
0.0832066886875
0.0576461036872
0.0295830235417
0.0416443526018
0.0867423239857
0.0975214365841
0.230722808425
0.0618253574717
0.0990966148446
0.00831677995689
0.167460960221
0.564319229733
0.0279709930974
0.0422889118693
0.0718301016067
0.13713954299
0.0677086517444
0.137107128714
0.787002908285
0.0428412815767
0.143588821046
0.962894022718
0.975116004313
0.234684893535
0.013740026369
0.139464343655
0.126111732807
0.41986513409
0.0483501696438
0.141799442762
0.87042966008
0.0452928728543
0.102398158143
0.44381631396
0.295840880226
0.0327956681864
0.0466511357939
0.0319618878339
0.155865629669
0.0625636883985
0.0163532137408
0.56686638555
0.571151003227
0.13005574734
0.0595910344491
0.296818208982
0.191901640332
0.0709183376387
0.0167522823429
0.0129374805158
0.0540948856044
0.0178757288014
0.0170799932296
0.0769030499222
0.0430299855657
0.12222752323
0.0331023156984
0.0347864780296
0.111452274854
0.106262777558
0.0715113523446
0.0118257971187
0.0829217476371
0.0274999486155
0.049095792601
0.0399958487335
0.073403001405
0.00822644030897
0.0887871993762
0.0600802826533
0.053877962973
0.0189101356766
0.214296240898
0.0551446288389
0.67208895956
0.078929422055
0.0664974872987
0.0220231329474
0.0565256016921
0.0180240175629
0.0107770765418
0.0088745004013
0.0285762340733
0.0198448026614
0.919590775945
0.0851534366678
0.812905353466
0.329795849276
0.180612302469
0.0460018511874
0.394505136063
0.0962824271156
0.447596095845
0.186999406104
0.601107345188
0.252865834871
0.225976615492
0.780973379965
0.242009853921
0.0193336276737
0.369027148573
0.188345139289
0.104163747146
0.164567618487
0.0272954621243
0.1803361871
0.204905026951
0.0606175605763
0.0144219373391
0.019262776673
0.0136221675169
0.0289219730311
0.383207151368
0.971776229092
0.953960702084
0.453380069718
0.329609621103
0.157596320031
0.0426800432583
0.045499806413
0.102789784369
0.0260717966759
0.0774268499169
0.116365418446
0.0297033578165
0.622754323945
0.0212426666766
0.0192320909515
0.913410752664
0.0481312271745
0.0363129519308
0.0539893694138
0.0284580755176
0.103228297792
0.0329443244932
0.0290536937888
0.0801385200752
0.0204953421838
0.0877391839174
0.293517981652
0.063542399652
0.0112654005763
0.0301081071885
0.0116582907787
0.107195935429
0.0215612849063
0.350681772509
0.0156434169173
0.0613488076618
0.190509515608
0.0597458562984
0.00614364405534
0.0996363559062
0.120466791241
0.0766421924359
0.196135991514
0.550470011115
0.0469568168531
0.0115976925659
0.159602585164
0.31268446931
0.909767167208
0.306982020977
0.0826136534676
0.0248358816068
0.530469042194
0.183145454126
0.15685398103
0.0284461098255
0.0111354075436
0.324660252653
0.0504413865887
0.00946458891084
0.107886469815
0.0769923111299
0.202194821012
0.0329947525949
0.0214834796543
0.0920194844109
0.0594927341851
0.12972665795
0.206446548904
0.0129617786772
0.0209665987935
0.119826925257
0.0761531636253
0.114849802074
0.0732070879783
0.0230597925194
0.0505654070201
0.102007423112
0.455026165999
0.0738815254064
0.1473727979
0.152336847586
0.0926648917043
0.0663198498887
0.0784987742413
0.137632811993
0.0803511708223
0.376000953787
0.439046755967
0.0248775371229
0.0761837847049
0.0966399911688
0.00924669061618
0.0337216441491
0.221085090798
0.111002474631
0.189105126944
0.0766822442249
0.0658592056328
0.0242293941867
0.0652420590951
0.0271124365084
0.00366492227064
0.0127998502411
0.157332628921
0.0675776579191
0.06524301315
0.988191151563
0.923506942736
0.985435879368
0.0154274083043
0.247759121912
0.0577625701577
0.294187402057
0.287918455332
0.175801123139
0.452189635038
0.223208687172
0.625736375344
0.413212667184
0.38698740691
0.0638300973193
0.681456880226
0.858209883762
0.402578063802
0.0393955381661
0.0361401876598
0.0919782394319
0.0310040884447
0.0697307968062
0.780056096961
0.389985093105
0.0278328878186
0.0608302586789
0.304231882579
0.0287442810321
0.0226446135708
0.214163101227
0.112957312651
0.0553587125283
0.177653126611
0.0771372127802
0.438768515788
0.134600043913
0.366276623952
0.028196248392
0.141608600822
0.0873175454668
0.0302276028542
0.157658724054
0.404246664497
0.0407318116216
0.256818794046
0.469448708637
0.0808989253995
0.955430341355
0.335199419334
0.121904099014
0.546095490007
0.0686689297721
0.525540714702
0.913661833707
0.356105376767
0.0197514651156
0.600226394144
0.0930004944305
0.61405774914
0.0756991247753
0.149151666311
0.0860352717313
0.0599508343239
0.0848757122957
0.118320146281
0.0816839418568
0.121233620534
0.0940839840143
0.0118548478519
0.0342651019023
0.141164897541
0.0696371094705
0.0737692970928
0.0786599109772
0.0118654605519
0.161145434624
0.397322529488
0.169473811619
0.0718978323408
0.340426970812
0.266870217603
0.0232796872553
0.0258238715272
0.654048525707
0.0906632782749
0.268763945382
0.196579917399
0.233466308273
0.100567263973
0.42586961513
0.0593032546484
0.0287923464388
0.0249419654112
0.100421231483
0.0244063543005
0.0502171634697
0.0311829063498
0.376740125322
0.102299661879
0.453435782009
0.826511892991
0.0858408104774
0.0815403875417
0.115431396322
0.0909335352598
0.0401592107174
0.134688239968
0.042712840849
0.135493385408
0.118069950957
0.820198698476
0.242372792476
0.291154971267
0.630362711481
0.52437972913
0.354843224592
0.762828550295
0.169886134513
0.122146962369
0.716307348987
0.811341014313
0.523379251258
0.0353460283774
0.0709240693807
0.207939991617
0.0891307283829
0.0226729455818
0.0434050907704
0.479743138895
0.34101207845
0.0334211155467
0.883657669727
0.313802993815
0.20886897229
0.519044127436
0.0438884002092
0.158497673811
0.0740445849043
0.23510039712
0.154612753167
0.655667517899
0.119930780189
0.225600130809
0.167493120552
0.589566788113
0.460649407321
0.0588972962252
0.0641245628801
0.269145962058
0.392215562182
0.0561744771624
0.143395621358
0.11866071092
0.133111199227
0.037059962311
0.111154561324
0.367989424911
0.0179473065952
0.125774717118
0.591237431715
0.0200090918293
0.0285847922267
0.116769949466
0.301272026448
0.391375572929
0.251511696938
0.0639422999369
0.415315972296
0.269519910353
0.235316772928
0.862022281529
0.254669134133
0.0857035266902
0.059734169222
0.0600483321663
0.0971297727092
0.201072523477
0.130876150989
0.459851432781
0.169765921171
0.177728438265
0.130446942042
0.100098190235
0.157227972463
0.231030053864
0.219677354866
0.0295141873622
0.0901930169609
0.220460479309
0.408226221569
0.0547954570915
0.12005132314
0.0881406699292
0.0721956249568
0.0696462865256
0.144329195044
0.0468036431696
0.0109915055851
0.152873240428
0.126275405022
0.167530597407
0.0726564873951
0.364618138757
0.0258120733429
0.12746102474
0.910469258006
0.43999397821
0.0952727737292
0.580677712876
0.0422489657892
0.0232307628377
0.0251326994396
0.146642297364
0.246570113447
0.021297615489
0.623819888642
0.0836898362292
0.0558545286457
0.0235871094425
0.0958661531639
0.155153195464
0.447634221866
0.121552968045
0.367189998895
0.739219744913
0.0428954392844
0.5850619413
0.113251713833
0.183905294809
0.0604914997487
0.0878354962842
0.21637582777
0.0334676506285
0.163734063097
0.0392947485439
0.203476230981
0.847580193803
0.017027784117
0.0953655466324
0.50507287536
0.0561773742498
0.88844558442
0.309446386557
0.244471662222
0.189385093266
0.0978509101109
0.0192129089097
0.364015248488
0.0247703528398
0.0385433025206
0.0861493476513
0.0459217553806
0.039726027851
0.0255361063285
0.129226609649
0.149708105939
0.0282107063501
0.022592772765
0.343740299305
0.0833313656188
0.470464540015
0.071066257234
0.0679774390801
0.0698558522485
0.094370370825
0.0688164346563
0.340931011566
0.0405432019301
0.102965068665
0.0680179124408
0.0621986505078
0.0267149402754
0.116991462802
0.0177737807031
0.100046941957
0.0459765462068
0.0735291255157
0.232353013194
0.537947410186
0.0659986788511
0.157671997296
0.109893452496
0.0629573404748
0.0172166615052
0.0210367763129
0.0791433904956
0.327271233531
0.00544571456654
0.408521996208
0.505806928928
0.334331846763
0.169628831117
0.0207843046639
0.0251797275437
0.389175183118
0.0867056295965
0.0777575866485
0.23354789025
0.0682993373244
0.147356771178
0.0763606889117
0.0200786186846
0.139802934292
0.0849791619431
0.0457538681764
0.0116070059724
0.123376366999
0.105265663754
0.159454268774
0.379127238002
0.356054469581
0.0565160761223
0.127140082474
0.265355654077
0.24479444137
0.0694544345786
0.0849210582391
0.0388601370392
0.095757844218
0.0341015627315
0.0672534015357
0.115985287325
0.0232267743999
0.0671385986808
0.0245814686756
0.0270920629733
0.0727345155942
0.0113174120915
0.0839913634482
0.146704412
0.0880791694629
0.0368046264367
0.0371392137582
0.243422039154
0.201047785712
0.076522770894
0.0161272070469
0.0691319557135
0.0268826112943
0.0704231961871
0.0338223185378
0.0418142240474
0.0956546213735
0.266081291857
0.0428366819677
0.127058229564
0.0955852703538
0.13297683341
0.0535477556667
0.0858307491821
0.248591599269
0.110689470133
0.313768654069
0.0179213885106
0.636315656752
0.0302266670536
0.149424828104
0.422533112476
0.153772889603
0.0598370694982
0.161090350424
0.200972243502
0.157211439072
0.0906574468111
0.0827860542354
0.0246270297859
0.0508588832179
0.0451280606492
0.0723774201305
0.0751511644982
0.434770636576
0.106801421275
0.0128827497427
0.0704938193857
0.0510821954352
0.0328304137861
0.017032355617
0.0356905647201
0.0871174755584
0.451468874906
0.106762451248
0.0281343083277
0.40525062018
0.0213333274385
0.761187565301
0.140682207978
0.55650128062
0.347899679516
0.289232790628
0.158942829137
0.435215212209
0.165564345568
0.0181995220314
0.0264615949232
0.0238842958509
0.0180090096127
0.162673585297
0.0344482984936
0.0932665240938
0.151322775862
0.512860846215
0.0333285339665
0.0507640524383
0.130476185189
0.0262603486823
0.0566580606112
0.0510213468462
0.018463021353
0.0554026328978
0.157142426773
0.891519017692
0.0442275101554
0.044242236662
0.0611950355046
0.216459562209
0.0339459790722
0.0182081562399
0.0397531440395
0.0945482752711
0.353040578994
0.216998600856
0.211475139841
0.246713343088
0.0339037931286
0.054058443367
0.0592866340012
0.0778956934035
0.0290188389232
0.0149954075782
0.0281401396151
0.238916436977
0.0164682211594
0.0691663628196
0.0597857596926
0.0181741016545
0.0597814285929
0.350659746202
0.273490896257
0.047350348049
0.649091865111
0.0421410296274
0.0134199668742
0.0356512834999
0.170660899763
0.109974020288
0.145717011463
0.119590846491
0.327321195053
0.0812470645812
0.0250869173391
0.270259284188
0.0220131327348
0.0115911333191
0.151746585546
0.0287677908534
0.153565512259
0.152349078188
0.0372448749333
0.0231786338169
0.0252964331651
0.0138034055977
0.0602217077655
0.0270850170721
0.0757215296564
0.0529900307015
0.00441864344421
0.0280571770522
0.0119209930287
0.0717581745491
0.103045445949
0.0126042125871
0.0714534880561
0.0158676700768
0.0215049258861
0.0456793272726
0.448068533052
0.0662688350682
0.216075940866
0.121599686044
0.0939660886139
0.0278745765821
0.0512526324165
0.201214561872
0.0624795449355
0.128927814569
0.18215481147
0.00849228258561
0.0383078300132
0.035958789345
0.169614833598
0.232121294458
0.322181688266
0.451878207797
0.0379075596732
0.0985605408931
0.0730800086343
0.0373603986566
0.100170657221
0.110195339559
0.062235775995
0.122739366046
0.328089297111
0.134981401431
0.0173492767301
0.0819056772026
0.0710614749809
0.131501303548
0.0464528521508
0.0461233689666
0.037368349791
0.353541396788
0.0963252516333
0.150486813811
0.0823878790885
0.0728897646951
0.117975259142
0.139485503017
0.0767389485808
0.701213728848
0.339480704245
0.211463004132
0.060133966073
0.0397109489978
0.180990348556
0.159089680548
0.0966606445292
0.0640489639166
0.0180579320274
0.112263853956
0.0421524381658
0.0400806061806
0.576941581929
0.0288655387748
0.0357681080937
0.0629885942136
0.030904159377
0.110909599121
0.0233933014801
0.10108678638
0.115576180479
0.0507608652076
0.0463822405322
0.0347397746097
0.0390405393706
0.0588978907468
0.0570976382363
0.0962482637837
0.154620248166
0.325756670039
0.152206257272
0.0212726555617
0.0686062624745
0.04278100886
0.0669408410804
0.0451522180182
0.0125507258648
0.0655041242115
0.0692195042612
0.0897354019385
0.0101212732017
0.0174574159503
0.0276318605912
0.0122875379347
0.158248692933
0.018320661223
0.0177065133703
0.0377497816601
0.0323212315453
0.754330976406
0.025071727614
0.0412207398714
0.0203054900917
0.136960677941
0.0953257760903
0.0275358472765
0.0303637068867
0.0595864576909
0.126518647027
0.681384723019
0.0461006958523
0.0346982222714
0.0217696336734
0.117690635777
0.0828302600297
0.0516686168879
0.0620043944542
0.0408616264368
0.0975685906782
0.16645042255
0.0790744598407
0.0216608556298
0.472259778331
0.00746534415554
0.0431770411625
0.045264335894
0.131317829031
0.0113887798266
0.00607895549834
0.00824603094937
0.177868155955
0.0476016219547
0.0255395915969
0.0742722566727
0.0521337609662
0.0938862874542
0.106342155225
0.0452030332999
0.0319707467062
0.0435744864554
0.0712044171403
0.0316467402595
0.0140386285051
0.0626794356392
0.0334249459013
0.088444150522
0.0510575574601
0.0116567736701
0.0547927608913
0.0634761815584
0.059977925564
0.0418419515555
0.0825931072521
0.115847644704
0.147588698486
0.054567223584
0.151727238557
0.0299161040554
0.00861316017317
0.0818025142265
0.108515607745
0.0664272042443
0.0506182242137
0.0293500934164
0.112063290032
0.128681391207
0.220697890772
0.0153247105051
0.0196295643801
0.0319312074224
0.0260069923103
0.0668069163084
0.051458129722
0.0446183793198
0.01852389347
0.0992100154656
0.187794443803
0.0273478463728
0.0551010710201
0.0407832710083
0.107730238161
0.0800228034623
0.0340663016033
0.285057240699
0.0661994702567
0.0096688286346
0.397490168387
0.0881006572236
0.493935515602
0.0154354880794
0.06868813106
0.358458317134
0.308534049783
0.0746226166285
0.0788304341168
0.38528004679
0.0283513318514
0.055860136031
0.051726161774
0.302605705141
0.100294191291
0.505495247501
0.010464517474
0.0241164272931
0.0482153226247
0.0953879454402
0.118990716921
0.0428426851058
0.207418355008
0.0422904757074
0.117897118676
0.583462298128
0.0313739075455
0.312075448592
0.0464403492443
0.0866004411002
0.152043230501
0.228030260759
0.0810557744394
0.0742187713672
0.174636318418
0.398689287259
0.030304367647
0.126441483703
0.075217674235
0.0295398620624
0.0775578556985
0.18744644978
0.23352457345
0.0325927519553
0.0521225534689
0.139007345568
0.0237151774095
0.0391462561538
0.378261448648
0.0764104939568
0.0658787410015
0.0508351218324
0.0196834467414
0.0562343182649
0.0219626320557
0.103894964564
0.0306971559217
0.0224867641726
0.0496076110481
0.00539041308338
0.152953264952
0.119456923188
0.184515677975
0.030360316923
0.119448734324
0.0404651243788
0.0845882616201
0.0411656154304
0.0638217750751
0.104068284287
0.0211227838601
0.0725232291386
0.00663267682941
0.0194745728331
0.0738598519894
0.158456606748
0.129165680333
0.0385280152327
0.0505725569722
0.0092250852387
0.0202080865478
0.0183040609791
0.0225151516347
0.0677472241557
0.0758210760846
0.0333607094308
0.024465851619
0.0134437878188
0.419467028502
0.0165603855443
0.350049251226
0.289215938477
0.0330208703153
0.021180282494
0.0140004582712
0.0183320766881
0.0474057691796
0.0252169922525
0.0967446587597
0.0246705989221
0.25020752415
0.0359080552383
0.0379356026307
0.0332123722282
0.0690487985965
0.108889448692
0.0423036121184
0.0926433869488
0.0234084453131
0.229366456513
0.204739500859
0.475689279915
0.226069434374
0.136746325334
0.0201666352997
0.0174697520892
0.0694775064491
0.0693987850069
0.685668266288
0.152667612634
0.118772760365
0.0162163042086
0.060531723229
0.170284262512
0.046561746464
0.00630449657887
0.0439384332838
0.0246092016635
0.0210953773692
0.0805460679353
0.0347285545845
0.56877039409
0.0973774663099
0.0316688956148
0.0551164795907
0.076968813884
0.0710412442018
0.0649044718797
0.0626220639325
0.22439034694
0.0987348385853
0.0933828923542
0.0540702035504
0.0386530710174
0.026304235366
0.0307630292997
0.0640822332722
0.0340860101102
0.0200142881203
0.0344952934172
0.0206299203801
0.0279665838853
0.0761700220984
0.0266888773751
0.339198574585
0.027415801335
0.0202235171189
0.0197165692418
0.115137112381
0.0357846371484
0.0716114390869
0.00763812186874
0.0797563738954
0.0491217291814
0.0689040509783
0.566560626833
0.326045039773
0.53095921101
0.00486322265552
0.042302433597
0.0317046797196
0.0282641187526
0.0282075830862
0.0821508202428
0.084404770316
0.085741676631
0.156340796285
0.168682574255
0.0161913525401
0.0273120631762
0.0340017809913
0.020454622153
0.0616279954999
0.0591519161686
0.0382646693904
0.020190845916
0.0700850812029
0.016099913648
0.0152840471864
0.0264834671585
0.051740414314
0.177394538637
0.287536406828
0.145004903969
0.00922114657231
0.0312241074828
0.132172059511
0.0697863669704
0.032412163128
0.0254834203834
0.0881623892663
0.0696317737164
0.589943515617
0.537861891434
0.0354356406539
0.540150949769
0.0205127043441
0.557178739575
0.135134085696
0.0475663377343
0.201223954509
0.060092061043
0.124894413031
0.0341327472399
0.00988133965664
0.0306141975711
0.0342039995113
0.260374117603
0.0978816811868
0.0518933972228
0.0561183161042
0.0635056036219
0.0946748163247
0.0480585498524
0.229925470736
0.219991393522
0.0190207086385
0.0169316886738
0.0200995484768
0.378960428441
0.25916867379
0.125658085791
0.0207964408354
0.0110517700657
0.0545736768126
0.0331236367199
0.0557660511939
0.0361148891064
0.0978817153088
0.0608802841464
0.133624761648
0.145093113197
0.140269070207
0.0109123444945
0.0320439231332
0.0603629813357
0.100313870886
0.0951721260402
0.380374189566
0.0296716009038
0.0183516134043
0.198922951188
0.0805025337173
0.0680787520047
0.11658974887
0.0368681633135
0.0444367709962
0.0604946105016
0.0106244872533
0.0311454720157
0.114731434647
0.0138278213714
0.0278901151359
0.0131834468364
0.40582931331
0.0418069250623
0.0957631404887
0.00795728878466
0.0157834622626
0.0154283854545
0.409105989874
0.0964258622951
0.0736990016275
0.0725191530724
0.202982850976
0.138870391896
0.0333190049921
0.0140797713554
0.0402861650927
0.106511640176
0.158174022543
0.0158387697206
0.0471079887981
0.034959333186
0.0646373332506
0.105087463296
0.0318153253026
0.0587108737694
0.0339914565828
0.0106894713656
0.141699684575
0.0284526112566
0.0553865182227
0.0292739384773
0.0235683949415
0.0168920712207
0.10906945158
0.160748768739
0.0465096931916
0.0458560647024
0.424551301857
0.0182190895114
0.0587879274398
0.0553909562665
0.125392942786
0.0177161555551
0.0280114710354
0.0187899493929
0.0150298480318
0.0416803763014
0.0619349301434
0.0354254071492
0.0354333069542
0.0336235412163
0.0283624672561
0.516114840059
0.0654067841804
0.307422120638
0.0298542863272
0.0832992957762
0.583546343847
0.0197413941853
0.0279939487241
0.0833699686582
0.120789700615
0.00395918595234
0.0278087558354
0.0621704863457
0.0272670588712
0.0449529287151
0.0128416567529
0.0266619596761
0.140924858562
0.0765345148794
0.21633064428
0.0354673110256
0.048163870817
0.0124059768164
0.0547391592916
0.0183325746872
0.0152839474835
0.0252731521343
0.329646847895
0.235677173084
0.0682756644203
0.0546174161804
0.103470877554
0.0291373475906
0.0181571730632
0.0403692822958
0.0374647019379
0.0651519427196
0.012353216507
0.00504583530353
0.00726532900443
0.0395483557716
0.0289323338541
0.10351489224
0.0205915103126
0.0182689808147
0.106254696892
0.107507720982
0.0473487331308
0.0348576196
0.029387177374
0.165623992494
0.053378205845
0.298928253464
0.0141883227352
0.0502012958358
0.104169888556
0.0279008453918
0.0979342322141
0.139832430275
0.0386340438819
0.0249254570938
0.0329003365079
0.0546078342164
0.0387678625634
0.00565554702986
0.00912139491113
0.154629464072
0.0259009261784
0.0124200470542
0.126615853998
0.0196545897729
0.146183852212
0.156682650557
0.31139768064
0.224973320417
0.0943330701503
0.212672973144
0.00696503653401
0.0349263314137
0.0348407650811
0.56357925453
0.0231389778659
0.0551851091222
0.0400026811468
0.083639078431
0.089414989765
0.0290829215521
0.0260777296722
0.207745771572
0.0678979622153
0.0245013790993
0.0522943012205
0.132856260989
0.0550801466007
0.0638183803727
0.113913076539
0.0906174109805
0.699873504923
0.113354725705
0.0178039083803
0.313562900002
0.0262098937874
0.144438896902
0.0440077297666
0.0722085242343
0.0797028600021
0.0592948255338
0.104159120906
0.25205610114
0.0330666924608
0.0419225124925
0.108281666131
0.037935940689
0.166276521421
0.0187635028744
0.121038544922
0.0163157879663
0.0296963099585
0.10148359018
0.0763570618035
0.0639022542001
0.0166190366873
0.0341551872196
0.0672813962897
0.0259041630914
0.0175120553063
0.0403549007491
0.0088865170516
0.0917560668539
0.150542875737
0.0568927936466
0.0470429065397
0.0372542421717
0.32578348258
0.463435387032
0.12536603007
0.0313742491452
0.0277949890598
0.242151977252
0.0149275115584
0.0608970787311
0.0417109974382
0.0179449743523
0.0464807220244
0.0617217539088
0.0340822757699
0.0390037050058
0.0263609370712
0.0420688856235
0.0438307470327
0.037957659827
0.0791745851166
0.126509086836
0.0464162300465
0.0416986490925
0.429953350695
0.117264588578
0.1217458809
0.0200339293361
0.0284757910679
0.0135183605454
0.165085373066
0.0352530176215
0.058958752227
0.0436193560986
0.251686914374
0.030940331799
0.0255740261564
0.0197443165784
0.057389646833
0.044546698733
0.0102340639386
0.123205216222
0.0708767628342
0.00775836571125
0.0452927639831
0.020183766615
0.0300196225334
0.063700206469
0.12624403482
0.0281262086252
0.110824292132
0.0229226912466
0.0228452273001
0.0432120448647
0.0442785364953
0.175710304991
0.079688920329
0.124256058289
0.0134466985667
0.0146647946156
0.0104484422469
0.143219157154
0.0113635899778
0.0162091381861
0.0902074562387
0.0382037262527
0.16628611882
0.0560214447056
0.0162452653551
0.0244062959478
0.189122231384
0.0402403052481
0.103385281666
0.0777227636863
0.024687056663
0.0339421260268
0.052205491128
0.0053544801526
0.0664070180634
0.0167355170198
0.0179183587926
0.0476998642508
0.0279068418656
0.0983798850388
0.0973008678906
0.0529852073199
0.114881642272
0.0330865351468
0.0819495402952
0.134108617493
0.0273327097797
0.0851315321911
0.0159085802042
0.0454358307547
0.143610519925
0.136338732021
0.0629850654439
0.108454442143
0.00573020709823
0.0541561157126
0.0130899188771
0.00803924706094
0.101485127978
0.0904969871712
0.0494385702109
0.17484111889
0.0555843731727
0.0389629942656
0.120282529286
0.0248519126708
0.026876623317
0.122846769606
0.0442438021295
0.023420575864
0.0673083892881
0.0577481668279
0.0212840221853
0.0796416849433
0.0543670751145
0.746258490474
0.178231918791
0.0371137824131
0.0678240428367
0.158723635034
0.0462105254173
0.817009529904
0.103872149943
0.067637484775
0.0184286789702
0.222776209662
0.0479128161085
0.120903508385
0.0215804076738
0.039904425776
0.0859556373968
0.0406959025531
0.0216049946482
0.0204489739973
0.100797559119
0.0389773569984
0.0378052122621
0.0402872750902
0.193467535012
0.0407838780506
0.0667356132471
0.0210211527115
0.0204032572053
0.0450521938696
0.0240917010542
0.049633161771
0.0566437370029
0.030714695197
0.0354618647654
0.165327467906
0.117764282974
0.0853548677615
0.0815954978794
0.10128515833
0.0498733426629
0.00659568552495
0.0270396037089
0.322980902717
0.0264489003611
0.0719255027174
0.0130220547398
0.0454036328535
0.578074109794
0.0493255216368
0.0869706618119
0.250002629631
0.104727778522
0.0258483345357
0.0494027021233
0.0304320116051
0.0918796485896
0.0285887313303
0.121628658171
0.0537230149628
0.189711783977
0.071867621407
0.153306784065
0.176530383027
0.0974588750837
0.281784042858
0.0451460221748
0.0151172528514
0.0795944495048
0.0246516047086
0.206276336835
0.0425732252543
0.0495793430528
0.0563376729841
0.214811658361
0.0526113640278
0.0132043172696
0.280985937109
0.212063888129
0.154816030812
0.112657661131
0.389926952096
0.0156219778559
0.0836339654758
0.0331220472465
0.021682104481
0.104695996235
0.0171847991602
0.0816199019426
0.117654261099
0.0317026357008
0.0577504673999
0.142530284009
0.0196030501541
0.0464652658807
0.674094631976
0.00660411928601
0.0844397193544
0.237593399956
0.250173811858
0.197185044774
0.592366693553
0.168237543885
0.0443566249154
0.0397207921547
0.0528434659288
0.0180156189848
0.0188021445914
0.270295037773
0.142886071963
0.00708553797165
0.0451424977083
0.0165118135212
0.00691751656161
0.0339138205226
0.0110682892789
0.0223827183294
0.0280044829091
0.0295851941944
0.0347435857745
0.0784599625357
0.0615836432492
0.0426308786841
0.0262484530618
0.00667159041049
0.0697416303871
0.173917157201
0.0225974657838
0.00781630147728
0.059601280909
0.229469252732
0.0362657571342
0.0288983263103
0.173146393317
0.387878916147
0.645184815031
0.0291630799529
0.0218922138463
0.0813028688407
0.0616946247666
0.0276090176071
0.391440289295
0.121521299135
0.0325851685873
0.0425766761211
0.415907822525
0.118821563984
0.0286278587037
0.134625206327
0.149721233646
0.0370344454733
0.0630127441331
0.0561083674676
0.0431658546663
0.0910727599377
0.0407893039818
0.0592197366464
0.0298269188104
0.0152912380312
0.111717863695
0.0207745015389
0.0121187850748
0.0376713428542
0.0987580683464
0.0685757546677
0.0247166934805
0.0377073961154
0.0744750361987
0.0610951968012
0.0699661334715
0.0161962445923
0.0304907353825
0.0256350616915
0.0657930721433
0.0123218290784
0.0553248341345
0.241207002156
0.0841861674639
0.0327001441937
0.286832767416
0.0130870832111
0.138878251633
0.222541351551
0.0118866983877
0.0177665611058
0.0528523325521
0.0636345588565
0.119255551762
0.171218198893
0.0620435509979
0.0269008476119
0.341744522403
0.111306191405
0.0724828603518
0.0217710795197
0.257697103589
0.0624502199906
0.583943560586
0.0452923685644
0.186749544154
0.0577228820508
0.0886560461248
0.144886252143
0.0271651199323
0.11901841618
0.0148446862996
0.00693252853019
0.0462961916802
0.0304966935333
0.174541264986
0.198726701666
0.0466063611782
0.105425426004
0.052985585475
0.0970534425367
0.0786716707194
0.00765895581984
0.0927582813022
0.0264230444258
0.0490040164791
0.0747415478388
0.0323250190903
0.273809928703
0.0827921231867
0.0920063171803
0.0141444701547
0.188995574306
0.758304762738
0.0558646132437
0.0602039007241
0.128128190985
0.193349323028
0.234162867699
0.401958391567
0.0622249036025
0.298823408457
0.012089897272
0.00741946134653
0.023745662503
0.022169314973
0.381697193662
0.0280353431581
0.0208567463212
0.0603143753167
0.0506326082173
0.0172094307482
0.00285019852214
0.0673517444921
0.028084509353
0.0261002193971
0.0145752922702
0.115384713006
0.0860535178724
0.0633565037591
0.0318531392554
0.0529023326582
0.0124364248119
0.135250704858
0.0464175386373
0.231152005644
0.0313109779254
0.0742266757832
0.183509154247
0.0319380703519
0.0798993533875
0.310013847918
0.107788649569
0.0349323060277
0.0504936277443
0.0142640026322
0.00658009701082
0.0860604364867
0.015248057877
0.0607911486272
0.0920527867218
0.0342360332542
0.0363599730832
0.0539686532847
0.498626442726
0.0691030287889
0.0291602845465
0.0285528900454
0.0126552901258
0.0174745952126
0.14079677094
0.0496784429679
0.030067693061
0.0336655597078
0.0328873725422
0.00937288137531
0.0557993541802
0.0488386240819
0.0269264454816
0.0505139834029
0.0652738080215
0.0295975500713
0.0391137677544
0.105400328425
0.0936598938279
0.194950192637
0.0845786599226
0.0871460132143
0.454772069327
0.0351729132361
0.0473165457959
0.0351573665747
0.127776309627
0.196215579746
0.320985561275
0.0866553245983
0.0720669711332
0.0876830027067
0.0332877980114
0.0576245726557
0.0387231978407
0.241977040687
0.113862056649
0.0652252584666
0.241321050614
0.308410771909
0.0373454024783
0.0685124683706
0.268523622752
0.110714837492
0.0449763835149
0.0190171307024
0.0136534737895
0.114614111229
0.280581143437
0.0106797279171
0.166625215722
0.109542264378
0.129938483188
0.0191714394838
0.152769157543
0.136398288715
0.0339107080661
0.133786401247
0.0280135356201
0.137917287168
0.439548868097
0.066085343174
0.22472134801
0.0256619268614
0.0184910534732
0.231258136962
0.0184192006212
0.0771110622858
0.171106791897
0.0185431135382
0.00768552359898
0.0117352406328
0.139428518453
0.0138707116208
0.0382719387735
0.0906793842036
0.0417010543145
0.0563456657485
0.0437451695316
0.0162729820393
0.0156833740439
0.0229120809787
0.0182383348679
0.145716757527
0.032624788777
0.0325014465596
0.147900314819
0.084019479222
0.0160621330642
0.0393615467797
0.0717885194487
0.0162092334222
0.0703005784254
0.0687626498774
0.220255000833
0.0310023556311
0.228923841247
0.0339685903145
0.0188887305782
0.251930388584
0.100445996272
0.0592784924536
0.104899824842
0.194176975526
0.080935187658
0.049027001388
0.0825299251917
0.0670155675785
0.0104518493321
0.159259531813
0.0633997262325
0.0212362831806
0.0174264250967
0.0224526682836
0.0732529899242
0.0152967509402
0.0429752757588
0.107007113134
0.0160592636099
0.0178146659579
0.0263100958013
0.129225182248
0.153185501996
0.0637485878814
0.0759820925586
0.00535379091354
0.00699932875513
0.047814791489
0.0568008090302
0.02039830123
0.055223950455
0.120579637953
0.0108562077788
0.0239965271495
0.0291044075125
0.0577348854287
0.0210433383413
0.0860048286562
0.0278058327391
0.0377846955078
0.0195882145332
0.0469464894904
0.0649922424553
0.0826892621939
0.00737188419936
0.217772682999
0.380617559471
0.311103128719
0.117058385008
0.135474526898
0.0860706308139
0.224718961209
0.0434192402106
0.0101258886848
0.00899562305548
0.0380690301791
0.254960214331
0.0584126920565
0.0943566591371
0.43708504398
0.22298220312
0.0293696754862
0.0560248110336
0.0659255565574
0.0276855955348
0.157237972749
0.167721170859
0.0217639359925
0.327995932797
0.0911026179075
0.0861771301583
0.036934398313
0.0210315994168
0.125055853432
0.129764967617
0.0295179404823
0.0639419834727
0.0685945261397
0.0389550004387
0.0759820255204
0.0321120840293
0.210495803727
0.205860394498
0.0702407706537
0.28858067977
0.0914924844285
0.0961689739665
0.0847552699722
0.0632495385146
0.165941872736
0.192887125431
0.0810679644327
0.0130703792102
0.07182325393
0.195335677118
0.552167494727
0.0289211052009
0.373766611168
0.410554610287
0.171318868722
0.596963222085
0.0424058118149
0.086626652739
0.101330950017
0.0867749886909
0.0640197098003
0.0556993449573
0.0317750373858
0.0161465808363
0.160400972552
0.246741385511
0.0963762435057
0.0611230670007
0.0519437886969
0.0570111935307
0.0753522402955
0.102271729263
0.443447042363
0.113805495697
0.16350293284
0.0965509560554
0.0780255411813
0.0159766048341
0.0399482255611
0.0224247789217
0.040245767112
0.100990668642
0.389952239896
0.542513730245
0.258879029137
0.411189084287
0.417270172964
0.943309310307
0.846157621658
0.293599152961
0.431646862122
0.744907986955
0.945071236078
0.867023900218
0.521199109538
0.371028201855
0.768617295554
0.173272822292
0.305600828779
0.984234347419
0.612124318296
0.217406018503
0.449891029391
0.456934145604
0.813123323595
0.340326091147
0.425818904839
0.4655281715
0.115451372898
0.198335637765
0.125602227246
0.246331485328
0.446708211374
0.0685885897992
0.991250639536
0.981383000757
0.985103438791
0.0929431385774
0.0243710564793
0.781200934047
0.256067568434
0.943038917352
0.646125796713
0.992774167993
0.21688895204
0.145045688656
0.934948022404
0.772109628895
0.628446800914
0.648509871288
0.67757905657
0.116826303602
0.357364683979
0.307063942886
0.660017273193
0.146994534347
0.931767693336
0.946921451573
0.200691776829
0.613887953519
0.91022286237
0.18851607267
0.272184598161
0.534329763459
0.28453962814
0.382180716984
0.819474106105
0.728606663881
0.668577770221
0.0415894041184
0.188559748931
0.0584536490367
0.37970235536
0.955652999071
0.993332992289
0.320942420496
0.943886508982
0.297276203147
0.453545404945
0.874330069024
0.575154576616
0.881871473167
0.697596815211
0.859861848003
0.985010110984
0.142349614614
0.543217183419
0.929085320072
0.499009115645
0.156267130123
0.0358582332112
0.0468336063472
0.162689157854
0.0374034785261
0.0120816921045
0.993818254543
0.573692420016
0.567486333776
0.143283431551
0.80821003463
0.957638049242
0.392867338586
0.283435263038
0.721259990571
0.951274928823
0.950585543795
0.986319309355
0.974591383983
0.615941870826
0.20437902347
0.701974063341
0.967662182429
0.889266116886
0.987289651275
0.203067858352
0.835854087604
0.747569042727
0.629150362991
0.134257651255
0.613632535911
0.733354690016
0.253465274984
0.830665628577
0.930316540719
0.952824511561
0.906012329312
0.149089601606
0.0605750983424
0.257114004103
0.763341740139
0.0434647842253
0.0376060656398
0.0599811823349
0.0674454368969
0.100766278135
0.07230620437
0.203162774986
0.179279383648
0.410338743172
0.278485693949
0.129740456962
0.976895701306
0.976895701306
0.305648991259
0.293913063066
0.585131618807
0.436970960807
0.0787805635873
0.112396087017
0.114232656666
0.234042741438
0.831059503406
0.362469933629
0.0648298733361
0.0734829726631
0.354930426502
0.204252522296
0.632245132291
0.672146940783
0.489386039136
0.0614381493117
0.541429575178
0.0600564880469
0.858054586378
0.629707766341
0.17634912379
0.0608121275954
0.810360369924
0.699592138039
0.537669095484
0.458990224293
0.691064805526
0.802065683399
0.951858578791
0.930491628201
0.593471859903
0.810271155156
0.0968637364417
0.805362822175
0.311270928612
0.884969536387
0.494245586798
0.410566632139
0.0703745855441
0.235916431429
0.108947086819
0.907765847067
0.287283411167
0.550466309848
0.224668221575
0.133909695863
0.8901250526
0.856150427672
0.96486503278
0.522593536901
0.472495538781
0.907900461078
0.156576273022
0.3592828532
0.193536801517
0.0251790399027
0.175326570912
0.560161391441
0.12424853033
0.8824752864
0.989578905046
0.148977575277
0.954698626964
0.30277252176
0.155369366365
0.472627188736
0.580989356453
0.79528859423
0.549102959573
0.0765102607063
0.703119942032
0.342597962081
0.842399160492
0.0184097221461
0.135758667855
0.539305432285
0.192054898761
0.955512190821
0.953209973404
0.804530178374
0.221691793099
0.0653674646939
0.907790927558
0.933078973388
0.391144274522
0.694253467016
0.711573755936
0.384895358673
0.960298089731
0.75508948409
0.467966345322
0.0536743701789
0.43639662199
0.984521043749
0.544266483077
0.421192335204
0.554074039251
0.501996332111
0.545126385589
0.71489199339
0.695652270684
0.504471715555
0.738863108233
0.755631629281
0.81163059976
0.685582788421
0.924075888905
0.937838399734
0.967167253811
0.695886183248
0.970737549994
0.556974300525
0.44801461524
0.965907137156
0.600121385417
0.770267028446
0.87630500354
0.389197759584
0.468500139614
0.501003869617
0.143725024742
0.288188735705
0.592968791009
0.0333940152088
0.606078496032
0.547702007703
0.986384280393
0.707084355731
0.25199318243
0.511933110094
0.192937430851
0.815054842297
0.900386280874
0.798820960953
0.12817964674
0.440750554759
0.386506991622
0.3996960005
0.370492646794
0.266626896488
0.0801182406579
0.960895933562
0.93044352922
0.920448824127
0.77419807904
0.115464347581
0.202509255547
0.191385656768
0.692256270949
0.459990672
0.386542602923
0.918066919894
0.989542586736
0.959074930912
0.22697997651
0.46145466378
0.313484504264
0.701914966922
0.947688019916
0.939065888426
0.550667330451
0.246562891534
0.767089023841
0.676657596701
0.855542479942
0.958461715374
0.986692801266
0.989808365359
0.918081809023
0.624309099101
0.364631841266
0.449660958995
0.943875212614
0.842704785424
0.274353900344
0.966506723452
0.970170606983
0.959294429844
0.121721438599
0.539140159607
0.848338839319
0.131147471256
0.956330577047
0.903895312692
0.99096157474
0.970278179181
0.515106789992
0.256120487886
0.855277987125
0.102029378087
0.568992066803
0.229144517549
0.979646823698
0.0724912551413
0.459319917002
0.327018937049
0.172119662165
0.569731499407
0.225673365236
0.576429061448
0.840676786141
0.486000826155
0.442213994008
0.428489297691
0.101410793639
0.782567504849
0.133067892634
0.240161771975
0.170818601148
0.173825596851
0.0612744237612
0.650678355115
0.409512375188
0.149177919871
0.474843747145
0.91008021153
0.92242476107
0.624042925634
0.849571099569
