0.181238737048
0.0169590876067
0.186256290414
0.177134050902
0.91333606369
0.785121679143
0.00858265244938
0.550405846256
0.59659884581
0.436754806192
0.0100375122049
0.298832830431
0.275473151869
0.673806522232
0.042604997319
0.939436120241
0.705880082345
0.0274424266615
0.0720239983753
0.0291107088642
0.222448019813
0.570958130488
0.0568719428666
0.05584417209
0.230816170668
0.00607364919821
0.0971546601758
0.149326742579
0.342758438608
0.505806911402
0.934685892059
0.93223291043
0.0939730578865
0.250850154884
0.856355746611
0.0312776252019
0.953880594762
0.126166215254
0.0236226092306
0.968977088115
0.777785563093
0.623964868993
0.676302008966
0.0907892638282
0.573349969016
0.832858350586
0.862336415149
0.459336881333
0.834684115494
0.437972581755
0.622468084137
0.440058589021
0.0351936845522
0.754521294982
0.528193124991
0.24370114685
0.312476939292
0.402667112933
0.0387709138685
0.49786486958
0.335518311829
0.993223649263
0.979069104604
0.962295035272
0.0192420345231
0.0521802367257
0.0285890059185
0.66912900544
0.248438459703
0.417723859999
0.762138370625
0.728690640744
0.85233416557
0.724626558391
0.349864746212
0.108108264812
0.00489398379214
0.0379390254697
0.919240070949
0.00190143201892
0.00174398966247
0.135812155999
0.312666146428
0.250450709346
0.666800033548
0.19865978374
0.780096356319
0.994719989629
0.0752189773764
0.18119871872
0.496361728119
0.0746668929787
0.159933180827
0.774882707821
0.409486217018
0.732232231334
0.286674741919
0.0397655805418
0.986349865887
0.025239302948
0.214196627111
0.132793682929
0.0808521833561
0.0389808429639
0.012746689785
0.160594711919
0.867398308015
0.605731636483
0.583014705896
0.535371583373
0.825423951615
0.907567233237
0.130561698834
0.0345015304155
0.538330475803
0.0332958852553
0.870813692664
0.00698028316791
0.0157091157649
0.0318869950607
0.0112855195553
0.709090959775
0.00143944528705
0.954518784244
0.299349592413
0.973033918158
0.957915553202
0.968431248529
0.994998977836
0.823843271637
0.0819230293391
0.0522420285022
0.084085279453
0.0506959593071
0.664623695914
0.829240696439
0.572990406441
0.704820018849
0.7396523733
0.0237124059815
0.0510246347914
0.0130738882648
0.00824254983355
0.991962685425
0.0344728344792
0.969147654292
0.0329199707893
0.635060318918
0.922902005938
0.318982669068
0.895638704061
0.533878822529
0.979704266511
0.74914550745
0.0732041440427
0.291088034364
0.256617639362
0.519721922949
0.307579025961
0.198864511853
0.163751047443
0.524522588716
0.0765583209721
0.0796211739691
0.505629568063
0.0247829743698
0.964157006357
0.7240996688
0.983032787123
0.260070531893
0.545882008972
0.360728219695
0.782146850208
0.742297359209
0.0708102899353
0.0458704123461
0.0475614325341
0.0447773969605
0.520175825727
0.214614390974
0.597655000661
0.959607210814
0.978131693319
0.000724738036226
0.292827196583
0.848036828317
0.986369530579
0.162623620902
0.014394309519
0.0159741314571
0.526130048333
0.0128914180893
0.947538928878
0.11988035701
0.112655641395
0.429433416959
0.0676197020283
0.00843580727113
0.907552023373
0.995357364456
0.00576969287659
0.0435441328615
0.00136138348338
0.264386942448
0.966359223418
0.0307665139675
0.0734188280701
0.0199069796075
0.0930349328516
0.0144388623739
0.0392346152265
0.0127898186317
0.989833332577
0.01203055464
0.21215821101
0.0184673681959
0.0247086216714
0.314085875221
0.888762200155
0.291007422511
0.0170731567261
0.733662251408
0.0160104407058
0.755778971351
0.225327358433
0.98979970693
0.794755812154
0.150982714023
0.751245909456
0.787157566554
0.0856645676718
0.0491877002077
0.466812319524
0.144139726925
0.388696101845
0.732517230966
0.019371713235
0.930782313444
0.00756180291103
0.0264519752043
0.0555895873754
0.0270737442574
0.00379642062065
0.164817888925
0.62255480286
0.851695374362
0.999871885384
0.99790438737
0.570871780541
0.789912279935
0.944537261966
0.422396552004
0.0429781353765
0.249228632199
0.301134189317
0.034879846545
0.0608827175235
0.0817294667742
0.0696437673415
0.226909043648
0.0183337171122
0.0967592486041
0.195678141321
0.950782783798
0.680915197182
0.048623668111
0.860470324397
0.145975692822
0.802675097948
0.212409505267
0.133729572346
0.0254679232903
0.0413212899289
0.0213643739359
0.21392272259
0.0170822538445
0.12760001403
0.791357596364
0.0340138590236
0.214509389171
0.941385895497
0.365598254819
0.620903410301
0.706278052238
0.263719720487
0.541299624783
0.73134169449
0.0100861269326
0.027583507276
0.684068209411
0.32284874483
0.0837615933767
0.875567630609
0.128242247126
0.00907167789538
0.492460640515
0.89449295101
0.0217448433926
0.806831387578
0.54184357634
0.0373112778863
0.0687817965301
0.635629575846
0.140101226195
0.572711319226
0.417385226596
0.143268567092
0.335268394481
0.590914975978
0.890841945678
0.0487578134259
0.00556065187717
0.328437932676
0.014251336042
0.207888623095
0.456202297956
0.03083886688
0.0565581464691
0.996908638647
0.609055095957
0.643928211036
0.0511636291269
0.0889385724001
0.299775389282
0.0292207955291
0.873277575755
0.223494114797
0.00850375826408
0.0501397731919
0.995913749783
0.0349738346511
0.0225379066697
0.822657066925
0.818873652202
0.0787563507039
0.00917550851046
0.993930313786
0.979876371232
0.182725966239
0.0279687268448
0.863838079653
0.638880690951
0.965335531359
0.983437157065
0.500790965731
0.290771253119
0.0122991591532
0.0178993607572
0.0242787722268
0.0167415472103
0.891687330391
0.115386441523
0.295920253582
0.0934636032378
0.205611201928
0.113967307517
0.0193918167071
0.942832222992
0.0629424424124
0.935931088321
0.180902604976
0.160477486604
0.981669193532
0.247673801157
0.978764478973
0.824075267079
0.6647435177
0.945108578424
0.228291211065
0.00129710284303
0.408150928378
0.490978249551
0.523383075327
0.0802625248136
0.306834066527
0.54251575251
0.452807591527
0.980349387452
0.168346673299
0.510137067928
0.00413587423121
0.185529506944
0.194955528895
0.456250483262
0.997503436163
0.0679296499773
0.962015237612
0.483311251151
0.00639629346771
0.530303378059
0.454317858094
0.0018208673017
0.000712451821667
0.00491608935567
0.801493045253
0.939057603595
0.280257412771
0.171334291878
0.0859508714808
0.785922071983
0.130654650301
0.0177906490643
0.805415204051
0.205910706841
0.0220953931487
0.892480151289
0.500234749935
0.155187774268
0.96657408376
0.403127357649
0.0902638179998
0.0112647082507
0.987263908568
0.809251289537
0.0635828678144
0.570864452884
0.029967996637
0.958887897866
0.969974725574
0.396277195904
0.131028071912
0.0497189070544
0.223052249958
0.396458447114
0.00455110859524
0.0116193520662
0.650825080979
0.241055840234
0.998321909999
0.556762308728
0.0657735576793
0.07379502705
0.00340469859256
0.0204219645586
0.0876032062086
0.0661571832126
0.637779219129
0.86730243007
0.998842804907
0.977223445131
0.0135676127988
0.00829791305115
0.399988080887
0.20679799342
0.493230203648
0.150584707777
0.848477100174
0.0434754841362
0.0981481254421
0.0854835303129
0.313735636264
0.0162302362455
0.0758892803796
0.745323420687
0.720725902883
0.319239182925
0.332983534343
0.010351344338
0.0778101287252
0.0564214814691
0.0983502518787
0.142562103198
0.594254678196
0.182523160634
0.718515766724
0.775267284308
0.279151269806
0.248970624496
0.053491332762
0.881306217065
0.60397043036
0.242275002533
0.712022338858
0.887476241763
0.618791574659
0.575618807241
0.277666437035
0.571687243729
0.097673123686
0.0675680391646
0.0186163339576
0.964485197552
0.0840487258811
0.0018231261022
0.080153136074
0.0954361771195
0.077592233396
0.11816059126
0.0584585104192
0.235271946554
0.0978586753215
0.601279331399
0.0150049677928
0.0102386734916
0.0501375052809
0.407064411692
0.0925504898663
0.109370884913
0.0210510927703
0.286908041276
0.904219691868
0.416365257834
0.133326167487
0.473238714364
0.481883852774
0.478999382597
0.23115648082
0.0786010386798
0.0988069314284
0.0340255706743
0.224394459322
0.0587641374162
0.275347319007
0.0211432744463
0.0118689649473
0.00803067829648
0.287587149019
0.010548716006
0.0352460659545
0.0305395843047
0.87568360765
0.242487365785
0.907781341912
0.953114598723
0.0422282128701
0.0703731140031
0.0564914348685
0.937308243155
0.69160008607
0.889402017936
0.249147437644
0.0350014051585
0.897091565292
0.825953549977
0.401632777803
0.177696864421
0.421550185695
0.104645808386
0.0962111159527
0.564394487307
0.473534448996
0.295952281063
0.214793067445
0.545419557605
0.955643628167
0.831086217429
0.326921538371
0.00564500684321
0.182818263876
0.872686070233
0.625871665857
0.599688097612
0.00657608042415
0.145245660344
0.23678400737
0.240730043592
0.0171760077897
0.817570325816
0.926427985288
0.0206219815632
0.73435381528
0.162570586683
0.631905635418
0.0260018945523
0.00937321054555
0.00329456002013
0.931942058643
0.0134316222609
0.716742751497
0.432677881549
0.0120886628889
0.975536229642
0.00376703638065
0.501841579525
0.117210618476
0.538520372106
0.97809390416
0.207241751273
0.0324907475552
0.0211637302973
0.0313879531076
0.943165188838
0.204181160812
0.15809520721
0.475289024122
0.106204189606
0.923783145587
0.0214717310873
0.958657354956
0.115850670672
0.00429722935507
0.95947910683
0.0410008943915
0.025276036468
0.427464852827
0.00263750541317
0.0114080586327
0.0229165495089
0.200308913751
0.857368750554
0.179103460153
0.724847727985
0.425768280279
0.0704468601353
0.00983568012359
0.0592663240867
0.204216609492
0.0840621371757
0.0166408928316
0.160473676999
0.0745247235391
0.00494444400752
0.179147196411
0.871658896164
0.957187791153
0.77800586367
0.0210882459746
0.00831137777105
0.0377622658721
0.00455543551944
0.110251900815
0.00449639924391
0.989669666863
0.563579948638
0.715489163995
0.024554894533
0.338972065498
0.0246902366214
0.0453442562532
0.00192400433705
0.0155831660612
0.0755430315761
0.931356241166
0.979512033627
0.029662536682
0.67663648007
0.695337689064
0.209809815991
0.556955166979
0.0413017316393
0.118302538392
0.997633625432
0.860971430223
0.997455484209
0.262525566294
0.885617154803
0.270003509899
0.758601585113
0.981595570709
0.885047765388
0.982858189085
0.0671503334477
0.0466126728326
0.978065756562
0.446149224937
0.119155108126
0.0161745819557
0.00725344534516
0.670622782652
0.282511556732
0.631994591527
0.0088255619613
0.167633814924
0.0349108361058
0.00207564374391
0.00861889307522
0.0961517244875
0.274012561423
0.481681399895
0.0307236769816
0.0394014310351
0.0825861094582
0.671285921811
0.0167134573485
0.132229073638
0.478966922075
0.0192119734481
0.155036969557
0.0288118425441
0.331256989105
0.251589060729
0.804957241807
0.307340297272
0.322465631246
0.037003967765
0.0190680643678
0.812652560811
0.499613008584
0.932172351808
0.478427334273
0.00364515125043
0.0297131791375
0.299582718847
0.584445105966
0.132030132375
0.123450102557
0.00320683193251
0.0208107588103
0.0230058335751
0.921577802332
0.341982421693
0.538700497183
0.0161024264864
0.0145378569974
0.195571782693
0.453633668545
0.270812914821
0.161313493896
0.852833113627
0.0372820671668
0.884981083282
0.0794048742057
0.21881708877
0.935233817154
0.962891676851
0.96564973826
0.492597801886
0.0458780680604
0.0424052585375
0.856355697186
0.0517157436749
0.668144416579
0.0062015275759
0.00966605383358
0.28525663715
0.98838382242
0.482681283889
0.902235390089
0.107571941703
0.557388771343
0.0440359893402
0.0101516649617
0.0230701267813
0.151218655931
0.0130185771615
0.394675985634
0.428389683354
0.11890037024
0.0529340990271
0.215711207872
0.291957351049
0.895737475779
0.565966154436
0.695685423819
0.715690465912
0.493392084128
0.0709677630098
0.560023104084
0.450566525803
0.0124593375505
0.66431747052
0.205679361589
0.47178779981
0.900030399091
0.669125734404
0.0111968389517
0.136377282836
0.335694275558
0.0093471760384
0.768620755851
0.0351380712409
0.013013597172
0.485993492457
0.481082382615
0.972218077986
0.820308060435
0.289067475037
0.947213120076
0.0151724558864
0.801175578817
0.240362372823
0.662452163565
0.17731365478
0.391325278558
0.212437533993
0.99799832643
0.0878442342648
0.0606836599167
0.00869360342873
0.0124872565186
0.0687666758529
0.0122447423829
0.0490775031192
0.887597478514
0.0305889190837
0.00217159198267
0.00827174701679
0.301078400562
0.212545996601
0.0156277606703
0.506497219018
0.530735803505
0.0487452969387
0.90603348291
0.0882040098844
0.0205838574872
0.360262566346
0.308973710446
0.0105028995292
0.0421042871324
0.0862110864156
0.902619307667
0.0248566172376
0.196838217171
0.114688879854
0.00109716648882
0.00169619224238
0.302777210881
0.913802960368
0.00765691493873
0.129373009626
0.0105306143773
0.0102785822268
0.104225710261
0.00704792381096
0.0088984873065
0.0839910633481
0.661519225417
0.168078345972
0.0550175700433
0.0210141976758
0.0350377342954
0.0982218738919
0.144933988106
0.0113800248729
0.660120890651
0.00321284569798
0.216419749412
0.0963571931015
0.0425854379311
0.00831188548464
0.327632121947
0.0895250645609
0.366349505685
0.957862371559
0.0598291063639
0.153112200796
0.0145685557098
0.00356340151138
0.974549985694
0.800432664153
0.0167262214932
0.0309290112956
0.0935592248188
0.00235505463667
0.92464285322
0.994218633352
0.0379880207431
0.585238889063
0.086999861186
0.167110786107
0.0145510459495
0.993990416698
0.288761102403
0.507733609472
0.0237896136477
0.823372550284
0.00782347133609
0.00309489712695
0.8810557601
0.00824618782427
0.878878922683
0.255513109843
0.62114819531
0.00153849441084
0.00441132883503
0.308390515863
0.446640336684
0.313253921928
0.0324818850656
0.79044620572
0.339460945715
0.00259315255044
0.0108870721811
0.00459755710428
0.964557330926
0.974848091698
0.238847324907
0.312249284308
0.00930452302697
0.0943041792391
0.81794486443
0.636062394372
0.0562834791763
0.148816789988
0.00723879067868
0.912414626099
0.0214471735054
0.0201330007551
0.026215354391
0.01293370933
0.00303016433848
0.0446741537239
0.925700387256
0.0431861280944
0.0470701153908
0.691889137305
0.916661213575
0.145128960393
0.0766010159158
0.0347891710604
0.0967914877595
0.0375945658376
0.0539189704325
0.183370698225
0.0546425136491
0.282945855376
0.00943224576371
0.113831081978
0.00230603429051
0.0023520361546
0.00828695896427
0.000633838549752
0.000141384846581
0.0118333507076
0.0119236917629
0.22623649026
0.041997884771
0.882174940843
0.0684727528723
0.973906442843
0.991970047487
0.986731424567
0.643474086211
0.850113880431
0.0236176858058
0.0291343050706
0.0203541517488
0.028705267659
0.00892651519848
0.285806453912
0.962496842415
0.334842939358
0.549312090714
0.0608906313868
0.421529645442
0.0505943052194
0.0434437365577
0.2219991948
0.990281012778
0.954875789855
0.991090889006
0.987703271392
0.361413031858
0.0389923099219
0.0267189672977
0.0185981915729
0.987118584437
0.154223170214
0.037461930963
0.0346976346026
0.00618782123124
0.0412101204925
0.0350704836598
0.0326460568338
0.0251847979843
0.127223702559
0.0713705557151
0.0711920293384
0.187230167978
0.998338203121
0.997528332069
0.990664606951
0.952693124028
0.994538470824
0.179460666087
0.13176739473
0.0118387484424
0.197555577059
0.0240584885686
0.013642580971
0.0482278424653
0.960586445251
0.81658831716
0.00979038420019
0.612396196112
0.0268484877969
0.00560096570578
0.0146524216581
0.000262391526139
0.98910043119
0.985852437051
0.0644848481707
0.997354290446
0.993966954698
0.781611124214
0.114085840579
0.881419602652
0.307684676182
0.131481151125
0.0205037470429
0.939518545494
0.00242730191427
0.996659961221
0.00614855115149
0.0572225848252
0.233182690514
0.77943784102
0.00594582111924
0.954634321156
0.868814275116
0.387578945258
0.0718411084204
0.242903611421
0.967813655354
0.969566668725
0.203626523786
0.963380644875
0.099297821205
0.497542193335
0.0371139190182
0.995113239523
0.0420317059621
0.219471653462
0.904307970783
0.963580441695
0.959442561805
0.806255037048
0.115331150932
0.673475080918
0.0733702703607
0.276863119463
0.687116786004
0.0176009048573
0.218280949349
0.491466597651
0.0787557159973
0.460045631277
0.0114786174525
0.0347631172473
0.0131666720992
0.981205140896
0.173566985763
0.305390256226
0.545765839256
0.245903712857
0.177381015273
0.211849134492
0.854480524164
0.0891129645251
0.0910833447609
0.984281275076
0.991791001513
0.279839464107
0.108787209048
0.0186898464841
0.282327879102
0.112554494572
0.0610229483636
0.809782533686
0.355912369413
0.115685791634
0.319393754002
0.0417939676019
0.711859472354
0.226943428919
0.335818081738
0.798937102222
0.178393762661
0.935336835223
0.988475454626
0.649336329847
0.125049525834
0.0388544411772
0.988673262844
0.524118245854
0.755573590095
0.0535926162704
0.71338002993
0.890700773545
0.595851468788
0.263552924027
0.47626691063
0.212817474252
0.986240058378
0.993665897038
0.969388400263
0.941501215929
0.99670268329
0.0828751570262
0.228839991677
0.127508997719
0.55007604773
0.474764843109
0.0226119801434
0.305604968751
0.103988538965
0.450936375457
0.0716078122863
0.114224377
0.626941834048
0.50614877416
0.116945336067
0.2280464687
0.146038974001
0.976219021972
0.0122946967788
0.184504708141
0.601608726459
0.682803963621
0.00324292388239
0.0849116296838
0.551691160886
0.00959887087186
0.912298166523
0.00466109600396
0.075795979057
0.0564006865887
0.917054042812
0.127359740695
0.941258853994
0.152584766375
0.0129947448662
0.00261974008131
0.732241176378
0.00727765808801
0.00467267119489
0.00479425731133
0.1766707595
0.0670593002482
0.120296883348
0.160757353903
0.170367264687
0.00943409957255
0.0568500326783
0.0052944767095
0.0306643373365
0.00812409049106
0.0230998957202
0.00896054861442
0.0380026665659
0.00811267315333
0.0014052482086
0.0580578900384
0.0529864594162
0.0494054968812
0.00993791794048
0.108750020665
0.231473690099
0.0752158028632
0.476169335567
0.0637816953442
0.00877325283015
0.263448173677
0.292557055317
0.0290344151363
0.00435364361775
0.00815239219232
0.834661983763
0.0944168002742
0.102714017234
0.0196881427287
0.00391652666017
0.0240789101144
0.11373746078
0.498831754741
0.108979951392
0.0217422463361
0.00595350952634
0.0203453801878
0.0424330915873
0.679220621549
0.624088121393
0.136522294497
0.0153951315049
0.00739893185135
0.0114915248313
0.0375965845834
0.000702101330708
0.448553915935
0.193279835369
0.0103378863917
0.0438210461907
0.324513616512
0.00853656546712
0.913281894338
0.0753230732198
0.0035184805243
0.0102162996987
0.867642485591
0.0100319162586
0.60618623189
0.0604118703249
0.124167387322
0.0394640181055
0.0173079212959
0.0672979662269
0.0148071314855
0.650988926274
0.0329007091222
0.0917363574303
0.290972428801
0.323667967256
0.0502534055543
0.868542893198
0.00590174929218
0.0147368905719
0.420221257954
0.808017970762
0.0209459273455
0.936312005
0.9827804888
0.593308469672
0.629195264864
0.0262084872317
0.0209535265123
0.0238688788639
0.00528604417226
0.00173019419711
0.123251112571
0.119898293386
0.0253175795636
0.0176516598659
0.0356967250046
0.0298376832018
0.133765247941
0.00273639821159
0.00296856983666
0.106357681881
0.0101694662378
0.0110826915786
0.0168686931746
0.00640259119788
0.00150238497705
0.0442111325352
0.0665928616924
0.00386247581721
0.000793490565381
0.791567620689
0.394471724499
0.271267804632
0.0110384813397
0.104039175584
0.12902520938
0.00862199646306
0.0738336361629
0.438855614543
0.00584689160644
0.0201528301371
0.0456956720263
0.00472016223744
0.00788678066385
0.0139815671652
0.029238588463
0.00290870545562
0.0595397202893
0.005269511021
0.706053093664
0.535948864524
0.00798081499676
0.00851583910874
0.517303296454
0.0103244499343
0.00236283699299
0.10929618206
0.115222242513
0.0634883857729
0.0390412465051
0.0847502707517
0.0318686735487
0.533148739357
0.112507829936
0.0574406868394
0.0279253755991
0.223444115052
0.507132118407
0.0342229832124
0.788605633996
0.11008408573
0.366532778058
0.0126848917732
0.00862430740285
0.0151535454573
0.03679933249
0.0455110613209
0.095396428033
0.0392086570669
0.0859800718874
0.0260635173802
0.013313137639
0.00342253094177
0.00170272910892
0.0697725867223
0.0341902912822
0.0598029931022
0.213345139831
0.0264591305947
0.0940176864569
0.0435491187182
0.0607662437121
0.0855530833122
0.0257836415905
0.0703387314647
0.0509290760745
0.108367405279
0.0237189314076
0.0160169021455
0.060271467345
0.0781685167377
0.126709217906
0.201649324052
0.0508269591875
0.655065247999
0.0185492869372
0.0494198118239
0.864174022002
0.0218871140548
0.0331884881901
0.0786637437821
0.0474277609436
0.174096496182
0.0201456115835
0.0289139455788
0.106462836189
0.418577650371
0.0704903985865
0.393857421095
0.52988655945
0.0129804857795
0.159729544788
0.0432721860096
0.0666046951413
0.00931595990046
0.264335273261
0.00118049208948
0.0260165619364
0.0247294436698
0.0177244711421
0.166332352463
0.0952613159123
0.0672654446756
0.124436168173
0.0239858613973
0.12964958136
0.142725218059
0.0135897555387
0.0641127253006
0.125820657304
0.0316605892137
0.0123994177062
0.000984535133852
0.0149552572984
0.0588365013433
0.174363188041
0.00261010739376
0.00540762146147
0.0206374457512
0.148283826739
0.00292290276629
0.0165034558124
0.0465777798448
0.0185837141473
0.0408090089282
0.0606199391252
0.0309524980541
0.147166881987
0.0037997988477
0.0518593440708
0.0151247243778
0.0224679219792
0.0835572890721
0.00872956438389
0.0951759425901
0.0608213677164
0.074433511885
0.0055910503763
0.0325526906291
0.0056755162368
0.215652368758
0.0229239435719
0.0194165879811
0.0172287661764
0.117408473176
0.850898160082
0.704791103838
0.289892464054
0.294244913521
0.207527142865
0.353227709141
0.975117589095
0.00423271167465
0.0394972846021
0.0606247718521
0.749882664277
0.79890328497
0.203454165943
0.0327886265198
0.541911855784
0.00492962578926
0.157681553992
0.147528773467
0.00928620012755
0.00492531885429
0.00365442636967
0.808093480478
0.978668646045
0.291147299332
0.240145822348
0.0222281987866
0.029249425486
0.762576076439
0.0272091401055
0.0475104333761
0.553756426533
0.346202133869
0.0531539627822
0.0335012497082
0.00606560074095
0.0973478592983
0.270034176976
0.0048183853528
0.0210759510037
0.00299815023156
0.602444359377
0.326493507809
0.342652920863
0.030342382909
0.00675337527472
0.343736973181
0.00721645670075
0.0350810349134
0.0188736850533
0.00594022271526
0.0104572977328
0.0358135331194
0.0152029769492
0.0208398927563
0.00415436520772
0.0106169060337
0.178536635408
0.582039272042
0.0389495327045
0.997289121921
0.96754531271
0.799137545463
0.00454816050037
0.845574758871
0.906468182282
0.0146175270365
0.00310905419211
0.726568949311
0.23998723577
0.0628250190802
0.0114962546753
0.00223630870096
0.143213373135
0.0119382633659
0.00681564799601
0.218950991563
0.059637657878
0.0388465623871
0.0252430730555
0.021539954327
0.999455821914
0.996340877589
0.253850671708
0.763313248977
0.0976381528894
0.1191312219
0.0363057519804
0.056927184873
0.00366544124693
0.0629520481386
0.107363385248
0.071566365562
0.0543803427689
0.511686115196
0.0507884576046
0.176984038998
0.00688351983167
0.436577232964
0.046761464547
0.865227781662
0.00377675919988
0.014637282511
0.0442234802107
0.00429190898489
0.712069672005
0.029763341653
0.0396373012712
0.612092376678
0.0677327875791
0.0296782111996
0.00673351665292
0.15597152359
0.15804987639
0.0028316350891
0.0220529416145
0.145322000589
0.189946990025
0.329277263381
0.260815024582
0.125460295306
0.209091849702
0.00875136966921
0.00154515912708
0.00933969787165
0.0291685168471
0.0649744257525
0.0124620858156
0.00427813015628
0.00877607363222
0.01518956181
0.0836551467567
0.0878795341956
0.0240061323405
0.909541225117
0.00637572884552
0.23662831819
0.122087373302
0.118220604615
0.016409846926
0.00559202020947
0.0332945409703
0.80894940116
0.00579879792853
0.839397255488
0.808092745071
0.891819667283
0.0125511399699
0.0149312268849
0.00388011551274
0.00198512226845
0.0138715832775
0.0028175618808
0.00410139923646
0.157497277726
0.0403777307435
0.203198092109
0.0169690311415
0.0937031438271
0.0182313987586
0.0113455863555
0.817319815269
0.507158134143
0.237436657997
0.0347247959556
0.0987827146969
0.012981990947
0.00195534732596
0.00225458691831
0.0899130927888
0.00643882916968
0.620267679115
0.458942547454
0.000693326255473
0.0469132936439
0.149931481178
0.00128296648664
0.0205065336106
0.392557934012
0.0151425056362
0.0138972881894
0.301758666766
0.0537658114962
0.0323147071481
0.0155210271498
0.00956634388834
0.0436835814116
0.00285763139721
0.0112874595422
0.0126479705338
0.0724200647382
0.00164673251947
0.0103451976271
0.051692405266
0.0283531667383
0.0311204213125
0.0304807746849
0.0401604701316
0.105523873947
0.0413074738095
0.0017161155061
0.0285064494092
0.417321512699
0.0197220898495
0.00555536164186
0.0236329074429
0.127558040416
0.0589999852617
0.086913286124
0.0101391867616
0.0226090717692
0.006055359507
0.795229880059
0.982123719427
0.752320530433
0.180130955055
0.00566546616951
0.624018280302
0.00522818748068
0.0758221327804
0.00321594492187
0.098504460713
0.950545994865
0.00987450159877
0.0097286022038
0.0140248921735
0.0119829450279
0.00337785689778
0.0330529230386
0.0144675208842
0.0325979179217
0.430786135887
0.146153477642
0.191359009684
0.0704158038319
0.0362792945107
0.0557404011385
0.633234951133
0.0286548358383
0.0260782729815
0.512350439791
0.0602163738672
0.916367072593
0.729339524962
0.0162703696193
0.96933038231
0.0316441048802
0.122945200026
0.00231491195544
0.340094017818
0.128988604052
0.172868042299
0.953362339752
0.108491369319
0.171914166969
0.00243571328405
0.0340342541476
0.0286889272436
0.0163875410029
0.0411689654155
0.165637383483
0.0497449906817
0.00331628441948
0.0204815112574
0.0538326139528
0.00528202206806
0.957302806297
0.0637402726089
0.0102001832812
0.02904573368
0.00535647563422
0.00314503883335
0.288651817085
0.0671122664269
0.801414994793
0.0129483007776
0.0832304710223
0.936219779931
0.00361386539284
0.25272594084
0.789573306755
0.09121598658
0.0305927475966
0.147546690964
0.0373575211075
0.0108746252044
0.0423482647293
0.00127202495359
0.00469769462338
0.00806262860598
0.13138352539
0.0711023116855
0.55725739419
0.580304256964
0.60014605269
0.0558396945749
0.0133404051836
0.00985858912158
0.0074586311241
0.00282730383981
0.00640690525935
0.0730785440962
0.194128101736
0.41186055934
0.222500535247
0.0833796004312
0.00108427395904
0.00258390242964
0.223770565752
0.00121614892474
0.0955042591682
0.0276772931211
0.00656718554204
0.0028179458498
0.0111244848484
0.00904904083201
0.0387511608873
0.0262797399347
0.168350862883
0.066318025844
0.011408354201
0.0110518153964
0.0125649242401
0.929538624243
0.847672709657
0.0851927866064
0.00979477272607
0.028272132539
0.026702089901
0.0379649901277
0.0223666703346
0.00392698313617
0.0255837051414
0.710707707316
0.031523729801
0.0022830813647
0.00318009259562
0.068168278374
0.00653627073936
0.0250121463335
0.208779293781
0.0314100657473
0.0184040136752
0.93562377816
0.337763425837
0.00839027914574
0.0107327587261
0.0096661947971
0.0109637515889
0.246677768648
0.0555467760521
0.00789541268982
0.00358195273117
0.0132644547356
0.0461589867156
0.0301242905643
0.0776893787319
0.150657190694
0.0409539473503
0.14732647612
0.045867326622
0.0327354266038
0.0091060358844
0.818562004698
0.247142704893
0.65532335965
0.244324407482
0.567824969825
0.00708064537097
0.00761545257381
0.00999267547316
0.0260863557356
0.0625769222466
0.0671609616476
0.226069982944
0.155906971105
0.00783543508447
0.0110752511036
0.00145420117496
0.00918437304139
0.013024290503
0.0223849520235
0.102748404055
0.892002507432
0.00748743319501
0.0591916534623
0.00323342548419
0.71283137069
0.0426155115918
0.000950905360777
0.250390211716
0.0560159850365
0.580294059783
0.00739088035501
0.320237512955
0.0437541538634
0.0151838534841
0.00328076768031
0.0854939563767
0.0489675795185
0.0298142487672
0.00030651242393
0.0188618445304
0.0138328525642
0.0336624167481
0.0367736368932
0.957531766969
0.439972841513
0.863319327619
0.0087870290833
0.0142899176893
0.000896485634315
0.0492927564926
0.00342145857051
0.00164722624597
0.0147712737934
0.000604791484301
0.040520495173
0.0333998626664
0.0482491914135
0.0010464646702
0.094305695346
0.00284837607076
0.0892285365476
0.0395883339054
0.110651365376
0.946283533502
0.980993810598
0.328636954413
0.0128824491314
0.0358648807756
0.0353304969044
0.075746026827
0.00587698367673
0.545432061488
0.0130205255197
0.0562390471052
0.00108932809982
0.0212154129462
0.0254529674204
0.0399799171758
0.0924682907731
0.0142553075372
0.00641756119084
0.298483161399
0.0112856863015
0.0154249224949
0.065171503124
0.0802635897619
0.116124500241
0.0115470594573
0.000544225585106
0.0596974559604
0.223224245094
0.0115325648072
0.024234828431
0.0989262815664
0.02827414472
0.02546916433
0.236880135715
0.0291829321484
0.00772535895395
0.00868668273871
0.00453307074441
0.0135327755201
0.00132713879653
0.0107053182345
0.00715531274627
0.248304370026
0.0182939990737
0.00749265485179
0.0257681823087
0.094120099905
0.111985699529
0.0173888258821
0.197548954798
0.208072380244
0.0250808738656
0.0313520623112
0.0884175289813
0.28623146372
0.0113073543486
0.0132740770757
0.0909270342731
0.00867506314455
0.0186129288144
0.0148706811718
0.0366076289769
0.087520144079
0.0360834159684
0.0133274100541
0.000493436058497
0.01264232099
0.00719031842179
0.0100667102006
0.982862916356
0.661761043256
0.799794169876
0.0348983782669
0.762919915738
0.727584468009
0.0146356296174
0.0826141910661
0.0217130316322
0.00547883408142
0.0054671041806
0.0619947100887
0.0856705836891
0.0203834138879
0.0182888460933
0.00728747766523
0.0507842638997
0.329685660645
0.228394944043
0.0302379617207
0.999761744595
0.963430676328
0.0645818223064
0.00117771366902
0.00680383171118
0.0242442641702
0.951477970746
0.0144936182369
0.392299125676
0.00516648025225
0.0424735092951
0.13556127913
0.0460396721742
0.00264781080228
0.197626483262
0.98885655179
0.0160613180113
0.797903911887
0.932812148993
0.828418930532
0.0226991150619
0.0239248164379
0.0156767059013
0.0171078795147
0.094892480672
0.0324290598404
0.0318157881931
0.215590258049
0.589629288872
0.253269316096
0.0027642020918
0.0106644438286
0.0271648333916
0.21194834054
0.00373455010411
0.00401565183733
0.0284034525562
0.0928492516868
0.113102537479
0.00169898078127
0.0370207958774
0.949170225324
0.0105625064687
0.0342116394551
0.0491900958399
0.0171179580287
0.106778509461
0.0444136493923
0.989520970727
0.0343260858704
0.0140784058381
0.0224420851245
0.0209211938597
0.00508942773328
0.00196299238918
0.0251388860855
0.0969139080826
0.0687690026431
0.0909360759653
0.942569775343
0.00287845092749
0.0331701509114
0.376558684998
0.483953257295
0.018474845197
0.3578480316
0.0138885417382
0.152248452287
0.00724840613142
0.00379787595414
0.0462794636556
0.0433805802762
0.0205815506711
0.102027226713
0.0156112518198
0.480111559891
0.514453183152
0.0944446744665
0.21349628993
0.025426279841
0.0226006672215
0.0207990238255
0.0125835625531
0.0130588457696
0.0278163074285
0.00765380147741
0.0033315926077
0.0135154973159
0.0161241166304
0.0135470601568
0.0303005570979
0.0313178638854
0.0204225774528
0.127619456475
0.0233344492997
0.0151301853491
0.0494313989571
0.0044899946659
0.0166112089116
0.0155084368922
0.0348381338326
0.383829854282
0.413357473158
0.0924950817888
0.615626822738
0.386611152429
0.0204633865731
0.0165649808283
0.0410687890784
0.0185193914145
0.105936245215
0.551290461939
0.0403659652714
0.010421252759
0.101645476426
0.571695409046
0.0490829661522
0.00332250215253
0.0432857670856
0.185024338404
0.00573013230326
0.018776864021
0.0214290241462
0.559657779086
0.16449129377
0.788515640174
0.205175149941
0.109403842899
0.0201837007277
0.0251631489941
0.220023023703
0.0137272029457
0.219698126968
0.0378922606261
0.621784078171
0.122733855458
0.038518612213
0.0751439104193
0.00952250551245
0.0993768176751
0.0168835165014
0.0365640086875
0.0537825879269
0.0777237733282
0.00666591337484
0.00623950357744
0.0145938566567
0.744375096696
0.374025540137
0.0236241146877
0.242741525337
0.0906513359144
0.00303466057082
0.148354709338
0.0744828218248
0.239308903209
0.0228821479285
0.163116627051
0.140474005127
0.0325469195999
0.0941483125937
0.0228836202338
0.00222785823846
0.0170174130865
0.116889518325
0.370053066387
0.298580250467
0.477485982862
0.28508037168
0.486586034879
0.00505024205526
0.0540255715414
0.00438377672274
0.0479420616309
0.287435366517
0.00173123078717
0.0588272027618
0.0131485551593
0.0758519260996
0.0448904197852
0.107564626066
0.786057153175
0.0309688550844
0.030557838934
0.00311636797448
0.0187702818161
0.990496298942
0.96900920011
0.106294144875
0.0144107501103
0.0166727920348
0.106388143274
0.36664643892
0.0103513883703
0.712325915279
0.0318151456489
0.0633131606037
0.00880771321096
0.0234052249043
0.149849869205
0.0943513753969
0.0137885339987
0.0099308351234
0.0100877558858
0.0691437583104
0.0373574550256
0.654717136557
0.134686520916
0.252644428133
0.0615037058686
0.0812116437131
0.179393892033
0.083100948432
0.0206153324732
0.0281639986244
0.0559993375813
0.072968095219
0.998609385321
0.999326246191
0.987791347037
0.00239794615531
0.90010798059
0.0463856632544
0.0147831761475
0.00328897007405
0.0905973044269
0.150142796708
0.0111393515118
0.0387010734909
0.0400727878024
0.0720340492108
0.00865910964869
0.00617475739085
0.00621972567719
0.820989714869
0.31044019003
0.00610300786482
0.227959002178
0.328528960043
0.0109448369855
0.0145004636565
0.0542097615285
0.0125484774608
0.0150118846114
0.0876285827884
0.823894062208
0.0203870942477
0.125809864575
0.0254191994283
0.00727981217675
0.0433530844011
0.0316541089387
0.651092255126
0.0107935779698
0.00769217464383
0.0720630865896
0.170058972896
0.00683724459452
0.399206521012
0.157383351396
0.0418265755261
0.0290841568793
0.0261314413828
0.0033132472474
0.336766533135
0.0264541396905
0.0114731776888
0.0197458959365
0.0149745436785
0.00329651856227
0.0693591926018
0.0242747270408
0.0454359796148
0.01674311192
0.342319503584
0.267077851546
0.143486562575
0.482057299674
0.00160521702761
0.00062264987247
0.00836772906396
0.0253407990371
0.0256519194258
0.0333165864633
0.348948121905
0.0360939337351
0.240798249096
0.00162231139117
0.0403972120355
0.976142431915
0.984678887953
0.815464930711
0.070386934706
0.0084376885637
0.00912427824036
0.0374392082136
0.759417204233
0.0501034929954
0.161601540863
0.038825218334
0.0151268192133
0.0629594851399
0.00603388335356
0.0882612996687
0.992626366472
0.0532933351922
0.0135923210445
0.0171748871894
0.92273323784
0.892781592419
0.00791489665923
0.151569718711
0.363671190687
0.506978195923
0.187392662393
0.120260950624
0.0150487241247
0.148693874079
0.0844978531568
0.605856973979
0.128927076415
0.0207745972454
0.0446051254283
0.149359223442
0.404230947453
0.0595813086906
0.126465978908
0.741217883393
0.395252207454
0.021517963018
0.324223417999
0.359285569915
0.608043943311
0.0642384858836
0.104673785519
0.00198360210153
0.210957744773
0.0986257516287
0.0435967915371
0.144933222112
0.0089694456719
0.0108883973116
0.0505783441684
0.944480747084
0.177573618173
0.0415114211411
0.00822391166894
0.991282463695
0.183911666994
0.18857652249
0.216376043905
0.0134141360863
0.694912192343
0.0816511322696
0.701021336518
0.0610657876016
0.0261575118602
0.133210174291
0.0203046514668
0.015353761375
0.304690104583
0.0955740147618
0.00333683703048
0.633564786995
0.127626340845
0.114333604422
0.0197645716638
0.0082639814264
0.195721895421
0.0263888085381
0.0146937090013
0.00332660145136
0.0214625681672
0.0563097745691
0.00771633480221
0.0112906577318
0.027486404916
0.173012503316
0.0963189244235
0.257134167698
0.0184046099449
0.901001942203
0.00620101622643
0.0255505073331
0.00194118946133
0.593574500897
0.0851165296038
0.0527239637489
0.0528575347747
0.303984175876
0.945632938558
0.98685324192
0.989058529048
0.852055875849
0.305878634539
0.933492593295
0.902611664141
0.449384448366
0.732362033207
0.713671985947
0.853866673703
0.0166443832623
0.0139834775731
0.808874905001
0.437728388181
0.0161018857463
0.726242970143
0.742320479453
0.00777929301634
0.00502347871954
0.0132419945739
0.576126174899
0.553080337873
0.182715470236
0.370938950098
0.276565157499
0.215418980197
0.226991042822
0.00875292076809
0.173783964417
0.00427879508484
0.996292464437
0.941212042744
0.0313180948494
0.00594946426304
0.00558093756664
0.0844168265738
0.232706582528
0.1908301641
0.0211816613243
0.331594406132
0.107119233567
0.0026454949731
0.0742939393446
0.0214955214763
0.00848319399481
0.774322941949
0.724108113616
0.273171270748
0.15854540328
0.140775835746
0.00950797252104
0.00368818729682
0.0372403471326
0.00412299825847
0.197269831213
0.173629879049
0.871789809794
0.606517607723
0.167784562892
0.40581368543
0.0235614628097
0.00280199351357
0.076639363037
0.0376635846822
0.0266052198961
0.0242965967737
0.00581656061197
0.0065795358755
0.000144905531114
0.00241221246522
0.0170636198509
0.0152620507713
0.274144287125
0.388986434967
0.00933632908853
0.1417077685
0.0011964623397
0.0123095016604
0.00817290663694
0.164367609508
0.0728779493756
0.0628248232108
0.1770516765
0.139439946616
0.0104202943174
0.081147327014
0.14569888674
0.00468893863111
0.0373832407992
0.00292407141236
0.00504199513888
0.814276512589
0.0221050407916
0.00414631637622
0.957296266691
0.0176790964944
0.765972454039
0.065810873556
0.412619625159
0.0572107404582
0.762439985426
0.232809213917
0.277451780907
0.469574899241
0.0933172550924
0.882547682112
0.526886089686
0.0149275355762
0.0762322163509
0.703958087291
0.432531348098
0.0193941279904
0.5152834027
0.0101158518461
0.0611411169053
0.228076924403
0.0811648740589
0.00540543414457
0.528754170866
0.0259292274592
0.182966588563
0.137617477617
0.0665844300124
0.242910116929
0.00713552753478
0.00131799341694
0.504126729502
0.687656886851
0.386106261492
0.119642742345
0.347632186688
0.683940994538
0.0052357523345
0.0988655142815
0.243159269927
0.049831687985
0.649948654797
0.0320729924812
0.0051663864811
0.000555730314394
0.00781596161899
0.073454244143
0.0506622233787
0.00412175999937
0.0970337757277
0.0121894507748
0.00976751471152
0.0210862473003
0.0242740029473
0.19683734928
0.280572251766
0.0733788452357
0.00238174284562
0.0691968761786
0.00895400699621
0.00651628309942
0.0631701387246
0.023117341864
0.0135712783982
0.0333501737038
0.620241946617
0.00362736599593
0.835792765001
0.0122696462803
0.013412666868
0.990798399857
0.031478271376
0.944826062624
0.00147205575694
0.985212417144
0.625344702058
0.490680472739
0.540440609561
0.0143192601537
0.0167350227479
0.006053144024
0.0112179423211
0.139750983581
0.175909035035
0.00739455004629
0.0281830415714
0.0613951539118
0.945247760636
0.829109090152
0.243431273937
0.00977191889296
0.0354201831174
0.766963674226
0.0226158353496
0.0483318972038
0.00916996792198
0.0672185299857
0.482795047275
0.962810729338
0.0357585977928
0.531461511502
0.982249874944
0.706597869104
0.111668170721
0.102810734355
0.766210857396
0.0572641517999
0.0257023015443
0.00530156059817
0.0366151892895
0.00197630552394
0.0130449676992
0.0347184640878
0.0436968676291
0.000795248860105
0.0834707509895
0.40111753983
0.001955833805
0.113785058885
0.67316350224
0.11539941572
0.0153844182949
0.118587346984
0.825005544792
0.363542576926
0.351056671036
0.912488953322
0.00293093038528
0.00562789750051
0.0366860406057
0.213574147609
0.95467684504
0.0100042676249
0.00613630413248
0.965210819143
0.12825667473
0.0315419130657
0.0054941030086
0.0328435339067
0.0208485554479
0.27021827038
0.109038550357
0.0169711777402
0.215657295642
0.0348203538479
0.0191862469216
0.613025517125
0.184067318329
0.077612782853
0.00216478400493
0.00295579644494
0.0393255489213
0.992741456684
0.188337512067
0.0887812225442
0.0689756898523
0.00776032442015
0.0394454457511
0.0925716159046
0.0396644105959
0.081589992625
0.118530835565
0.0265861282396
0.008207279029
0.0214261964077
0.2795916209
0.400863989881
0.327354835548
0.0612970128235
0.0325005509069
0.547078348639
0.0246959413048
0.00445404296096
0.00477155412844
0.999134045196
0.989149291038
0.0942475396794
0.0203780336923
0.0824892284346
0.113229786375
0.00261731096189
0.172110566884
0.0056511643929
0.00722298690602
0.0787047093199
0.046073157565
0.0530932549802
0.00962092976088
0.0056508127299
0.0182446335769
0.0281056087834
0.00957577156326
0.00361940665733
0.00254385784809
0.0559122548905
0.0612165060259
0.00952943290582
0.987274773164
0.939492825082
0.946614546824
0.0585895461538
0.0134902338498
0.0485754126176
0.98336910599
0.965386930039
0.0291630902923
0.0321338444583
0.00741393970331
0.638210873067
0.00740539169962
0.0375287914043
0.0780569589346
0.0312288011217
0.0194420237255
0.00164593773451
0.026893983399
0.00862945574589
0.102052023311
0.23213490769
0.0432880902378
0.00592755134252
0.00974489530685
0.25246961019
0.0608839865992
0.948578883099
0.925088570635
0.00505049278326
0.0124457219704
0.021218543678
0.00182432655097
0.00627374243656
0.643649764781
0.131680062738
0.00403426537457
0.00355041727616
0.0076209314334
0.00406610084799
0.962255794459
0.967404108117
0.562585927915
0.997287335884
0.0661818491825
0.0154366608283
0.00477468615348
0.0213864284364
0.967600286275
0.992140094482
0.983461674977
0.743291502332
0.734893902988
0.00596413631129
0.0105524973985
0.914132475575
0.000978434607226
0.00908568521426
0.0164774151801
0.891241166436
0.00764132526034
0.00382767146417
0.0341531916455
0.00274580251496
0.145889580362
0.0120387924102
0.0454937679441
0.000897909499851
0.00139360590067
0.960963042462
0.015092141253
0.786078966502
0.00568655966402
0.962437664169
0.988056296313
0.417152693469
0.94560537025
0.451192399713
0.163762994962
0.0827970465785
0.0378065827273
0.342387269846
0.0374887860135
0.0963881489106
0.360111591374
0.910239092751
0.0336974600402
0.392980490733
0.0804256634504
0.00372960094189
0.970711018673
0.00860812783588
0.274636540777
0.0625512903205
0.969856901508
0.840667027336
0.999823690901
0.998575920188
0.998818780892
0.997176969888
0.307547041343
0.524918896454
0.0497273947079
0.299799491648
0.0125999808511
0.0831378050354
0.615711665435
0.0200900610128
0.0541741382983
0.00387794716368
0.00370489061015
0.0949924200993
0.0330685616872
0.0071811352964
0.131892156472
0.297370178875
0.0207562849405
0.0144973052266
0.00799642480473
0.191781271211
0.194942713375
0.0233439520935
0.0240883200821
0.00469786252407
0.0143595480675
0.0928272684253
0.0358110945448
0.211871819238
0.00963958231174
0.0782674134661
0.00127276007272
0.0980366207259
0.608186109747
0.0161427349609
0.00534636613826
0.0300819033536
0.19116808535
0.0200080348134
0.067360060332
0.866142132607
0.011558039058
0.0845968133609
0.964327396687
0.99298373045
0.201103803315
0.00220259300974
0.0457178934567
0.145127298815
0.246467352304
0.0072521962188
0.0691980726907
0.886902627185
0.0266791639039
0.0400466064896
0.320033148794
0.318388371364
0.00760696471274
0.00728833074415
0.00718854964029
0.179959309836
0.0190057154979
0.00201035226716
0.507956069585
0.3674201806
0.177807762586
0.0726344405918
0.380778948781
0.0881601839068
0.0162852638227
0.0034327547124
0.00284886105493
0.0211301202053
0.00145093402697
0.00253589353575
0.0497080259883
0.0151153869405
0.0202021536504
0.0191909273133
0.0150659157385
0.0164842740661
0.012070163321
0.038271766544
0.0022986142251
0.0418100045673
0.0138124909309
0.0287329317594
0.0123315270329
0.0153019339522
0.00120260712679
0.0223292422058
0.0306049909949
0.0477859657237
0.00454922564752
0.101643941235
0.028171196169
0.615411885027
0.027977280985
0.00658158969497
0.00209775005053
0.0139628038825
0.00314393472201
0.00172105486955
0.00106253772344
0.0149200034296
0.00736715654928
0.946930080645
0.0760178352398
0.873993970471
0.298161740084
0.0953187171765
0.0232460645139
0.52374851358
0.0294226942483
0.35245774518
0.0432719452877
0.849652621816
0.0955672181332
0.0718917691022
0.36990968969
0.204679429198
0.00597163793043
0.375927628982
0.160155874288
0.0324151210794
0.201524786088
0.0108161835176
0.0672922001292
0.0902235766749
0.0152720143638
0.00416250295458
0.00169622385073
0.00479088801151
0.00618707426521
0.28310269802
0.994572988906
0.991595077988
0.538500787546
0.330536524173
0.0841521009405
0.0204085273841
0.0196947756094
0.0393162342159
0.00473938583752
0.0527378802607
0.0933623347124
0.00761147351929
0.782006992233
0.0022502491997
0.00167789869856
0.961775460127
0.0215276960779
0.00743100748762
0.0206267230719
0.00702359489798
0.0434090572095
0.0230105565973
0.0110219338971
0.0562413118311
0.00944355123197
0.0800211738725
0.154816405697
0.0107284824848
0.00186005040455
0.0187352610744
0.00438652749102
0.0725310390047
0.00148142387762
0.229449436461
0.00153526739864
0.0290711919759
0.08071496692
0.0411314632938
0.000687061869741
0.0540429092898
0.0548991191478
0.0357105059483
0.0696512299585
0.50116232979
0.0358220656395
0.00246310275102
0.112450239895
0.199258563783
0.981901209614
0.337211270257
0.0406265093731
0.00978281426581
0.525338944424
0.140688907838
0.0768845432419
0.00519123072865
0.00114151231826
0.228976848195
0.0128381329426
0.00208247455934
0.0700280709886
0.0360778278918
0.075510255515
0.00739084967807
0.0122484152363
0.048270535295
0.00947899016248
0.102247543914
0.0838106306478
0.0043970377269
0.0103092428948
0.0624161804966
0.0244661320009
0.0331632840194
0.00947365354937
0.00886019395815
0.016831980587
0.0338121442129
0.59769607082
0.0908797301445
0.132959809287
0.186504682643
0.0202443757747
0.00954453391349
0.0320707315296
0.0650078642827
0.0365715051372
0.533480220089
0.342033550146
0.00555268111756
0.0108185312991
0.0844774594674
0.00153147500108
0.0169132608719
0.135081792979
0.10444156063
0.191950260045
0.0479138127788
0.0189562141394
0.00747401332935
0.0278555463859
0.00488673579676
0.000274636519744
0.003536103001
0.223893647272
0.0522940912206
0.0174408705559
0.999013010993
0.981812260136
0.99711449986
0.00468755254302
0.177590575614
0.0311590737975
0.257951142633
0.323646685562
0.274039547455
0.375173482563
0.170730238411
0.828910486603
0.689574670046
0.437023006694
0.0317285949056
0.749936187132
0.937413683335
0.437166452173
0.0167882665648
0.010448777078
0.0372393790392
0.00619821457693
0.041506610068
0.807498486691
0.386988591894
0.0127688496592
0.026743210858
0.202692119091
0.00393169891961
0.00312117622113
0.123564929716
0.0460668975397
0.0265743500155
0.1013401781
0.0393713129183
0.362036382281
0.0427832614799
0.406985983656
0.0214119904752
0.0535565190655
0.0248197340528
0.0031866750234
0.176356026531
0.565921240275
0.0122691627267
0.0853232270185
0.593000456438
0.0205757058164
0.992787116989
0.556595984159
0.0973943769054
0.831953637261
0.027814063284
0.63289636075
0.964263113695
0.216933239202
0.00598072496872
0.674131730691
0.0318385877505
0.557961556428
0.0784761891047
0.100044034061
0.0411321214684
0.0232061162433
0.040156526872
0.081667877967
0.0492181993434
0.103036036403
0.044499413766
0.00310371873292
0.0150099387583
0.0997696787712
0.131405216347
0.032344641724
0.0236530610014
0.0030579542085
0.108821053867
0.259933347726
0.230718994618
0.0236868236725
0.290981582681
0.271050276592
0.010922318105
0.00464774294361
0.796755945289
0.0830409206086
0.279779881154
0.189426047579
0.167416846354
0.0243376343033
0.462912312016
0.0187520172209
0.0155034028191
0.00710944261989
0.052752448028
0.0109892847974
0.0186182604582
0.00540321948538
0.251040143053
0.0417981263158
0.317666055666
0.685015587985
0.0461064535531
0.0442945018633
0.108742215398
0.0456249445334
0.0510543419813
0.0945418249965
0.00755938930216
0.0281107839964
0.0198628039084
0.91184833662
0.180734323024
0.195935042781
0.802169362525
0.668038947889
0.175754451641
0.819738250442
0.126775795723
0.0382348178937
0.859259525298
0.485275588011
0.442105607838
0.00558353688187
0.0252484588382
0.0638648428225
0.0450143605468
0.0020865524036
0.0327220929144
0.47658435593
0.270619396624
0.00580298333921
0.947935397155
0.312977386563
0.236996486831
0.281621125091
0.0110617281143
0.192258690438
0.0477288873918
0.300275382592
0.049151241198
0.322672785918
0.0375607154976
0.168292808759
0.100376995546
0.739522167533
0.621674695578
0.0554987931128
0.0436464346773
0.0997886679391
0.11224573025
0.0206109753947
0.0424582457964
0.146063190735
0.0864427465458
0.0158129743445
0.0667161540257
0.294128514061
0.00610222547457
0.0593149284116
0.694155994862
0.00258753661018
0.00421201646397
0.0317848997027
0.16964736626
0.204689901916
0.148738871362
0.0359200119941
0.355932150703
0.100252235633
0.139494097263
0.961365234148
0.0893546480734
0.0515247199124
0.00334683959561
0.0178828112671
0.019773621655
0.111862618857
0.112995251083
0.168689822977
0.206401637178
0.218631128384
0.079758374543
0.056587113152
0.0617961481144
0.16952870471
0.173049824577
0.00833445621098
0.0347541470221
0.183582534961
0.104608773514
0.0103474042711
0.0842058047515
0.0308409234765
0.0138299400435
0.0246021150781
0.239301941905
0.0297297628017
0.00340494405083
0.0606994669095
0.0353557898136
0.0522731131071
0.0335727704978
0.42996044475
0.00572946764457
0.0694801510796
0.959850888165
0.188750836919
0.0573855294246
0.229442157254
0.0158142500777
0.00879689653434
0.00659184394844
0.0959542614167
0.077297812701
0.00275339127513
0.838126778278
0.0250356504435
0.0227307248655
0.00772516054217
0.0330490635158
0.0167011091967
0.126244186718
0.0281397766724
0.304289785928
0.73710184307
0.0165277521758
0.445396424173
0.0628453395591
0.0570664963115
0.0370286124204
0.0282155326131
0.11401576389
0.0027207619861
0.130568185292
0.00935961098561
0.177995943431
0.89748694693
0.00289922864614
0.145094155342
0.61329211385
0.00847245177999
0.933250436911
0.172251390281
0.164349562522
0.0322736636494
0.0411423032843
0.00672692782105
0.246338514479
0.0161906581031
0.0209603985338
0.0321155598695
0.0104939468601
0.00944462980149
0.00826035780428
0.0337253233074
0.107111337778
0.0038690488615
0.0111972819373
0.340385081047
0.0869392772682
0.729320094679
0.0737390566536
0.0211407086298
0.0230175144645
0.0665712248405
0.0200423638061
0.297155878162
0.00616192557224
0.0300838016875
0.0182261258005
0.109478801601
0.0155614820298
0.0239599654239
0.00737533528648
0.031728920423
0.00830893407067
0.0560203937274
0.271440554623
0.819868305873
0.0198777415414
0.10588951826
0.0514637071004
0.0200273632927
0.00407041224027
0.00470094395477
0.052075215763
0.193270409541
0.000647698477046
0.13408739995
0.594932612573
0.199115053434
0.0992812425756
0.00317797842943
0.00561816504541
0.432735570082
0.0372294694557
0.0357520279146
0.141135658044
0.0607191140511
0.0836197913125
0.115512385219
0.0119907726805
0.0445751197946
0.0576931584748
0.0212706562787
0.0045605448603
0.0798219322831
0.0402326349323
0.130928236876
0.216127967294
0.554401753537
0.0260264926579
0.0922616194861
0.415676053944
0.0724411692255
0.0356102427394
0.0202460812287
0.0177257274547
0.14132598898
0.00253033749764
0.0370472949882
0.100537228095
0.00463377800883
0.0277466226764
0.00549398156615
0.00209520807179
0.0316428698254
0.000887957367231
0.0477329589691
0.0681639634605
0.0366380443658
0.00577144002171
0.0339680991195
0.292689827009
0.343523921726
0.0196504318946
0.00700080281785
0.015184621173
0.00338365432139
0.0275369535583
0.0118753405992
0.0149457677131
0.0595020597628
0.214112508648
0.0151635032735
0.0908188975107
0.0287088505248
0.0913421482185
0.00911865282718
0.0580672173075
0.249467877489
0.138383022574
0.342620031199
0.00258233472084
0.556352464018
0.00306319144214
0.0841007804721
0.381659994864
0.210229377558
0.0122438467091
0.0809589839965
0.208996574933
0.123832009175
0.0441721376616
0.0565006606642
0.00260250291329
0.00859018245078
0.0060165773037
0.0265096548081
0.0163735585147
0.412989415764
0.061569354464
0.00238950610831
0.0265776491033
0.013591341932
0.00281854750345
0.0048952561037
0.0143491916967
0.059553766945
0.471850428364
0.125195032454
0.00811213013469
0.441366311881
0.00928769027779
0.777221368437
0.141399513281
0.718540781759
0.120110307662
0.149087943333
0.0562024041973
0.492981102146
0.201348785738
0.00835378403114
0.0123023210189
0.00267547030301
0.00413554798798
0.256891690238
0.0132103220691
0.043700438049
0.122476971394
0.554915808567
0.006398492314
0.0208717067921
0.116353958962
0.00466746509377
0.0212107239983
0.0120876911001
0.00217690202902
0.0303505491228
0.0608171112293
0.809301211477
0.0104709028122
0.022364626981
0.0935400976014
0.11976408248
0.013937197323
0.006659496056
0.0126505087027
0.114309790287
0.235427431426
0.0480315092825
0.0971703674814
0.10609695338
0.0057382257073
0.00727366738424
0.0169077898063
0.0359500102994
0.0101026325166
0.00153570206711
0.00501265847422
0.544491496344
0.00609483816009
0.0250674620044
0.0181632873029
0.00469736479107
0.0266659217079
0.416303634526
0.0947150875949
0.00648108536851
0.445713486933
0.00635390627445
0.00188011393137
0.0177931289773
0.107600276007
0.0498882074986
0.065911085619
0.0346011430858
0.118247154388
0.0350710626131
0.00390827569638
0.0596971539127
0.00741254299342
0.00124475347167
0.233030251355
0.00465263771064
0.298654017639
0.0542323791322
0.011526622299
0.00377069608211
0.013087001554
0.00207321852128
0.0246623226215
0.03139025209
0.0235328973523
0.0276240378346
0.000864401650136
0.0126503150563
0.00326063979066
0.033316742715
0.0143802630756
0.00307364741699
0.0834056863047
0.00434650675084
0.00460158898659
0.042245399696
0.461182519238
0.0203326349007
0.0549404220328
0.051333375845
0.102905990311
0.00456982858348
0.0190410344336
0.195148323031
0.032198322016
0.0972077557316
0.0745964724111
0.000994822215075
0.0234399602351
0.0147855515437
0.0318163662508
0.429940879062
0.315682870969
0.150992006496
0.00644622705332
0.00790437384288
0.0379352460648
0.0363794737279
0.0486919183631
0.0630290917022
0.0125164226146
0.0665006976726
0.730943226746
0.300779370047
0.00536482615149
0.0432735971114
0.0327264307543
0.060099934099
0.00914524206321
0.00686837466291
0.00681142313396
0.206568692933
0.100417267103
0.372096797515
0.0550223033983
0.0205656487226
0.134016943904
0.031959294434
0.0761868718503
0.452659786928
0.18157973979
0.133348967635
0.0222748488119
0.0132730650742
0.0984055005383
0.116166848771
0.0172862290297
0.0217572952704
0.00166572539745
0.162333697875
0.0106513601389
0.0143791759543
0.526603848854
0.00340528878026
0.0248930745857
0.0203093670362
0.0132564328898
0.039025547358
0.00969481081069
0.0896571085979
0.144447229914
0.0179835786166
0.0302904630196
0.0138887188237
0.0334059329825
0.0332948313313
0.014533700544
0.0265729161972
0.0618249542943
0.222649488224
0.134807017036
0.00472014468536
0.0167307733143
0.0222459650322
0.0267423919041
0.00966685684772
0.002743234796
0.0107656077289
0.029014873933
0.0346322245482
0.00183418460506
0.00342519990659
0.00507002545845
0.00359174446019
0.109174077431
0.0045702756708
0.00168847728433
0.011340490613
0.0100986322845
0.496453143018
0.0150848507338
0.00939237530041
0.00656040986652
0.15682812961
0.0107479710021
0.0133950811481
0.00593988303161
0.0272831620351
0.0653419235062
0.536209998776
0.0190402107142
0.0164420848419
0.0040754968109
0.084023286547
0.0219262248307
0.0173628937598
0.0518333780145
0.0289209070889
0.112812211362
0.111997970625
0.0500721501771
0.0137475345795
0.377194762168
0.000914261712334
0.00823811273572
0.0311885398848
0.0705965610534
0.00186365543412
0.000785398223875
0.00173589525017
0.0725134477594
0.0442708657066
0.00256399637042
0.0322649021617
0.0130283668738
0.0659898368242
0.0784631313399
0.00963046769695
0.0149693791919
0.00851118795986
0.0427876930536
0.0175712188358
0.00152719910289
0.0116583668387
0.0241677981703
0.0832752724082
0.0108244718578
0.000964679533655
0.0491761402512
0.0236819614221
0.0151358190602
0.0152382374621
0.011516682834
0.0850698679296
0.116982349398
0.0192640786039
0.0732257708519
0.0229633945421
0.00306557383588
0.0437064376967
0.167537899783
0.0258348054017
0.00267462280756
0.0121227879585
0.0393301942774
0.0663715830172
0.0996362342947
0.00311207501501
0.00232737055994
0.00816343753819
0.00799746339015
0.0327015677289
0.0207758870406
0.0124639932846
0.00316579018911
0.0340462519108
0.0417809404821
0.00486197509991
0.0391074176908
0.00841118586953
0.0307749905882
0.0765510791861
0.0226373645555
0.324438627701
0.0405209706523
0.0016191903358
0.207782986696
0.140145369492
0.583528754665
0.00190186664033
0.0523920455272
0.411738045424
0.228911971542
0.0185454193255
0.0469347502263
0.312649170778
0.00977588552046
0.0349550016647
0.019988882978
0.387627005826
0.146157813686
0.536811864169
0.000997986839043
0.00871190150427
0.00541737434875
0.0411314616486
0.158784968742
0.0113709236967
0.142032149379
0.00884456797968
0.0720890571592
0.342125816063
0.00421445370002
0.237086614486
0.0128345282098
0.0446590575797
0.0573132232492
0.131085832203
0.030417681782
0.0460377609815
0.114323711193
0.383214807141
0.0108900886049
0.0600305086312
0.077361211072
0.0137985235773
0.0196657841248
0.11813721999
0.162227523612
0.00257503424794
0.0206108639847
0.0575615354122
0.00467260971515
0.0133076725402
0.832648920906
0.0488725982266
0.018671771833
0.0462248578837
0.00504155741074
0.0102840469601
0.00430024455544
0.0373476646771
0.020521102278
0.00407787237821
0.00963104209366
0.00109729895953
0.0249520843969
0.0996655728712
0.204204600121
0.013478870399
0.0819808487139
0.0357281003418
0.0585860800703
0.0180406745816
0.0278398677243
0.0256019269956
0.0129894918941
0.0458727618904
0.00104674112252
0.00856290549624
0.0198151552871
0.0973583282224
0.0447879990278
0.0185854782761
0.00958544700875
0.00111151496976
0.00448082270014
0.00437100771354
0.0102620978977
0.0238194716849
0.02727124252
0.00923657066494
0.00342335804612
0.00201875335136
0.423861383762
0.0029120780623
0.323677051124
0.285308126729
0.0261758369061
0.0137784043554
0.00284503035877
0.00216880696747
0.0134216671751
0.00546914595599
0.0303669372358
0.00641953266062
0.21753852361
0.0141624812665
0.0132487495312
0.00367842176806
0.0484323638362
0.20029366037
0.0205695894923
0.0431665894852
0.0098116937579
0.193862865355
0.318104121884
0.362067724048
0.298516637607
0.0270285984919
0.00297289409466
0.00955446252418
0.0252134620508
0.027890790633
0.812461525333
0.0751090974345
0.0794366722966
0.00602177276395
0.0153616740408
0.0230221588061
0.0281061243273
0.000806648088243
0.00705592801217
0.00714263655943
0.00603523894153
0.0680547661205
0.0111868139442
0.291119853954
0.0791675099226
0.0105891153378
0.00643070640839
0.161350925143
0.0195720321166
0.0402052211582
0.0511819837451
0.198995704979
0.0663455127249
0.23523066964
0.037512603775
0.0096299003053
0.00851240471395
0.0116417484594
0.00714175874484
0.0133877332355
0.00406137478962
0.00812209897945
0.00253226043998
0.00694409395974
0.0212871313698
0.00836767897994
0.11151522852
0.00660702351858
0.00708698425674
0.00257217367909
0.0519613991571
0.00766889117695
0.0462534328027
0.00133491763379
0.063119370461
0.0160136835921
0.0133588489352
0.745876962794
0.415482069945
0.488637135094
0.00060676734505
0.0212673521058
0.0117644726176
0.00566024608645
0.00862765439395
0.0276729438602
0.0570376916785
0.0677540498531
0.143184922937
0.08125702066
0.004700312634
0.00841379338537
0.0129032841611
0.00501326365326
0.0209089329477
0.0276904013113
0.0168644155184
0.00483116058038
0.0249172682309
0.00187700200464
0.00479213903957
0.00309674131551
0.00675391612768
0.113006217574
0.527407478787
0.0248358147554
0.00208942750326
0.00927877311489
0.0824480942247
0.0129038983753
0.0205226396089
0.0198459576998
0.0988628287549
0.0445295519879
0.773490787625
0.604356376881
0.00675321895594
0.195166576851
0.0246588201419
0.680550285863
0.214701683387
0.0212021403135
0.186839738483
0.00751180917363
0.0454558170085
0.00573935660185
0.00234761038892
0.00960558588996
0.0175756793617
0.150757600911
0.0394571315098
0.00791009791224
0.0528443279916
0.0142851587433
0.0232479730614
0.0136263640952
0.106669051419
0.204111973577
0.00274727909751
0.00307461015428
0.00385395231722
0.341642280079
0.392295728473
0.0587454116632
0.00518656602103
0.00105327311606
0.0340439625671
0.010736553603
0.0249074414182
0.0126162522766
0.023989311775
0.0113737536816
0.109562913083
0.110755427444
0.06675639177
0.000952345490387
0.0157638953951
0.0221125924653
0.0527199836849
0.0693329026764
0.504479505249
0.00443838714043
0.00214987592648
0.185155523234
0.0483541653335
0.0179073106831
0.0408339574172
0.0132893094573
0.0260598860427
0.0338472179644
0.00510369009338
0.00739583213905
0.106788105359
0.00300729789681
0.0162993698373
0.00265799133127
0.401308314466
0.0339634269428
0.0536237529117
0.00102077065652
0.00354612319048
0.00353525941556
0.263213215011
0.0460462497863
0.0273482933875
0.0525138086475
0.15672700313
0.0432468249291
0.0179800772817
0.00253635296881
0.044001742198
0.048020585491
0.0677276959754
0.00639168629093
0.0286525711637
0.0242086399279
0.0634146491209
0.0533450878637
0.00558659269303
0.028663534316
0.0228480132665
0.00440614283111
0.108825282232
0.0197397427788
0.0290622709403
0.00774506789604
0.00550307517079
0.00239493041269
0.0510184087959
0.0997923071074
0.0174957376715
0.0161389701714
0.230143503026
0.00336565368646
0.0295675797885
0.0189682527576
0.0381132740939
0.00682403567366
0.00535125332068
0.00417709635674
0.00897331820217
0.0240018146595
0.0317936206894
0.00787432323635
0.0145359546798
0.00809079499817
0.00952741927136
0.22464375427
0.0365791719862
0.219821429187
0.00853435240441
0.0947511305868
0.677655272402
0.00646264911787
0.0118680261887
0.024757066112
0.0856252531344
0.000328259707568
0.0153139047089
0.0184703660189
0.00369302652579
0.0103562050767
0.00280151791596
0.00480748843923
0.114944694651
0.0586472413459
0.18392732634
0.00473839110118
0.0188489982487
0.00426295641195
0.0170745584944
0.00256597465053
0.00348847821655
0.0139989448172
0.259663237389
0.123598654337
0.00960000043313
0.0165302540565
0.0412741961021
0.0029075278524
0.00472802526066
0.00793430449488
0.00595193070577
0.013527811962
0.00129746713453
0.00073379402771
0.000744135370224
0.0259762976168
0.00291294735747
0.0401178974371
0.00271522761159
0.00416875050964
0.0568163825865
0.0251481612824
0.0442416170369
0.0125584785939
0.0148853106733
0.116948950709
0.023983006743
0.190449007535
0.00627343387827
0.0134331074331
0.0427853002818
0.0293553995811
0.0276898851261
0.0555860618871
0.0112395714956
0.0112272722036
0.00385005235176
0.0151077136422
0.0136178464907
0.000578879248601
0.000717122522135
0.140271680735
0.00555942409229
0.0031801648774
0.0298022955254
0.00157895706602
0.146342202511
0.171239288391
0.33591667514
0.128559726846
0.126079533133
0.215975849896
0.00166306565201
0.0108803807775
0.0104852936514
0.450160024651
0.00141188961612
0.0221393384696
0.00618193882279
0.0135814539946
0.0280798313003
0.00758331878978
0.0166466575167
0.0808588566239
0.0274978292997
0.00728769117879
0.0203593813239
0.0833426610282
0.0466507054422
0.0183102880711
0.0949143171757
0.0109429860234
0.811953693128
0.136189754544
0.00200757908531
0.219091415051
0.0109871089566
0.0919941563149
0.0179970683189
0.0457297280738
0.0402610009395
0.0143913439422
0.0478419225998
0.200967220388
0.0197966925654
0.00939009695929
0.0488029963856
0.00591763288391
0.24074895708
0.00232891065876
0.060872078285
0.00309554484174
0.00744198187349
0.032289016466
0.0660192497805
0.0158153078163
0.00335819424083
0.00546521778597
0.0505783512447
0.00512230531099
0.00501639706689
0.00222116978454
0.000934381814918
0.0484288692224
0.0612357454844
0.00934934644529
0.0478336485881
0.0117371106727
0.174628127413
0.299308347314
0.127436124835
0.00913614805773
0.00535504717065
0.362159074969
0.00436138302986
0.0181049857168
0.0260799621812
0.00483801848392
0.0096796162785
0.013073874993
0.00443722767178
0.022563646138
0.0117867395667
0.0131270271826
0.0133204016737
0.0189751352781
0.0300239834172
0.057923546473
0.0401309665068
0.0225277399701
0.469267378271
0.118097563786
0.0868480178484
0.00490349698594
0.00681224447262
0.00478536197127
0.199390481768
0.0241410392739
0.00980886477282
0.0140300921707
0.107088719494
0.0119714307098
0.0021762021769
0.00693966508466
0.149638233289
0.0948517129621
0.0023597492802
0.169085178978
0.0684684967121
0.00132890363132
0.0146960704936
0.00671369941713
0.0130957138721
0.0141024363096
0.118352501593
0.0178484189521
0.0201009608675
0.00442148071433
0.00713922148242
0.0219935076162
0.00996475082454
0.136969234772
0.0514424793019
0.0249810544001
0.00194493923139
0.00668635216172
0.00248415738136
0.0772428865499
0.00368922102134
0.00375972742921
0.0309203199425
0.0176560874023
0.105085155063
0.0365933685863
0.00480733721131
0.0116746164769
0.0587664753139
0.0397165293455
0.0617627118046
0.0265820099088
0.00394913492662
0.00353649631064
0.0198552175274
0.00116398231088
0.0146099499387
0.00336215204446
0.0136347656454
0.0205966894892
0.024007193563
0.0294718692761
0.0863566529479
0.0586929945808
0.0950377339622
0.0170329435844
0.0129184878637
0.0427593835063
0.00728191098904
0.0209147658056
0.00224135796572
0.0110535801513
0.0480191264834
0.0207469151002
0.0607610670645
0.0533206161982
0.00193008452418
0.0186456758139
0.0101984994579
0.00177952942898
0.0745110856992
0.0378352460173
0.0153647082205
0.0353745884031
0.019715631554
0.029105645043
0.0275500963721
0.00566749971859
0.0106726622148
0.0614701103685
0.0109391514539
0.00643598886237
0.0424544926076
0.0258659093116
0.00668431944686
0.0701903510672
0.0092758936296
0.755375662492
0.0612762181355
0.0122044708168
0.0208942771895
0.142188014675
0.00705802979725
0.769707106116
0.071130568343
0.0290880776274
0.00587477063157
0.269312814091
0.0232616708486
0.124521945484
0.00798337370411
0.010441138966
0.0289253992954
0.0211132397711
0.00444493913193
0.0021111357064
0.0511045116129
0.0115429311747
0.00579446237606
0.0271045483099
0.152801955223
0.0575034205801
0.0418248757724
0.00261651436964
0.0129158789942
0.00955474749381
0.00490308444881
0.0160671176059
0.0159325282249
0.013390050816
0.00671849549385
0.0736900833534
0.0499863306437
0.0253319439732
0.0689776607938
0.0560904996057
0.00797066121594
0.000907479247694
0.00510999974398
0.317273332168
0.00373825173315
0.0297337915591
0.00347751714043
0.00859432491923
0.591634322499
0.0174482454582
0.0800461755392
0.0693670121075
0.0720290582112
0.00471871603482
0.0378985609929
0.0058201051196
0.0462112046938
0.00855571749223
0.0495123305788
0.0263014302749
0.0869990793997
0.0490898093556
0.139384343756
0.0549519752236
0.0816265177297
0.253430419209
0.00789098997928
0.00138577016608
0.0204176434646
0.00471755239722
0.21173715844
0.0202950149032
0.0272497118175
0.0185845157407
0.391949358511
0.0129679876471
0.00223862675027
0.361803204291
0.172445957206
0.0320432005716
0.127913763885
0.527493720323
0.00203818465932
0.0188402365205
0.00730378142647
0.00266701346409
0.0469406690184
0.00373785561822
0.0582616400169
0.0175602425707
0.0143925061276
0.0224633440467
0.0719135466757
0.00409971123894
0.00951143198045
0.797022454709
0.000762686886508
0.0362919746042
0.170448014294
0.17719496748
0.160598480406
0.432397225671
0.129456609933
0.0120109311958
0.0190831435047
0.0299636010896
0.00512072273077
0.00370157742059
0.192512644552
0.114992456253
0.00122714317977
0.0300390048362
0.00324820979415
0.00081880672289
0.00480288378684
0.00342722960586
0.0124480865545
0.00474692673155
0.0189920518762
0.00438930982804
0.0554894631449
0.0191055524351
0.0273643026556
0.0117122965729
0.00127352811439
0.0315047620127
0.152911758279
0.003696556989
0.00108120445508
0.0213071707082
0.162886206511
0.0176823747473
0.00603825217523
0.173377244379
0.382130397992
0.403238286982
0.00404846458814
0.00688713135603
0.0768061820736
0.0391118359839
0.00600289328567
0.157534000584
0.123059570255
0.00652400632993
0.0162663151694
0.268437155712
0.0434014057098
0.0118257602278
0.154801044471
0.106307649287
0.0175693834985
0.035072071755
0.0488137114517
0.0117589300638
0.0767299533286
0.0106020668493
0.0124322537821
0.00966428497774
0.00704932834196
0.0504188688428
0.00480858134953
0.0018571797581
0.00911730643572
0.020119525878
0.0183858437548
0.00860437593864
0.00488901126391
0.0391729036479
0.040540521707
0.0285289509888
0.00268973369453
0.00874538625361
0.00625637932946
0.0193750065466
0.004009389615
0.0401500833078
0.0750654814863
0.0254198533701
0.00750970306773
0.114995370594
0.00499251502343
0.118430788114
0.0801601627431
0.00201243406551
0.00172396317181
0.0210158443983
0.0214794932337
0.0296941733365
0.118657164498
0.0324102890196
0.0117653420107
0.0477328115238
0.0266724183658
0.0273719454115
0.00550171732862
0.290982312944
0.0591354022548
0.495917604486
0.005307452233
0.0369895538792
0.0187263123648
0.0290284781282
0.0485113258606
0.0132706032787
0.0617821149362
0.0115924202207
0.00105004356273
0.0203183758735
0.0035183123504
0.0996587049947
0.200452519791
0.0213886607071
0.0886013646425
0.0226022078049
0.0662292368563
0.0422051667761
0.00162512777795
0.0230387198767
0.00511034324271
0.0157036637211
0.0156591097487
0.00443221645465
0.136755092543
0.0329429223177
0.0425969157099
0.00342785180113
0.0748214165783
0.630588267591
0.0501399980821
0.031285087956
0.0835749049155
0.0616419441227
0.20558812392
0.293712876568
0.0459681587637
0.257740460433
0.000836669875496
0.00103777653347
0.002882064819
0.00718534285356
0.130118318838
0.00598683907222
0.0023134791402
0.0137066983354
0.00746136492909
0.00397895023991
0.000449653556783
0.0325569706341
0.0144242729214
0.00524854270376
0.00290953588134
0.0351460027316
0.0709458604553
0.0506722072681
0.0119049824519
0.0235786788515
0.00576369505479
0.0982625533205
0.0347913813898
0.142012945596
0.00302039339132
0.0127326948284
0.142843337785
0.0127028556439
0.0234804359778
0.287074077317
0.109913122777
0.00539669801747
0.0211719687457
0.00299015190673
0.00108223473365
0.0399154131697
0.00374486637045
0.0373025686548
0.0170535193838
0.0238522786793
0.0147324834077
0.0260200784131
0.471912526313
0.0373170119311
0.0108347081752
0.00690712285342
0.00133699604084
0.00251107304071
0.046755709286
0.0182910250716
0.0109789382119
0.0193858319
0.0116669072473
0.00292376042912
0.0177159508994
0.0171208363169
0.0140211216691
0.0393780807559
0.0404410800806
0.0203347488096
0.018316255783
0.0432850976963
0.0918010301648
0.0787466648815
0.0412157146771
0.0394257082595
0.272630199408
0.0117004026605
0.0282612025606
0.00737350552283
0.0725694801381
0.192842408469
0.293672258706
0.0557552890346
0.0106317807469
0.0227587430316
0.00588652565043
0.00972724829774
0.0108060869559
0.39429893846
0.0213022825418
0.0107249504039
0.479908933849
0.169367817226
0.00616533225044
0.0224877272767
0.235782142187
0.0365700293239
0.011549188701
0.00608004370231
0.0053017007354
0.0898764582094
0.233724376712
0.00311473587768
0.163512243472
0.0477445546961
0.1975102267
0.00377675305776
0.0449591166337
0.0711855904676
0.0428358089749
0.067245880749
0.0131473213417
0.0874270953871
0.457082565989
0.0163328274547
0.133388022683
0.0109584601478
0.00518628570565
0.158535494245
0.00205873149483
0.0184038122016
0.153507175169
0.000752921316712
0.000957312102915
0.00320147240077
0.0836263651934
0.00209556347163
0.0162020972813
0.0702947507443
0.0212073217769
0.0238729282323
0.0127037109319
0.00263650123187
0.00259442056512
0.00916289983192
0.0053276174554
0.0683619630619
0.00708278446355
0.00993930032587
0.0700292319474
0.0227405140122
0.00551508329668
0.0147815101946
0.0412410736202
0.00661582246932
0.0353346288799
0.0205362184364
0.0667587012171
0.00346050595589
0.0385950386645
0.00495155582988
0.00490657234394
0.240546658765
0.0342012209581
0.0476105607711
0.0721819223424
0.145960706425
0.0169669683593
0.00870598017817
0.0461808432124
0.0167426181559
0.00242345061104
0.0809975893308
0.015223300392
0.0039278933084
0.00291434489314
0.0169720397363
0.0373859574381
0.00154753649642
0.00741103862489
0.0403768635808
0.00640764054241
0.00275228431902
0.00666266621604
0.159063024343
0.0504196552145
0.0180648005632
0.0149151371446
0.0010158246718
0.00108980747615
0.020800287348
0.0199801318713
0.0133946899308
0.00947628819675
0.104931909403
0.00165979168587
0.00725771890376
0.011498559903
0.0130504502699
0.00426792102735
0.0277995533359
0.00982755827531
0.0156998751811
0.00411170033599
0.0215348846869
0.0173118132145
0.0249063435072
0.00190331290331
0.0725200253412
0.529522594155
0.318312134108
0.104442314643
0.0829191685093
0.0401226192956
0.151065647527
0.0142937407284
0.00316398850183
0.00117501226372
0.0157515313047
0.410657340736
0.0293143270332
0.0971362610742
0.22310820854
0.0926327972412
0.00862604224173
0.0454309110519
0.0221434029751
0.0124398117453
0.0743199562238
0.121762651421
0.0035848872565
0.264925421572
0.0773946439309
0.0618276973463
0.036490481043
0.00662013920815
0.132408194654
0.0668400384635
0.00406917368481
0.0281783953438
0.057434353257
0.00497683762317
0.042135736857
0.0210201353046
0.101030097763
0.135305058301
0.0156324971266
0.374983008329
0.0435611320581
0.0689772824673
0.049898758962
0.0495053499669
0.150524240413
0.0399899939776
0.0467681909664
0.00119946293757
0.0438853313239
0.119231752347
0.557816131898
0.00939047493066
0.34572430664
0.551033891001
0.0451171645226
0.387137288992
0.0238290448112
0.0433102300332
0.0294122639564
0.11893526248
0.068408254017
0.0210958258126
0.0125429655668
0.00259762554309
0.0752259846614
0.345715043221
0.0937059143682
0.0384751779669
0.0377289496672
0.0351350747304
0.0294665655841
0.0250528171139
0.53759939354
0.0416641425711
0.0674251336264
0.0697964748507
0.0152859004113
0.0025560665805
0.0155363566836
0.00856498140024
0.0290219500203
0.0139252077331
0.46185414284
0.750450769784
0.295933905225
0.507291345923
0.233127604611
0.973892401746
0.834349677361
0.267031492893
0.322826442832
0.839841338487
0.974243444318
0.846760484684
0.484226937966
0.641387818589
0.83783098756
0.143672097703
0.177158459309
0.991154539453
0.74163752234
0.295098590265
0.603514690315
0.444052499283
0.760880093707
0.221943272091
0.373854496167
0.595676036314
0.0731029053576
0.109289899222
0.0485330423222
0.0606901775324
0.599784406153
0.0470970126188
0.998103212409
0.998958522743
0.998544400987
0.0653975772741
0.0134781432465
0.878792976295
0.211446485215
0.979716643842
0.624574845975
0.99874441707
0.141655048944
0.127808722828
0.990433008732
0.892059397809
0.836034747917
0.746656332372
0.687783058155
0.10221741361
0.300386779563
0.329149908882
0.527311721357
0.0687451080877
0.979564481038
0.942371417475
0.0964777698264
0.612721394892
0.97986855572
0.155142650569
0.191178255451
0.442780612749
0.198403329874
0.340955558307
0.829396364261
0.960891300869
0.496600417505
0.0147764984382
0.15407519957
0.0320485182078
0.309055881981
0.987621275966
0.999035334619
0.225181153992
0.975110855192
0.568855751562
0.485596390196
0.979623382158
0.69388783962
0.858138973205
0.31155658311
0.926788377092
0.995907308935
0.0282807729492
0.479667811908
0.767890469838
0.728599532252
0.111618579927
0.0268463215011
0.0242916314047
0.0807050780953
0.0161247844745
0.00170042725273
0.998147317266
0.296932057695
0.670098460189
0.125217339968
0.827844904896
0.957438792546
0.340408212422
0.370416510689
0.433732816354
0.985896008265
0.990543329546
0.995792481514
0.994348915821
0.639041756062
0.183858362288
0.840259612455
0.94585948849
0.953937697809
0.998592591065
0.233840495206
0.718525721028
0.914347228778
0.51668755157
0.0826414798642
0.563812597001
0.955298720252
0.349311508963
0.897624642679
0.960373925501
0.969013765558
0.970456844534
0.175449545075
0.0136491208498
0.109095803191
0.814818233824
0.0172881824695
0.0197472061942
0.0243477657863
0.0195182607996
0.037250986889
0.0337171069572
0.089153258304
0.131184070801
0.280460230769
0.46283803805
0.127999632507
0.984902990692
0.984977324307
0.544478061579
0.305330407998
0.692162828865
0.506104202308
0.0892048054329
0.132143668998
0.0611149671859
0.307467391938
0.886941443207
0.480261660326
0.0168027547123
0.0174085167502
0.510495809135
0.135133446807
0.814227742466
0.62668094527
0.58134113734
0.0120604800595
0.765602101516
0.0206173530349
0.748285394255
0.646597597151
0.0856882009819
0.0467542447843
0.80171628663
0.589104783677
0.486386293039
0.71569308211
0.874450976527
0.841536345126
0.985330829062
0.978250845329
0.605137650083
0.811597711034
0.0259121625445
0.872394656691
0.234858335796
0.918120374832
0.529259985744
0.246397868408
0.0419351320109
0.207108552927
0.0338956398172
0.88709136088
0.328497085384
0.611094798678
0.121244211113
0.0808602214481
0.808209065941
0.888619151373
0.948105978238
0.143302566995
0.545877712806
0.947332640915
0.130483219793
0.384858733333
0.14110413878
0.00980812047468
0.0894519129909
0.573602924365
0.02396586856
0.97215197789
0.999002895312
0.0518193992286
0.989664452686
0.203216585111
0.109752909673
0.805456538772
0.664320739452
0.875476158798
0.615676487667
0.0489103258298
0.209653552358
0.619746076614
0.730985279348
0.00268535744626
0.0879350911144
0.665293679473
0.103678347085
0.993910669405
0.977944640958
0.901876035535
0.225124824254
0.0244413247964
0.973221022706
0.977518155283
0.345749856022
0.712881558327
0.684707044337
0.389173488967
0.989167956969
0.923116736351
0.58483161215
0.00994801406023
0.459548651064
0.994447685929
0.552661669198
0.514303283798
0.489593891774
0.501228839413
0.537745944678
0.749845197229
0.68824951526
0.505871857301
0.850546762214
0.878770891668
0.854750804364
0.813694334677
0.966358551705
0.966557976624
0.964945353318
0.598906917517
0.983243920953
0.80941076153
0.245169153929
0.994983360101
0.577328164294
0.790464159129
0.873364772342
0.679669532421
0.792795024078
0.42201267144
0.139467473617
0.095366353076
0.705735655858
0.00394901697704
0.676176833304
0.699136018077
0.997971530541
0.962404026679
0.190499359287
0.430713259183
0.145767858397
0.929914048582
0.871823071316
0.895251248781
0.0733051558497
0.627881140599
0.304606157195
0.530363567125
0.448765581111
0.258585551212
0.00884419035672
0.995495646985
0.978932445541
0.976669661452
0.856944516264
0.0617411646526
0.21568264311
0.272868613321
0.713743331743
0.574588477556
0.189190280938
0.975483345447
0.999577833689
0.989613334767
0.0658078369941
0.70691046648
0.301482743883
0.810771491432
0.989364381177
0.966270160813
0.666881615157
0.592104171984
0.662523689583
0.82852836212
0.914212723171
0.978600393421
0.986374610598
0.999602855056
0.980081769466
0.884453322923
0.448424272421
0.541177343816
0.98821601157
0.836721508189
0.171001582522
0.966196046177
0.978768072633
0.990477235475
0.0818825901703
0.587908067858
0.764467583798
0.0234511845482
0.990227289065
0.968657423215
0.992595583873
0.994747014847
0.671951729151
0.106876535733
0.916096409629
0.035438717516
0.464129508279
0.234362419628
0.993096787908
0.0123120831252
0.288393398183
0.20139713616
0.134333653564
0.540223037285
0.224910862399
0.563474749684
0.915785375829
0.740275904597
0.646930992736
0.609333829165
0.0400008865398
0.931504517048
0.102272027986
0.245301231516
0.0724117316804
0.0675248747103
0.0165060213558
0.722371209345
0.165600150973
0.14344706334
0.276308607862
0.953560411677
0.968267467333
0.717575770083
0.902520809925
