0.127332
0.0847984
0.371796
0.189606
0.694319
0.370421
0.0226342
0.394556
0.355246
0.524847
0.0106238
0.0554043
0.210098
0.918381
0.0743418
0.68079
0.122371
0.0560267
0.460683
0.0578939
0.109787
0.159134
0.111298
0.0227034
0.355561
0.0057593
0.0670041
0.102269
0.333372
0.218043
0.954271
0.800747
0.0970227
0.226376
0.621293
0.0724405
0.934585
0.235802
0.0176391
0.518242
0.510653
0.237281
0.362324
0.104682
0.650601
0.899453
0.609433
0.416663
0.776551
0.566962
0.346836
0.0971167
0.0113587
0.541025
0.329303
0.653834
0.646918
0.645971
0.0494647
0.560611
0.327354
0.981975
0.875863
0.483335
0.0284341
0.0433905
0.0417604
0.528529
0.0758098
0.415683
0.663825
0.846792
0.702031
0.25227
0.424221
0.259989
0.0113273
0.0347169
0.943873
0.0119053
0.032026
0.155457
0.149584
0.0570785
0.525009
0.325924
0.695134
0.983647
0.137184
0.0882723
0.318189
0.0374336
0.232475
0.668291
0.313793
0.785723
0.0437054
0.160635
0.932079
0.0287798
0.150036
0.0770533
0.158508
0.0377268
0.033873
0.162895
0.917316
0.199985
0.349756
0.157173
0.846248
0.823108
0.103512
0.134407
0.577439
0.0632088
0.294439
0.0197944
0.00752881
0.0145207
0.00580214
0.608235
0.00226324
0.240667
0.475918
0.948461
0.783526
0.847452
0.96737
0.785756
0.122117
0.0559619
0.0880517
0.186859
0.267137
0.851143
0.823931
0.405716
0.462487
0.0738329
0.0779291
0.0129549
0.00468
0.886081
0.138677
0.786569
0.0264243
0.157023
0.753636
0.0964976
0.590091
0.330053
0.843625
0.561355
0.112323
0.3861
0.364257
0.301598
0.460772
0.509697
0.17683
0.512545
0.112666
0.110603
0.325458
0.0140066
0.613215
0.340608
0.857374
0.0929304
0.328397
0.588863
0.84345
0.803844
0.0425299
0.047813
0.0909379
0.188143
0.1408
0.339023
0.238059
0.347787
0.822701
0.00371638
0.175146
0.670213
0.93713
0.288436
0.0236747
0.0420446
0.246123
0.011704
0.769647
0.0545995
0.191062
0.221215
0.053196
0.155881
0.718512
0.985147
0.00504941
0.0409633
0.00295395
0.361146
0.925263
0.027367
0.144515
0.0841094
0.104879
0.0431508
0.0819883
0.0452904
0.884681
0.0124409
0.0646047
0.0150327
0.0111601
0.290947
0.14408
0.203848
0.00856154
0.942654
0.0207466
0.924273
0.104418
0.976075
0.568582
0.134758
0.753043
0.326883
0.201703
0.0720611
0.191685
0.0488539
0.44624
0.396642
0.032903
0.781471
0.0230139
0.00622112
0.0943338
0.0230708
0.0054145
0.0238283
0.459915
0.698766
0.998134
0.995603
0.668398
0.521358
0.900122
0.159841
0.0615903
0.130414
0.130589
0.216382
0.0606668
0.102744
0.0443515
0.0822416
0.568079
0.107917
0.342388
0.883623
0.635232
0.0172136
0.602305
0.10633
0.45985
0.0533736
0.410887
0.0103349
0.0122319
0.0113874
0.186443
0.0201524
0.493615
0.844573
0.0237562
0.326932
0.818019
0.376677
0.493248
0.758003
0.439402
0.74376
0.692445
0.0369528
0.0138541
0.793011
0.540668
0.243802
0.563809
0.0179403
0.0130793
0.204395
0.897968
0.0226655
0.795051
0.373024
0.107458
0.0253854
0.321054
0.0731835
0.33879
0.167772
0.0234356
0.017205
0.498951
0.914632
0.0548601
0.022263
0.480035
0.0222406
0.479015
0.0680925
0.0345655
0.0537376
0.965229
0.60603
0.820263
0.113616
0.105425
0.392737
0.0188777
0.542757
0.140086
0.0347063
0.0192322
0.979092
0.0174348
0.0197696
0.392985
0.413981
0.0466093
0.0152918
0.946947
0.795835
0.123355
0.010417
0.274065
0.547769
0.347703
0.608959
0.253857
0.680831
0.00449228
0.0267609
0.0116652
0.0286009
0.788398
0.375615
0.426613
0.0810702
0.235288
0.278775
0.00905221
0.930317
0.29365
0.681075
0.0643087
0.258516
0.946364
0.172992
0.671007
0.718968
0.282027
0.872115
0.193339
0.00673747
0.0662585
0.554976
0.70303
0.0853208
0.322057
0.382111
0.317643
0.72147
0.101702
0.255027
0.00520364
0.110634
0.273823
0.261157
0.705962
0.0528407
0.682274
0.355908
0.0931902
0.561748
0.1053
0.00369701
0.00175936
0.0164302
0.941321
0.968924
0.65063
0.0653959
0.0939315
0.331542
0.0729932
0.0359867
0.894481
0.511553
0.193424
0.941888
0.179604
0.672558
0.907105
0.242271
0.109428
0.0115415
0.593225
0.646874
0.0211824
0.376228
0.0479184
0.346305
0.619999
0.662224
0.295324
0.269858
0.469421
0.26623
0.0192821
0.00595373
0.582661
0.226487
0.979479
0.50564
0.0964143
0.159712
0.00675085
0.0183365
0.157667
0.0339419
0.805946
0.674802
0.991198
0.930703
0.0152897
0.021769
0.0512897
0.0829621
0.192618
0.124398
0.417338
0.0197067
0.288567
0.280284
0.168462
0.0067481
0.0631049
0.649849
0.868143
0.494794
0.128014
0.018961
0.280638
0.0606115
0.0570561
0.110517
0.38281
0.109967
0.834114
0.407628
0.356307
0.0618344
0.0877709
0.456177
0.198128
0.494605
0.670783
0.89285
0.906777
0.173952
0.210125
0.509152
0.0210272
0.0712548
0.0183074
0.806412
0.360419
0.0188681
0.477174
0.762004
0.0439034
0.0590908
0.00748757
0.130071
0.0274704
0.537398
0.0270504
0.0120881
0.0223929
0.454119
0.248439
0.125347
0.0153893
0.542433
0.912795
0.306645
0.0371454
0.413161
0.101639
0.158378
0.10412
0.17744
0.0745553
0.0310828
0.454154
0.0675246
0.133314
0.00456405
0.0489767
0.028195
0.275536
0.101812
0.087762
0.153619
0.735592
0.153571
0.74215
0.60161
0.0383825
0.109504
0.0969396
0.735519
0.859646
0.570287
0.072327
0.0705852
0.675099
0.765345
0.28827
0.289488
0.276282
0.156346
0.0334098
0.129749
0.141173
0.158157
0.0642629
0.260541
0.881151
0.802482
0.416619
0.0114445
0.0745548
0.352837
0.726135
0.198892
0.00976831
0.10916
0.195807
0.0500807
0.0161527
0.589527
0.783256
0.0455363
0.698564
0.109615
0.422002
0.0112197
0.0142598
0.00306124
0.297205
0.0139086
0.118286
0.176214
0.0341392
0.867197
0.00194678
0.315214
0.0717976
0.426863
0.598219
0.249186
0.0155599
0.00411667
0.0401897
0.935801
0.377902
0.150302
0.176667
0.167512
0.278287
0.0189517
0.431487
0.00730442
0.00527967
0.874327
0.0360602
0.0543441
0.320041
0.00454197
0.0619798
0.0202435
0.289344
0.295467
0.0438347
0.531945
0.154036
0.126484
0.0062795
0.166586
0.180155
0.469404
0.0289749
0.191412
0.102547
0.0446267
0.263419
0.751724
0.968589
0.694844
0.00803539
0.0153304
0.0135731
0.0035774
0.0152925
0.0370297
0.987907
0.0790874
0.907143
0.107562
0.14786
0.0302815
0.0508162
0.00215852
0.0216134
0.0962021
0.688545
0.916001
0.0949938
0.718022
0.230256
0.548541
0.571143
0.072819
0.342205
0.968589
0.548342
0.963012
0.407474
0.831215
0.289531
0.771545
0.978006
0.800587
0.859899
0.296146
0.0497878
0.909083
0.762825
0.150378
0.0417355
0.0312083
0.614578
0.47978
0.783733
0.0121571
0.561282
0.0684455
0.00513178
0.0119331
0.23838
0.469779
0.500732
0.0579741
0.106069
0.223659
0.476016
0.0450474
0.492393
0.252225
0.0120671
0.270287
0.0354868
0.210957
0.330759
0.462086
0.264072
0.171406
0.0474579
0.0345317
0.578255
0.854706
0.813249
0.439073
0.0104827
0.0652935
0.410497
0.5656
0.0498495
0.100126
0.00826863
0.0192049
0.0271482
0.292057
0.343062
0.622901
0.122857
0.0909714
0.493745
0.534207
0.0701097
0.0754618
0.768882
0.0627959
0.92072
0.020045
0.093265
0.722329
0.705883
0.899241
0.487491
0.059496
0.0814335
0.577719
0.032901
0.693935
0.00269409
0.00812626
0.101324
0.765164
0.24507
0.326972
0.162032
0.225218
0.023694
0.00553863
0.00691444
0.227855
0.106512
0.530519
0.530391
0.0859119
0.206088
0.0513043
0.355896
0.867262
0.706296
0.472779
0.78459
0.890129
0.214485
0.781382
0.669203
0.0453402
0.583463
0.10465
0.261959
0.576116
0.51579
0.00600396
0.121782
0.394618
0.0437493
0.585128
0.0315891
0.00464474
0.117668
0.255041
0.892553
0.598473
0.163529
0.228559
0.0160878
0.552747
0.114471
0.211217
0.448132
0.347933
0.126896
0.795411
0.0384944
0.23313
0.0115164
0.017815
0.0341275
0.00702321
0.187388
0.613088
0.0332472
0.0167025
0.0349518
0.149836
0.141599
0.137379
0.799248
0.40509
0.0815993
0.457575
0.0316397
0.0276425
0.407037
0.0637429
0.00480476
0.0070561
0.292306
0.428402
0.063748
0.436408
0.180243
0.00203448
0.000852303
0.260937
0.50157
0.0293636
0.219921
0.0178526
0.0438021
0.166721
0.050179
0.0190487
0.128127
0.172968
0.163657
0.0631105
0.102093
0.115541
0.076859
0.148563
0.0474534
0.710816
0.0059101
0.309759
0.262568
0.0474182
0.0192559
0.335306
0.0973435
0.267117
0.747884
0.0358263
0.0200791
0.0193584
0.0148864
0.626918
0.645501
0.0301064
0.0836702
0.08505
0.00584762
0.0767224
0.95953
0.00449976
0.493248
0.453762
0.561282
0.0156951
0.981975
0.428815
0.261191
0.212926
0.528287
0.0784021
0.0274626
0.871273
0.0344672
0.152666
0.341952
0.213103
0.00433603
0.00792017
0.102642
0.501585
0.538927
0.0136297
0.118263
0.0644957
0.00352399
0.0140631
0.00957885
0.926599
0.966412
0.194999
0.131754
0.0106133
0.0358806
0.650436
0.20138
0.0401913
0.194242
0.00203308
0.876578
0.239801
0.374762
0.0664934
0.00403497
0.00809115
0.0546752
0.848813
0.043493
0.26028
0.59831
0.373962
0.14098
0.160809
0.0194489
0.114963
0.421828
0.0241224
0.0947359
0.0375765
0.246689
0.0332451
0.0677202
0.00387006
0.00549768
0.020049
0.00249475
0.00274985
0.00852417
0.00936799
0.297947
0.095969
0.887346
0.0751271
0.970511
0.958846
0.899654
0.849943
0.806304
0.0404384
0.0899199
0.0469934
0.0217718
0.166126
0.0430024
0.78612
0.0892289
0.232336
0.108637
0.236987
0.0477004
0.0349215
0.0882031
0.973063
0.848007
0.979789
0.968551
0.151174
0.0311264
0.0135251
0.00867385
0.880737
0.0325718
0.0596295
0.0855723
0.060541
0.0167522
0.0195095
0.0115844
0.0459849
0.216162
0.176898
0.0803133
0.272123
0.996643
0.995891
0.981034
0.949596
0.975919
0.122391
0.172662
0.0119046
0.0794738
0.0690027
0.0437529
0.214854
0.8788
0.814628
0.022048
0.23044
0.0096968
0.00865851
0.0136131
0.00855597
0.983741
0.901491
0.138101
0.986379
0.983614
0.677466
0.0334766
0.880279
0.115925
0.0353345
0.0497689
0.54153
0.00638568
0.925108
0.0239689
0.0139843
0.444026
0.747063
0.0230923
0.909846
0.910217
0.590777
0.0272494
0.908031
0.906302
0.674191
0.142884
0.730125
0.102669
0.26495
0.0832007
0.90024
0.0729786
0.0926805
0.750795
0.886546
0.940454
0.65815
0.0124132
0.518034
0.0397503
0.130952
0.319584
0.0152205
0.193339
0.278649
0.0481726
0.283518
0.0258677
0.0742016
0.0251571
0.857009
0.155705
0.781425
0.49914
0.178043
0.226207
0.261913
0.488397
0.13571
0.037859
0.881731
0.954752
0.222825
0.171065
0.0103622
0.175911
0.247731
0.285498
0.401492
0.371403
0.0240958
0.357526
0.110446
0.275157
0.129796
0.20493
0.445174
0.206738
0.394137
0.504407
0.33385
0.288304
0.0371744
0.774752
0.531643
0.545725
0.149796
0.567917
0.904992
0.521609
0.0608174
0.186169
0.146019
0.525443
0.880032
0.668544
0.442
0.870108
0.0265053
0.155757
0.0827055
0.546856
0.0611306
0.0191055
0.20203
0.0925344
0.34025
0.0695823
0.0789119
0.146723
0.214636
0.19858
0.105496
0.118203
0.7001
0.0916073
0.119701
0.525114
0.635499
0.0393152
0.142049
0.410576
0.015845
0.331542
0.0115407
0.338749
0.159504
0.585128
0.0349043
0.668757
0.357588
0.0485103
0.0150194
0.837858
0.0273615
0.0177525
0.018932
0.574048
0.0413772
0.0985208
0.122594
0.252077
0.0358464
0.175956
0.0723903
0.0172029
0.0169253
0.147765
0.0354111
0.211001
0.0278551
0.000899172
0.278365
0.173764
0.168008
0.0803151
0.327351
0.190678
0.136446
0.201633
0.0562451
0.0225811
0.529519
0.639623
0.0410298
0.0940435
0.133622
0.74888
0.0810312
0.183338
0.20677
0.152897
0.0995656
0.0191085
0.207435
0.121615
0.0104474
0.036852
0.0398964
0.0551347
0.765003
0.67558
0.0932051
0.0277867
0.0241885
0.00402463
0.0373446
0.00433225
0.495084
0.056533
0.162055
0.306203
0.233902
0.00886251
0.529841
0.0340006
0.00848478
0.102173
0.443678
0.0601357
0.177989
0.0570019
0.17144
0.0109314
0.00945349
0.158554
0.0550417
0.1817
0.0310371
0.248665
0.146983
0.780761
0.0279138
0.913476
0.0097007
0.0270083
0.0301937
0.235123
0.0540361
0.487139
0.880206
0.686345
0.076245
0.0316726
0.0613141
0.0607895
0.0065146
0.015347
0.628064
0.0688251
0.112904
0.0267056
0.0360805
0.0748383
0.0237506
0.0036355
0.00757034
0.158564
0.041322
0.00352064
0.0109955
0.0203556
0.00312465
0.0510783
0.53003
0.0168873
0.0165283
0.69701
0.720735
0.119867
0.0307305
0.192455
0.0178041
0.00875597
0.178683
0.0683145
0.0326512
0.0443542
0.100075
0.0108519
0.0615383
0.0617287
0.0281669
0.00913476
0.053754
0.0048448
0.528423
0.626256
0.0216803
0.0160933
0.487136
0.0198958
0.00173757
0.158072
0.117819
0.0612974
0.0971367
0.185172
0.115215
0.292983
0.0245197
0.0576021
0.0398221
0.0903505
0.129431
0.0607625
0.505627
0.0969035
0.617303
0.00984526
0.00174089
0.00428073
0.0186754
0.097972
0.1361
0.0455141
0.0130725
0.00982845
0.0295093
0.00466836
0.00438998
0.0364365
0.00559684
0.0686958
0.100834
0.0361527
0.160835
0.011123
0.110575
0.127782
0.00794246
0.0161025
0.0876203
0.110143
0.062058
0.0473728
0.129669
0.0138955
0.0192042
0.0548008
0.122368
0.439735
0.0246363
0.0955936
0.688418
0.0406164
0.289352
0.250353
0.0528472
0.163961
0.0266177
0.0355953
0.0633357
0.118748
0.0192285
0.516848
0.259294
0.0177271
0.0872343
0.13616
0.0161687
0.0165972
0.166895
0.00380724
0.0654793
0.0574887
0.0293444
0.108343
0.01676
0.0576764
0.0182003
0.0214044
0.0696194
0.0497529
0.0254341
0.126059
0.13794
0.0190054
0.0328406
0.00276821
0.00514956
0.0551431
0.185431
0.0975575
0.0119819
0.0309322
0.316135
0.00170895
0.00994698
0.115473
0.0448692
0.254247
0.132843
0.100762
0.0802687
0.44706
0.0443526
0.0195081
0.0247197
0.0928718
0.0625671
0.0634001
0.0785825
0.0411965
0.00780479
0.0107831
0.025217
0.390302
0.0368537
0.030528
0.0857709
0.185189
0.460905
0.225732
0.0209017
0.0849187
0.36817
0.283898
0.736528
0.0203358
0.0634444
0.0905193
0.465332
0.668459
0.182889
0.0938474
0.694361
0.0135272
0.668862
0.783156
0.0125846
0.0112326
0.0173952
0.171424
0.776176
0.604649
0.111941
0.0361801
0.0163205
0.409486
0.0227265
0.026194
0.160287
0.34502
0.0278397
0.0123147
0.132131
0.023818
0.0584107
0.029462
0.0743561
0.00651404
0.531721
0.13154
0.261495
0.021275
0.00766741
0.0598138
0.00725856
0.013095
0.169263
0.0190324
0.00855023
0.0919272
0.0764467
0.0378472
0.0267192
0.0688281
0.169238
0.14343
0.120561
0.977151
0.880589
0.825649
0.00475736
0.584674
0.751893
0.00439664
0.0132375
0.655013
0.563031
0.0467789
0.0876216
0.0109171
0.0884497
0.0588375
0.010788
0.399479
0.0236814
0.0111406
0.0103422
0.0975351
0.997003
0.989626
0.0643801
0.659788
0.0462855
0.338435
0.0783057
0.0549269
0.0238416
0.0381612
0.455459
0.148728
0.157179
0.12975
0.0252242
0.0482937
0.0126153
0.443922
0.0245315
0.661548
0.0212273
0.00934468
0.153365
0.00616531
0.490163
0.0395659
0.141534
0.456678
0.0201201
0.0374813
0.0167822
0.0300292
0.0278613
0.00813066
0.0618085
0.180509
0.101175
0.0338578
0.222822
0.449488
0.272118
0.00608838
0.0209738
0.00658214
0.0218891
0.0167633
0.00958782
0.00656114
0.0123299
0.0138148
0.124332
0.0196097
0.0328446
0.902381
0.00771249
0.334082
0.076897
0.154091
0.0602269
0.010594
0.0363861
0.618398
0.00810362
0.852405
0.813117
0.860996
0.00513641
0.0728057
0.00753289
0.00567346
0.0235863
0.0500187
0.0428919
0.166478
0.0108702
0.163023
0.0662653
0.0409941
0.0125335
0.0460309
0.292381
0.265078
0.0725012
0.0242236
0.0594249
0.0887018
0.0168464
0.00490249
0.105441
0.0131858
0.49731
0.703097
0.00154028
0.138092
0.144773
0.00359632
0.0112175
0.124887
0.034723
0.0374482
0.150408
0.0419227
0.0947915
0.0387817
0.00142317
0.0131459
0.00623005
0.0322438
0.0137504
0.218165
0.00489615
0.0241446
0.0201959
0.0455642
0.215754
0.0730689
0.00901571
0.16508
0.0397517
0.00391286
0.0476254
0.362435
0.0149702
0.0185249
0.0058242
0.135502
0.0652388
0.0265622
0.0269406
0.00354395
0.0106742
0.830096
0.901644
0.474845
0.19824
0.00729172
0.290347
0.0146532
0.0309775
0.163279
0.0403493
0.943671
0.00889153
0.0911179
0.0294186
0.0286891
0.00187715
0.0564059
0.0320183
0.12332
0.861546
0.411263
0.267008
0.0397121
0.0186456
0.19743
0.217697
0.0292836
0.0913155
0.67676
0.26876
0.796484
0.192574
0.0946712
0.96541
0.207267
0.180888
0.00222636
0.190577
0.053622
0.292868
0.885998
0.135031
0.0912597
0.0177158
0.0677566
0.203067
0.265844
0.0244193
0.0443306
0.0731369
0.0234758
0.0635489
0.00536993
0.0075481
0.907421
0.257911
0.0808512
0.040137
0.0271045
0.0237654
0.121977
0.148165
0.595048
0.0140658
0.0974316
0.883061
0.0517569
0.253352
0.880219
0.00946425
0.00857897
0.113956
0.0573767
0.00978044
0.0382093
0.0168567
0.0126283
0.0164139
0.344745
0.280039
0.780993
0.705079
0.585382
0.246103
0.0213115
0.0513799
0.0028689
0.0252189
0.00962447
0.221978
0.0758157
0.309371
0.352878
0.0307634
0.00506825
0.00484449
0.0978321
0.00387062
0.0421754
0.0405327
0.00810788
0.00604967
0.0474987
0.0283855
0.00806531
0.0138893
0.140889
0.0188567
0.0312816
0.0658336
0.0345762
0.94692
0.892392
0.294039
0.319502
0.0534971
0.079749
0.033715
0.0158782
0.00859368
0.205301
0.40472
0.0266601
0.0116535
0.00578004
0.289794
0.0131234
0.0524134
0.490685
0.0795496
0.0652566
0.867251
0.214724
0.0113756
0.0499949
0.191337
0.0484775
0.126519
0.0913441
0.0182638
0.0273799
0.0303182
0.0174729
0.0672439
0.0812374
0.0950625
0.0102095
0.321372
0.0922611
0.0342404
0.0231351
0.712768
0.20777
0.286717
0.252024
0.241519
0.0370466
0.00529255
0.0323882
0.0151176
0.0352734
0.495802
0.609093
0.136687
0.0138546
0.00674851
0.00374817
0.0601356
0.372504
0.027734
0.189866
0.34515
0.00736637
0.0713861
0.0042196
0.377045
0.0953746
0.00282191
0.253865
0.0309091
0.339121
0.0185535
0.192569
0.0101168
0.00526572
0.00291758
0.0801886
0.123255
0.00888736
0.00178344
0.012824
0.061789
0.0253961
0.0408222
0.570457
0.0968993
0.418747
0.0215686
0.109938
0.00253892
0.0864529
0.0134792
0.012565
0.0616598
0.0012803
0.0556105
0.0262187
0.0308696
0.00645041
0.0160759
0.0109338
0.0370914
0.0658615
0.221086
0.524765
0.420984
0.126103
0.0141817
0.118896
0.02218
0.125154
0.00680586
0.255762
0.0176074
0.088251
0.00459705
0.012209
0.0378595
0.019145
0.259557
0.0174056
0.0241577
0.440785
0.0094647
0.0614056
0.0529101
0.226574
0.203572
0.00948633
0.00733316
0.0408082
0.150247
0.0801688
0.0544747
0.0740913
0.0223726
0.0533262
0.0580813
0.0223586
0.0161513
0.00801413
0.00376676
0.0357086
0.00298935
0.019143
0.0380242
0.13327
0.0947053
0.0240821
0.0386637
0.149916
0.109798
0.00983852
0.205554
0.0458595
0.128561
0.036384
0.16015
0.118324
0.0352818
0.0123693
0.0160193
0.124574
0.0157981
0.00833949
0.180737
0.0332271
0.026439
0.0277222
0.00664447
0.0265668
0.0450051
0.036089
0.687269
0.63696
0.392864
0.0406528
0.465613
0.444844
0.0182985
0.133032
0.00562531
0.0109428
0.00548574
0.0773203
0.165342
0.0234059
0.104859
0.0431222
0.0128542
0.322555
0.236757
0.0292222
0.998011
0.973421
0.0232493
0.00935018
0.0106169
0.0886155
0.677223
0.119569
0.505958
0.0242659
0.077212
0.146552
0.791736
0.0201119
0.0310187
0.746445
0.00764622
0.501737
0.777625
0.777579
0.0577225
0.0131033
0.0327051
0.0422175
0.0263447
0.0987101
0.0132576
0.0576392
0.596662
0.057184
0.00617803
0.00318262
0.0246972
0.177992
0.00847699
0.00634144
0.0155195
0.0365823
0.523103
0.0314314
0.0881274
0.897754
0.0197142
0.0333241
0.0433493
0.0327495
0.0369194
0.0211853
0.941544
0.025362
0.0143882
0.00939258
0.00823535
0.00582327
0.00275626
0.0266064
0.135652
0.0797304
0.230857
0.645975
0.00396931
0.00537388
0.0868088
0.542446
0.0132409
0.465657
0.0290133
0.0764235
0.00405289
0.00320947
0.103199
0.244006
0.0513323
0.0366577
0.0081171
0.464981
0.423754
0.0305532
0.0161948
0.00443644
0.0381285
0.00609175
0.00868526
0.0260814
0.0284411
0.00604155
0.00493887
0.17597
0.0526777
0.0499403
0.21864
0.0454186
0.0923729
0.00532208
0.00741569
0.00679358
0.0172745
0.00643578
0.0213721
0.018488
0.0125997
0.129768
0.21893
0.0407084
0.198209
0.130317
0.0346532
0.0141735
0.072691
0.0202655
0.194718
0.547914
0.225853
0.025926
0.0244839
0.456909
0.0447986
0.0575872
0.102995
0.358859
0.00392475
0.0770401
0.100454
0.410567
0.0835349
0.747715
0.0920455
0.0276357
0.0199104
0.0164767
0.312692
0.018466
0.373368
0.0191096
0.617289
0.0261152
0.0168695
0.0513146
0.00342622
0.161457
0.00420722
0.13727
0.0573651
0.0408633
0.00325921
0.00695572
0.0249755
0.352254
0.587226
0.205169
0.369748
0.0954952
0.00156157
0.190166
0.037586
0.0466423
0.0174558
0.15516
0.299658
0.192259
0.0435671
0.0941218
0.0196875
0.0208047
0.0446589
0.170778
0.175537
0.320535
0.386857
0.385982
0.0100607
0.0107287
0.00420432
0.0179839
0.288006
0.00959205
0.0378686
0.0152119
0.0349633
0.0612011
0.196155
0.780639
0.0603854
0.137833
0.0127057
0.0197321
0.993864
0.904049
0.234317
0.0199049
0.0188955
0.118728
0.0727378
0.0231897
0.175748
0.0333295
0.130323
0.025546
0.0215592
0.106275
0.0111248
0.0802985
0.0150688
0.0301665
0.0648571
0.139132
0.328119
0.063148
0.35081
0.0421092
0.173028
0.16587
0.157122
0.0436316
0.0224703
0.198035
0.135975
0.988171
0.987614
0.904111
0.0029482
0.832796
0.04008
0.0219142
0.0045949
0.269517
0.122163
0.030911
0.43848
0.0138168
0.0681119
0.00702256
0.0241049
0.00711508
0.642457
0.140625
0.00631942
0.112052
0.163711
0.0142198
0.120131
0.113257
0.0489941
0.0578812
0.015694
0.334498
0.0138111
0.0667679
0.00971069
0.00476554
0.0484408
0.00748987
0.780737
0.0251499
0.0142
0.0694494
0.124185
0.0135381
0.444347
0.029542
0.0542013
0.029905
0.266632
0.021484
0.346989
0.0414907
0.00605949
0.04455
0.0128452
0.015121
0.0251243
0.0216968
0.0442753
0.0430018
0.254246
0.410846
0.455763
0.520701
0.00312489
0.007383
0.0393488
0.0333634
0.121225
0.0273172
0.0732391
0.0140039
0.200824
0.00854752
0.0549624
0.979066
0.968666
0.873491
0.138738
0.00892808
0.00290003
0.0606478
0.486883
0.130634
0.0187965
0.549027
0.0802906
0.266806
0.0234545
0.11243
0.952852
0.0435912
0.0182882
0.0237683
0.724771
0.805916
0.0108168
0.632272
0.263632
0.106948
0.186583
0.227759
0.024653
0.217253
0.246636
0.152085
0.182483
0.0225371
0.0886953
0.0605842
0.215892
0.00895051
0.334149
0.208439
0.116628
0.0681494
0.266803
0.433354
0.550968
0.0720702
0.0548318
0.0117032
0.422051
0.468554
0.0869646
0.0799211
0.0905626
0.0514385
0.0234385
0.930867
0.373159
0.0238959
0.0244192
0.9575
0.167523
0.169205
0.204004
0.0118036
0.430744
0.12057
0.929754
0.0436657
0.0226418
0.277627
0.0943135
0.192931
0.601024
0.0473766
0.00604184
0.507696
0.297071
0.178011
0.0229325
0.0781586
0.0859283
0.0963644
0.0167737
0.0278504
0.0435191
0.494058
0.0149184
0.00636207
0.0159883
0.191124
0.0671499
0.110933
0.0500916
0.273689
0.0126315
0.0942566
0.0165342
0.79741
0.239443
0.412076
0.178708
0.506588
0.773568
0.889977
0.980452
0.91327
0.169264
0.505577
0.813495
0.51788
0.536229
0.65551
0.448562
0.0252113
0.109156
0.545126
0.276971
0.0206894
0.878663
0.465006
0.00639516
0.00456712
0.013675
0.706577
0.26232
0.0452001
0.142917
0.206534
0.0619792
0.217621
0.00573845
0.14022
0.00285333
0.919982
0.739788
0.166516
0.0503186
0.0262271
0.0411174
0.0479214
0.0838218
0.0594525
0.353677
0.378673
0.018742
0.305212
0.0183001
0.00805898
0.553141
0.730968
0.0907641
0.164977
0.198192
0.0286872
0.0647796
0.140199
0.0166557
0.0794389
0.0701884
0.658072
0.508006
0.203907
0.488813
0.145568
0.00985249
0.404333
0.440377
0.0466291
0.0227731
0.0226584
0.0469658
0.000873361
0.0111973
0.026699
0.224486
0.0905568
0.389689
0.0206803
0.0549863
0.00792507
0.0264968
0.0106743
0.186581
0.203536
0.115331
0.12519
0.0745778
0.0376708
0.194971
0.108905
0.00745989
0.100284
0.00151144
0.00583732
0.70324
0.0276905
0.00655096
0.811027
0.0112741
0.407479
0.0214646
0.442082
0.231109
0.352096
0.49338
0.357391
0.601653
0.0232182
0.86772
0.136906
0.0189768
0.201525
0.57183
0.230883
0.00974622
0.28375
0.0152958
0.0814885
0.0541464
0.199642
0.00541193
0.439103
0.0220881
0.173092
0.163109
0.0477633
0.104357
0.0245646
0.00301864
0.356111
0.694121
0.0930638
0.24437
0.131611
0.709453
0.0238575
0.0727447
0.0679792
0.0519822
0.371545
0.0996258
0.0497565
0.00234183
0.00667466
0.127288
0.312273
0.0188066
0.0435142
0.0150692
0.0101175
0.0391406
0.0505257
0.186143
0.214677
0.128869
0.0148959
0.153638
0.0106895
0.0379543
0.105658
0.0133706
0.0135106
0.0600592
0.61501
0.0085282
0.671568
0.0239722
0.0142489
0.894175
0.0130173
0.918246
0.00594815
0.732547
0.498995
0.161999
0.371023
0.0411617
0.0173235
0.00464046
0.00391275
0.0314072
0.175511
0.00340845
0.0302184
0.065408
0.661279
0.920669
0.301943
0.0143476
0.0247354
0.414423
0.157799
0.130048
0.0571084
0.0457897
0.634338
0.553154
0.0622508
0.322618
0.511196
0.437728
0.107874
0.172071
0.749217
0.0811253
0.0282539
0.0195906
0.0267462
0.0118803
0.044725
0.0377347
0.0909479
0.00105804
0.343417
0.127469
0.00823785
0.0826343
0.149368
0.168702
0.0334627
0.277568
0.724394
0.343579
0.210968
0.452084
0.00236427
0.0398911
0.153355
0.666915
0.733141
0.0112763
0.00798413
0.805302
0.503839
0.0788117
0.0128505
0.132289
0.0262442
0.127273
0.263574
0.0381723
0.0420621
0.0280586
0.0441858
0.709817
0.529511
0.19493
0.0259029
0.00906882
0.0967015
0.871598
0.152996
0.0402304
0.0268805
0.0155755
0.0470828
0.0152724
0.0154155
0.0600472
0.0776146
0.0321823
0.0250603
0.0606195
0.240067
0.470754
0.399391
0.429641
0.0854334
0.47151
0.060461
0.00342866
0.0146475
0.993289
0.785138
0.144567
0.117152
0.163452
0.0874013
0.00861776
0.117102
0.0211609
0.00689733
0.11968
0.0241409
0.117153
0.0604862
0.00600203
0.0142645
0.162757
0.0178718
0.00533568
0.0564489
0.0977331
0.0494732
0.00995579
0.901727
0.765453
0.753954
0.0442176
0.00957485
0.132013
0.907708
0.977572
0.0267698
0.028859
0.0085896
0.656811
0.0106478
0.0372209
0.119378
0.0236268
0.0275847
0.00183553
0.00273327
0.0164435
0.0351863
0.270417
0.0848845
0.00638533
0.143756
0.716817
0.0596936
0.668049
0.790178
0.0197812
0.0101515
0.0302314
0.0203178
0.0356585
0.620416
0.225313
0.0287811
0.0121436
0.0248721
0.0154792
0.971223
0.956662
0.74624
0.991897
0.108729
0.0523268
0.0275331
0.012468
0.689946
0.963585
0.982379
0.961008
0.9532
0.0150994
0.0246947
0.791205
0.00267439
0.0153103
0.0905079
0.928335
0.030669
0.00583917
0.258936
0.00614701
0.0970126
0.00698329
0.0330203
0.00785171
0.0286552
0.968285
0.0252062
0.931014
0.0386788
0.892789
0.938095
0.494466
0.793155
0.404664
0.0238948
0.198468
0.0389815
0.127835
0.0111477
0.0922561
0.370972
0.590621
0.117751
0.297448
0.0195248
0.00234926
0.937723
0.0421148
0.459963
0.312509
0.90497
0.707941
0.997632
0.98769
0.991198
0.979953
0.347425
0.573809
0.00694437
0.236945
0.0424218
0.0840962
0.649473
0.0536468
0.104229
0.0099009
0.0755065
0.0857162
0.134932
0.0227271
0.390501
0.283279
0.0749143
0.0416949
0.0201924
0.115006
0.343364
0.0625949
0.0324213
0.00966979
0.0181387
0.0330648
0.0336715
0.161662
0.0450768
0.0261008
0.0174274
0.0298858
0.387004
0.0338711
0.0176232
0.0142203
0.348003
0.0140329
0.0365922
0.562737
0.00790134
0.145592
0.937515
0.962722
0.0951075
0.0194483
0.147974
0.142776
0.187973
0.0056869
0.237505
0.330383
0.0572034
0.0329365
0.60632
0.218693
0.0741698
0.00239824
0.00224877
0.0301094
0.154494
0.0427298
0.608383
0.537151
0.157345
0.100516
0.158112
0.0759543
0.0252529
0.00755995
0.017409
0.00915555
0.00599096
0.0133341
0.0698388
0.034431
0.150259
0.0351327
0.00538307
0.0874353
0.0752456
0.136517
0.00460365
0.0818022
0.00862749
0.0815527
0.00568782
0.00615237
0.00495633
0.0176433
0.0776168
0.0239426
0.0429148
0.0276207
0.0309253
0.450446
0.0199095
0.0204836
0.00275942
0.0342164
0.0089125
0.00713739
0.00809216
0.0298269
0.020238
0.862238
0.0258404
0.243685
0.140794
0.184807
0.0112075
0.515418
0.138136
0.289053
0.0117391
0.592467
0.0411378
0.0664682
0.40486
0.139808
0.00962588
0.406142
0.429488
0.0456968
0.118581
0.0114161
0.0295372
0.20537
0.00870892
0.0101394
0.00292356
0.014442
0.00748849
0.134126
0.841846
0.869268
0.618949
0.35343
0.23965
0.00759944
0.0177466
0.0598052
0.0120586
0.040077
0.212468
0.0137677
0.856892
0.012832
0.00345907
0.89074
0.738747
0.00689073
0.0134055
0.0557617
0.0968673
0.0168579
0.0444838
0.0356188
0.0353991
0.0197943
0.155847
0.0114679
0.0116795
0.0532681
0.00574455
0.0628626
0.0181857
0.145103
0.00764542
0.0196099
0.161416
0.0557683
0.00106283
0.0320952
0.191144
0.0550764
0.202037
0.345833
0.0261444
0.0291967
0.181685
0.052155
0.842964
0.059219
0.012389
0.0454876
0.294608
0.289824
0.0377872
0.0406089
0.0051902
0.166254
0.0456522
0.00877489
0.036753
0.00777419
0.0403292
0.048264
0.0195163
0.0304308
0.00488842
0.227077
0.184726
0.0111064
0.0100871
0.0287024
0.0158435
0.0239691
0.0531069
0.0254497
0.02228
0.281173
0.282792
0.0180597
0.0832382
0.0876792
0.01649
0.0219532
0.00710787
0.0541026
0.0727005
0.504725
0.138489
0.0297263
0.0115664
0.201742
0.00936269
0.0168545
0.171
0.141824
0.0509452
0.0397329
0.0122389
0.00900135
0.054258
0.0248772
0.00140742
0.0105132
0.166769
0.109089
0.019844
0.97935
0.900084
0.975145
0.017644
0.0169046
0.0153897
0.417332
0.451599
0.0568509
0.347017
0.230984
0.463293
0.0662521
0.0586004
0.0216327
0.798898
0.92817
0.235311
0.018772
0.0220663
0.0588468
0.0195318
0.155688
0.430041
0.226539
0.0678532
0.0240552
0.0495645
0.0172953
0.00906601
0.0863803
0.0144843
0.0376291
0.140459
0.0552358
0.208975
0.0766674
0.11475
0.0101716
0.0860872
0.030795
0.0215006
0.124479
0.140473
0.00693603
0.50378
0.119478
0.0177061
0.885814
0.0989307
0.0734666
0.618334
0.047195
0.402168
0.959811
0.39349
0.0210804
0.383469
0.0359163
0.478839
0.0241493
0.0841853
0.096404
0.0199954
0.0339501
0.114123
0.125676
0.270033
0.227309
0.00355054
0.00639517
0.0201367
0.0324971
0.0124804
0.00794464
0.124889
0.107012
0.324071
0.0954189
0.0147978
0.166404
0.148003
0.0186699
0.0244476
0.46764
0.0911938
0.0392267
0.0185374
0.0599145
0.0370378
0.540891
0.0300643
0.0845487
0.0209078
0.0956603
0.0275108
0.027011
0.013133
0.162492
0.0334437
0.119503
0.63799
0.059188
0.00924898
0.0647942
0.0406066
0.0504541
0.0135977
0.0252489
0.159849
0.0234532
0.679195
0.165504
0.117877
0.559736
0.726235
0.568889
0.394276
0.0136516
0.0481459
0.913984
0.627092
0.614366
0.00248644
0.0410356
0.0504638
0.076565
0.0124679
0.0878223
0.230252
0.142863
0.0357042
0.705221
0.199074
0.195307
0.302053
0.00266986
0.382685
0.0920332
0.114256
0.0225741
0.193906
0.0292473
0.0271238
0.147987
0.448658
0.375553
0.0548025
0.153914
0.119036
0.103239
0.0590147
0.126708
0.0300465
0.0418871
0.037825
0.0238379
0.20419
0.00460901
0.0615424
0.640039
0.0156885
0.012884
0.111737
0.417004
0.0807821
0.212849
0.0406507
0.110441
0.14329
0.11202
0.832983
0.0612238
0.088665
0.0380615
0.0570811
0.00861197
0.291445
0.196692
0.421735
0.0578188
0.0284084
0.40657
0.0224997
0.0988954
0.28571
0.0710331
0.00196841
0.0189505
0.0451172
0.279837
0.0173563
0.0643711
0.0274306
0.039226
0.0272422
0.153635
0.0299731
0.00237534
0.0855469
0.0122155
0.122235
0.0542334
0.0709115
0.0165548
0.0377824
0.925671
0.164755
0.0985542
0.356103
0.024013
0.0172124
0.0239929
0.337089
0.0618985
0.00396558
0.386533
0.0282142
0.0112713
0.0166101
0.0272641
0.0213588
0.108487
0.0199593
0.656972
0.848813
0.0481247
0.557461
0.0466583
0.0338752
0.0594745
0.0411208
0.232442
0.00633096
0.0552011
0.0423909
0.0320615
0.878337
0.0264663
0.0438347
0.286634
0.0143475
0.605173
0.0933472
0.159381
0.138771
0.104146
0.00606498
0.119882
0.0443583
0.0278078
0.0277972
0.013427
0.0105237
0.0195431
0.0752063
0.0509036
0.0121581
0.0095506
0.528762
0.310932
0.422843
0.129619
0.0634822
0.0114823
0.0325136
0.0238846
0.372283
0.0522295
0.031239
0.0143541
0.0510778
0.00936158
0.065578
0.0142401
0.025131
0.00794668
0.0392562
0.0831599
0.848805
0.0402709
0.0827842
0.064502
0.0177649
0.0340533
0.0267756
0.159785
0.127892
0.00490813
0.0593988
0.395217
0.386456
0.0858703
0.01382
0.00640041
0.161678
0.0656096
0.0849628
0.348731
0.016432
0.300688
0.141898
0.0257857
0.0332308
0.0499674
0.0488338
0.0100029
0.108669
0.128976
0.138317
0.559791
0.510735
0.0210376
0.0722187
0.194871
0.181402
0.0459869
0.0130539
0.0384078
0.0583976
0.0158702
0.0228732
0.187675
0.025628
0.0280953
0.010865
0.00219448
0.0217886
0.0101068
0.0339271
0.0411529
0.0902892
0.0187385
0.0728697
0.344783
0.631493
0.0892985
0.00867697
0.20858
0.0526265
0.0263837
0.0145255
0.0555318
0.0853834
0.125054
0.0323841
0.034442
0.0787471
0.0469122
0.0378467
0.0724374
0.0454018
0.0542926
0.388172
0.00709437
0.599999
0.0213871
0.00515795
0.229736
0.0599029
0.0866907
0.0263222
0.0999592
0.0851823
0.0875617
0.0546138
0.00475033
0.00734997
0.0178435
0.0412006
0.0693413
0.409838
0.0301967
0.00595527
0.0620156
0.0980735
0.00515704
0.0179096
0.00776575
0.0769479
0.101766
0.182662
0.033345
0.455927
0.0548347
0.506065
0.171045
0.330681
0.116459
0.113093
0.0139605
0.626429
0.0588901
0.0164655
0.023989
0.0112104
0.00802466
0.28911
0.032784
0.159504
0.167279
0.168814
0.0370611
0.0140086
0.100789
0.0165326
0.0391507
0.0404256
0.021481
0.0191031
0.136521
0.83675
0.0507141
0.078678
0.037714
0.150788
0.00670704
0.0181531
0.0396571
0.0843847
0.154878
0.30629
0.0988304
0.311841
0.0112594
0.0129492
0.0920585
0.0262829
0.0104662
0.00639451
0.0139225
0.171763
0.0104276
0.0484569
0.00893842
0.010239
0.0137139
0.301566
0.0964321
0.0575709
0.331171
0.0563902
0.00380242
0.0937646
0.0587084
0.0825403
0.0196079
0.0461932
0.14513
0.0175755
0.00430902
0.126862
0.00810862
0.00412066
0.146552
0.103418
0.102632
0.00298222
0.0274162
0.0129364
0.0189871
0.00753382
0.0225095
0.0593854
0.154933
0.128865
0.00257027
0.0188834
0.0256528
0.10073
0.00780131
0.0117272
0.228417
0.0342829
0.0277778
0.0395352
0.510445
0.0510514
0.148
0.0304521
0.0276141
0.00887914
0.018831
0.113266
0.0389999
0.0128608
0.0241123
0.00741673
0.00948934
0.0213044
0.040342
0.209683
0.655458
0.200023
0.00606845
0.0371795
0.12868
0.0257693
0.0482648
0.0345286
0.0268646
0.224156
0.420265
0.231141
0.0148951
0.0401843
0.146221
0.230384
0.0807491
0.067283
0.00707569
0.189059
0.0559379
0.0688006
0.0205244
0.0115029
0.174242
0.0465194
0.0290198
0.201687
0.0427839
0.294564
0.0158858
0.0266353
0.158955
0.172642
0.0308515
0.0360899
0.0233255
0.0570916
0.0117781
0.0816384
0.23669
0.00364075
0.0698094
0.0105121
0.073955
0.0122242
0.0240339
0.047795
0.181026
0.108883
0.057754
0.102506
0.0655707
0.124271
0.0394592
0.0249704
0.271726
0.11382
0.164541
0.00327885
0.0219969
0.0230153
0.0288316
0.00915762
0.0092677
0.0329492
0.217308
0.0545495
0.0160149
0.0047897
0.0198322
0.008138
0.0739247
0.031951
0.00633534
0.0522302
0.0421193
0.348902
0.0384831
0.00785238
0.0106032
0.0657559
0.0978255
0.00776243
0.00808944
0.132866
0.0642113
0.177556
0.0929576
0.0153865
0.00633919
0.0272655
0.0446443
0.0327023
0.0613303
0.0485631
0.221836
0.51607
0.0299622
0.0325644
0.445041
0.0058151
0.0243304
0.0283878
0.272833
0.0139836
0.00290732
0.0209605
0.111567
0.0801822
0.0201092
0.176969
0.0398341
0.0318255
0.184111
0.058085
0.00584171
0.0722186
0.0221523
0.0059874
0.00516763
0.0152834
0.00852094
0.0180783
0.0158267
0.00872608
0.0116472
0.0514786
0.0230416
0.00347187
0.0128824
0.0894424
0.0840392
0.00336669
0.0851646
0.010342
0.00593278
0.098332
0.160211
0.0680975
0.0116701
0.0193026
0.0159315
0.0905425
0.18517
0.010082
0.00535537
0.0207933
0.0954963
0.0301181
0.0127569
0.00358767
0.0029861
0.126078
0.048966
0.0115497
0.349709
0.0314848
0.0392716
0.0176924
0.0840043
0.425893
0.0155212
0.00313706
0.440685
0.0647127
0.28673
0.0108219
0.549662
0.294856
0.203602
0.0165175
0.0743852
0.171788
0.0171969
0.01331
0.0104312
0.373052
0.401767
0.615525
0.00722797
0.0146727
0.009831
0.0641911
0.0766677
0.0592535
0.0558299
0.0155758
0.00828693
0.405614
0.0139975
0.106094
0.0149765
0.0259481
0.13443
0.103109
0.0769199
0.0336779
0.157246
0.45202
0.0240655
0.0454854
0.0126615
0.118234
0.0123068
0.196592
0.0810294
0.0133727
0.0717937
0.0543912
0.00573606
0.0329362
0.300407
0.0378719
0.0419721
0.0203882
0.00112186
0.0282666
0.0262842
0.0342017
0.431584
0.0354109
0.0353193
0.00972747
0.0213529
0.0373239
0.0444907
0.0365949
0.101336
0.0975094
0.0568483
0.129651
0.0419872
0.0156658
0.0170893
0.0636598
0.00350769
0.0108441
0.0674132
0.0771704
0.0471775
0.0794516
0.00912018
0.0035824
0.00423085
0.00970432
0.0700117
0.312984
0.0673416
0.0227894
0.00348901
0.0138059
0.268726
0.0102636
0.501295
0.577366
0.0137523
0.0126087
0.0243867
0.0137107
0.0231677
0.0187999
0.0907019
0.0330716
0.024916
0.00829775
0.0177628
0.00546387
0.0646457
0.170096
0.00770264
0.126759
0.0458466
0.186682
0.545238
0.571587
0.0486334
0.0226556
0.0139954
0.00425282
0.0266496
0.020369
0.552222
0.145107
0.100107
0.00323875
0.0181606
0.056715
0.14023
0.0204547
0.186407
0.010906
0.0107156
0.0633176
0.00433013
0.199907
0.0192268
0.0351374
0.0832222
0.112535
0.0445589
0.0511352
0.0920486
0.184964
0.289091
0.323626
0.068596
0.053119
0.0890318
0.10299
0.0792339
0.00278399
0.0109757
0.0397012
0.00565721
0.00537405
0.0124378
0.0119745
0.349082
0.019481
0.0500646
0.0237502
0.0150934
0.00754431
0.140933
0.013122
0.294789
0.215911
0.0654266
0.808203
0.163577
0.31028
0.00677696
0.011684
0.0218273
0.0472394
0.00252559
0.0439795
0.0772498
0.0746301
0.0940756
0.141843
0.0122733
0.0315274
0.0340297
0.0081167
0.00669781
0.0995851
0.0418464
0.00528379
0.0179016
0.0611737
0.0241696
0.00198365
0.0115247
0.167194
0.615706
0.0919401
0.00947225
0.0687202
0.0566202
0.0746051
0.0250007
0.00992947
0.0303927
0.0847779
0.163038
0.511097
0.0446707
0.267266
0.0739354
0.249229
0.517947
0.0230464
0.132402
0.0187607
0.243132
0.0265253
0.00901522
0.0389668
0.0639753
0.104576
0.0175706
0.0292707
0.0175167
0.0664213
0.0290804
0.0250956
0.250638
0.179846
0.00256035
0.00426995
0.00923
0.032632
0.0333362
0.169269
0.00980525
0.0145623
0.0626154
0.0428179
0.112642
0.0308818
0.0371672
0.00746872
0.1386
0.469029
0.122578
0.00476518
0.0115742
0.0766925
0.013726
0.120017
0.443993
0.00752357
0.0600926
0.0339241
0.0138443
0.0266615
0.0624792
0.0071405
0.0564156
0.0268313
0.0370105
0.0120888
0.0179441
0.00226785
0.0150622
0.000690044
0.275401
0.0099555
0.0947373
0.00065304
0.0201789
0.00231806
0.307986
0.0302628
0.0296451
0.169164
0.0370279
0.0585558
0.0265347
0.0129204
0.385531
0.0732451
0.0683481
0.00604465
0.0320215
0.0434922
0.0588463
0.0965667
0.04209
0.0670858
0.00618249
0.00510135
0.139981
0.0360047
0.0134325
0.0327089
0.0775061
0.0104175
0.0330318
0.0252456
0.0452954
0.100061
0.0897864
0.0168656
0.0200419
0.00959329
0.01134
0.00732055
0.0215365
0.0229577
0.00667635
0.0509862
0.0204744
0.0226664
0.0116448
0.010082
0.0116996
0.0250249
0.0874026
0.0757059
0.0145739
0.0624799
0.386256
0.0129905
0.0327267
0.180225
0.103258
0.00304137
0.0418973
0.0197541
0.0156018
0.0440939
0.0808837
0.00690501
0.0409774
0.0473558
0.0923482
0.00583412
0.0166481
0.0174196
0.0514633
0.00238967
0.013391
0.0131724
0.0160499
0.0745904
0.0901471
0.0909921
0.0152973
0.0236926
0.00720219
0.0141274
0.0230511
0.0585336
0.017029
0.00429192
0.0108895
0.00788971
0.00899067
0.0202287
0.0147957
0.00415863
0.0825887
0.00656467
0.0476455
0.0150831
0.0542661
0.011487
0.0396601
0.0476768
0.0359113
0.00546794
0.0283127
0.00911885
0.0406285
0.0830887
0.103896
0.0501292
0.0146732
0.00579981
0.00625186
0.00823683
0.0377519
0.0800738
0.0133531
0.00558712
0.0173242
0.00349667
0.265268
0.268446
0.150737
0.0803165
0.117491
0.744156
0.0100653
0.0133549
0.0320914
0.735388
0.0154417
0.0370786
0.0553324
0.0674591
0.131044
0.0218067
0.0368947
0.198426
0.0744577
0.0168254
0.0334224
0.124281
0.0222304
0.00771819
0.0509918
0.00600208
0.484601
0.0524768
0.0270652
0.0997065
0.00847087
0.0476588
0.0113528
0.0627308
0.204445
0.0382265
0.0337381
0.0421737
0.00642196
0.014122
0.0276998
0.0165054
0.190489
0.00402747
0.00644128
0.0113504
0.0231017
0.0227844
0.0569224
0.0140446
0.0170351
0.00438868
0.193246
0.0120315
0.0041818
0.0148201
0.00272153
0.0249752
0.0320255
0.0366643
0.0854107
0.0122491
0.0750496
0.075349
0.0511228
0.0321062
0.00360063
0.356256
0.00794023
0.0160793
0.0344951
0.00636872
0.0138458
0.0232988
0.00562501
0.0328307
0.0332663
0.0152207
0.0301297
0.0270709
0.0808534
0.0674628
0.0198691
0.00514798
0.511485
0.118336
0.11044
0.0109097
0.0161823
0.0230394
0.162608
0.0104202
0.0320956
0.0873491
0.072385
0.0180552
0.00993857
0.016797
0.0463318
0.0665254
0.00887291
0.028149
0.0183071
0.00225655
0.0122402
0.0183201
0.00461321
0.0119933
0.041297
0.0225719
0.0658661
0.0213672
0.00824487
0.0355716
0.0241379
0.097711
0.0130165
0.0758053
0.0136063
0.00592232
0.00683749
0.0805903
0.0120414
0.0170471
0.0246423
0.0270527
0.0734287
0.0822467
0.00595584
0.0294469
0.118934
0.0235657
0.136807
0.101288
0.0365299
0.0134431
0.0900948
0.00240183
0.0167074
0.00841258
0.0177061
0.0110069
0.0796202
0.00682454
0.0650831
0.0431967
0.072776
0.0876058
0.104838
0.0163341
0.0219673
0.0587127
0.004966
0.0202795
0.0306152
0.0357223
0.323796
0.0354717
0.0151772
0.0722913
0.00730666
0.00129708
0.219592
0.156315
0.039962
0.0287236
0.0336919
0.0689728
0.0180065
0.00405634
0.0111179
0.0581417
0.0144782
0.193773
0.0169082
0.0418954
0.0292456
0.0536676
0.0572758
0.303058
0.186844
0.0258441
0.0466943
0.152958
0.00723096
0.795796
0.0433978
0.0121557
0.00741759
0.104369
0.0110524
0.202642
0.00670382
0.0161638
0.027502
0.0117401
0.00790721
0.00674759
0.0929156
0.0147101
0.079666
0.0239066
0.14107
0.124472
0.0201526
0.0194839
0.0227859
0.0164589
0.0327582
0.020535
0.0253286
0.0165043
0.00743788
0.0309181
0.0685355
0.0666849
0.0660983
0.0709054
0.144742
0.00366014
0.0896579
0.108681
0.02028
0.0840933
0.00287136
0.0134128
0.289435
0.0371359
0.0303821
0.119503
0.0613759
0.0680549
0.0268215
0.0159353
0.0218336
0.0099457
0.0977976
0.0605538
0.0584099
0.130272
0.113926
0.105
0.0383452
0.444941
0.0123063
0.0062883
0.0335021
0.0273732
0.134692
0.0392101
0.111862
0.0994572
0.358141
0.01043
0.00933476
0.270254
0.0273741
0.0861709
0.450317
0.498385
0.00256213
0.0531066
0.0294602
0.00374482
0.0338809
0.00350144
0.0148841
0.00839863
0.02185
0.033214
0.0682778
0.00510094
0.0127443
0.586386
0.00136529
0.0210076
0.0595387
0.312762
0.125598
0.164066
0.0863052
0.0667776
0.0680837
0.0192816
0.0376396
0.00444955
0.0474435
0.0620876
0.00125668
0.0202705
0.00489981
0.00153235
0.0111141
0.0313467
0.0139935
0.0155248
0.0469786
0.0226935
0.0299448
0.0219559
0.243923
0.00795808
0.0149403
0.0640357
0.196548
0.0380932
0.00491696
0.0290324
0.0860561
0.0274621
0.00799899
0.175756
0.218103
0.720528
0.00817979
0.00816433
0.0503845
0.0879427
0.0103197
0.240169
0.0780045
0.0181645
0.00689554
0.161322
0.0561976
0.0178107
0.145769
0.122469
0.045508
0.00961757
0.0158446
0.0745115
0.122343
0.0163809
0.038724
0.0241982
0.0280403
0.0416079
0.00545357
0.00884235
0.00913696
0.0522106
0.0772569
0.0146964
0.00832683
0.0609768
0.113047
0.0603339
0.00130131
0.00829628
0.0751057
0.0299884
0.0140956
0.0202475
0.0357763
0.0913516
0.00482792
0.447426
0.00258993
0.0270996
0.113743
0.0085606
0.0161509
0.137801
0.0223188
0.0192924
0.236135
0.0555174
0.0107667
0.0665991
0.00802248
0.181899
0.00521803
0.574145
0.122147
0.533946
0.00704427
0.030293
0.148324
0.0393967
0.276247
0.0145905
0.130768
0.0435864
0.00559129
0.030388
0.00157299
0.0395805
0.0903018
0.0181673
0.024205
0.0312153
0.0348478
0.0200183
0.00089027
0.0265927
0.0285405
0.133983
0.0702704
0.0104985
0.138675
0.0304121
0.0282069
0.010017
0.388974
0.667761
0.0248444
0.0551831
0.108399
0.180131
0.071348
0.0735066
0.0233235
0.515412
0.0116066
0.00320886
0.0129139
0.0129217
0.279042
0.0199209
0.0380604
0.0643509
0.019879
0.00460557
0.00283124
0.0543452
0.00616278
0.00823299
0.0215411
0.003267
0.0361337
0.0154529
0.00408084
0.133241
0.00556566
0.0160518
0.025006
0.189292
0.017517
0.0282576
0.0472425
0.0102571
0.0472798
0.183256
0.105496
0.00803163
0.0224173
0.00674608
0.00203736
0.0452494
0.00949579
0.00328688
0.0404354
0.00622408
0.00985998
0.0266771
0.263171
0.0233839
0.0328899
0.00769915
0.00473682
0.0722667
0.14071
0.017133
0.0510564
0.0692533
0.0254267
0.00645853
0.0183745
0.0497026
0.0251123
0.343349
0.125999
0.0191376
0.0147802
0.063331
0.0534543
0.0918706
0.0307895
0.0346896
0.344852
0.00438752
0.00776947
0.0132959
0.0983365
0.399522
0.306347
0.11088
0.00735787
0.0165968
0.00455045
0.0401494
0.076728
0.723491
0.0584044
0.058918
0.38917
0.0622152
0.00953238
0.0157048
0.0628841
0.0841542
0.0220194
0.00515695
0.0128282
0.0419096
0.365185
0.00610927
0.186733
0.0278956
0.07291
0.019449
0.0938463
0.066377
0.10339
0.0253942
0.0235821
0.0614152
0.365405
0.00805359
0.148626
0.0543418
0.043204
0.0245002
0.00398559
0.0243296
0.127426
0.00801055
0.00686703
0.0337966
0.0758526
0.00561309
0.184895
0.0327154
0.0545969
0.0120685
0.0509531
0.00902278
0.00896206
0.0161797
0.0393599
0.0527957
0.0168502
0.0269538
0.09656
0.0976293
0.00701332
0.0352049
0.107804
0.00722091
0.19595
0.0209971
0.0852934
0.0115091
0.0424672
0.0693666
0.0484773
0.123186
0.0752387
0.0780358
0.0770753
0.358827
0.0368892
0.0116755
0.0505893
0.0253658
0.00213932
0.0214336
0.00635378
0.0151276
0.0144338
0.0284517
0.0493247
0.00895052
0.0188452
0.0390814
0.00519076
0.0184454
0.0101695
0.219174
0.157234
0.0644784
0.0563727
0.019992
0.0016719
0.126885
0.0136404
0.0219997
0.0169368
0.0748065
0.0116195
0.00419009
0.00698046
0.0208983
0.0337183
0.0349339
0.0145477
0.0104094
0.0103401
0.0431461
0.0159038
0.0293918
0.00645294
0.0952084
0.338348
0.385864
0.0862316
0.119276
0.0941568
0.106343
0.0133092
0.00832847
0.00513697
0.00668816
0.0192281
0.0154852
0.0829027
0.363318
0.175357
0.00539018
0.0387549
0.0386891
0.0304913
0.0136413
0.0777013
0.00835235
0.402204
0.237404
0.0745606
0.0429676
0.0236785
0.132715
0.0748191
0.0299812
0.00913149
0.0148656
0.0518846
0.045494
0.0322304
0.0927912
0.278001
0.0179566
0.499347
0.0299131
0.0123242
0.020144
0.205274
0.198213
0.17262
0.0185789
0.0453476
0.0159722
0.132608
0.364252
0.0770838
0.103155
0.12175
0.0457078
0.357346
0.0551201
0.0199382
0.0749882
0.0208134
0.109908
0.0631452
0.0197601
0.0100352
0.0479829
0.301298
0.029905
0.0764785
0.0281761
0.0281552
0.0537796
0.152138
0.681807
0.138048
0.210798
0.0182756
0.015852
0.00474739
0.0400063
0.0762613
0.0178533
0.0174683
0.247836
0.721
0.130118
0.555797
0.378868
0.847072
0.879094
0.402327
0.0655934
0.619258
0.341874
0.731438
0.513193
0.455081
0.517012
0.168384
0.509231
0.835499
0.834114
0.126871
0.59372
0.147709
0.580712
0.493623
0.425385
0.822839
0.0611593
0.0326435
0.0483346
0.411328
0.401492
0.0397703
0.972899
0.990525
0.991681
0.264882
0.0306943
0.760174
0.210182
0.947347
0.506624
0.988304
0.0502655
0.119348
0.901469
0.652636
0.463722
0.324883
0.534966
0.148057
0.329846
0.117941
0.374071
0.29103
0.944249
0.757188
0.420038
0.725118
0.983873
0.024217
0.0186308
0.557705
0.133665
0.435216
0.495832
0.65186
0.790917
0.0112339
0.239623
0.340381
0.15072
0.953539
0.985571
0.365363
0.631379
0.71833
0.0870017
0.840334
0.415736
0.634051
0.132671
0.570287
0.989595
0.036266
0.671143
0.27182
0.510608
0.252195
0.0521555
0.0142335
0.397434
0.00297604
0.00604257
0.887995
0.56623
0.591338
0.479962
0.853106
0.948224
0.143184
0.314785
0.577532
0.882481
0.946868
0.987498
0.969436
0.188297
0.0505517
0.897895
0.953498
0.806374
0.993386
0.475147
0.675725
0.754435
0.845083
0.0806869
0.573533
0.872115
0.51203
0.871264
0.652155
0.564126
0.820656
0.0838763
0.123197
0.0775953
0.639098
0.0549067
0.0114135
0.0307227
0.0188266
0.021172
0.0163826
0.193751
0.227656
0.0613454
0.479776
0.297418
0.835927
0.829991
0.702959
0.195311
0.694157
0.173969
0.165423
0.082589
0.152424
0.230279
0.84688
0.272129
0.026336
0.0224008
0.658521
0.202085
0.752949
0.403468
0.466451
0.0466374
0.948039
0.0222969
0.838294
0.764089
0.179251
0.111151
0.416472
0.617024
0.639973
0.299778
0.549531
0.378249
0.570571
0.97184
0.559023
0.827979
0.0106083
0.887217
0.238168
0.852369
0.695706
0.440688
0.0166705
0.151682
0.0721464
0.594017
0.199168
0.399531
0.533829
0.647407
0.267834
0.303418
0.82724
0.229875
0.500543
0.162806
0.101012
0.0801669
0.0808572
0.0146758
0.0502447
0.347753
0.0366862
0.770075
0.993955
0.0151412
0.692446
0.0836572
0.0310565
0.796559
0.56019
0.602234
0.455897
0.16248
0.712875
0.57801
0.790872
0.00907073
0.0389455
0.173377
0.132889
0.981752
0.97607
0.932297
0.097764
0.0253012
0.957024
0.926043
0.396187
0.53083
0.427561
0.16455
0.884579
0.761311
0.620471
0.0161336
0.40457
0.873488
0.0436182
0.55018
0.411425
0.307007
0.566267
0.766848
0.533786
0.244035
0.827527
0.830395
0.595259
0.818956
0.926555
0.904143
0.805289
0.3962
0.62241
0.312714
0.336041
0.858156
0.458616
0.567321
0.77357
0.307369
0.25814
0.238877
0.0572886
0.0810531
0.486569
0.00957996
0.733506
0.691494
0.977775
0.701786
0.128551
0.650559
0.287073
0.922183
0.650503
0.832669
0.0882095
0.472729
0.149301
0.416795
0.381839
0.841932
0.0308421
0.950819
0.883247
0.889858
0.508339
0.00402781
0.186487
0.380331
0.406929
0.395656
0.281473
0.975165
0.997902
0.987994
0.352935
0.481492
0.569897
0.779905
0.787951
0.787514
0.584094
0.0530289
0.469091
0.89203
0.621096
0.963968
0.940557
0.99415
0.983873
0.874649
0.308585
0.299759
0.888879
0.425705
0.254865
0.954936
0.964373
0.973735
0.051419
0.647573
0.645833
0.0842951
0.8394
0.690546
0.96291
0.969043
0.586331
0.398215
0.678492
0.0655231
0.102605
0.222533
0.86854
0.106882
0.0492731
0.036047
0.173941
0.05478
0.0938513
0.516554
0.637306
0.0731111
0.383992
0.404577
0.0855364
0.865959
0.176861
0.0289167
0.165352
0.0189281
0.0397206
0.404864
0.580247
0.208072
0.0590268
0.914788
0.963655
0.884275
0.962343
