0.212629
0.102595
0.415956
0.245755
0.561616
0.549938
0.0487581
0.303761
0.410357
0.438364
0.0239474
0.0897256
0.387739
0.852155
0.0995706
0.657624
0.252143
0.164324
0.461466
0.0761641
0.202762
0.206695
0.282387
0.0645056
0.248651
0.0204316
0.0959466
0.207914
0.397129
0.23239
0.93191
0.819079
0.306622
0.325232
0.702595
0.0827706
0.868729
0.204792
0.0433215
0.298597
0.575626
0.19802
0.418536
0.145567
0.610377
0.774111
0.783059
0.298488
0.603676
0.566875
0.523582
0.123642
0.0206204
0.29468
0.324436
0.574122
0.559363
0.663977
0.0916643
0.535762
0.384416
0.9394
0.794659
0.430265
0.0709503
0.0954849
0.0438678
0.525773
0.102878
0.440715
0.673496
0.739643
0.537537
0.325202
0.36327
0.190175
0.0215805
0.0957901
0.912537
0.0526372
0.076364
0.339621
0.158056
0.151968
0.422827
0.382569
0.772403
0.941734
0.192172
0.151052
0.299849
0.0428172
0.421586
0.519009
0.274179
0.72164
0.104217
0.158211
0.889736
0.0819398
0.242867
0.107645
0.231295
0.0781423
0.0573997
0.227501
0.837891
0.164085
0.386071
0.213945
0.787717
0.808299
0.18259
0.178026
0.55664
0.0822686
0.38212
0.0252467
0.0129838
0.0257413
0.010244
0.530706
0.00641154
0.439807
0.505729
0.9591
0.757635
0.897526
0.939556
0.719837
0.135481
0.137904
0.0805043
0.143101
0.185635
0.729032
0.708733
0.502798
0.418976
0.0841194
0.126551
0.0221818
0.0236491
0.885489
0.133419
0.797403
0.0376269
0.233015
0.698833
0.105063
0.482709
0.292157
0.837673
0.781498
0.224838
0.454641
0.240287
0.175014
0.340029
0.562451
0.242139
0.559695
0.0887422
0.171311
0.428573
0.0240659
0.571221
0.292911
0.829147
0.159735
0.30974
0.69687
0.852492
0.779041
0.0311151
0.195855
0.145637
0.226197
0.158578
0.29833
0.22162
0.494852
0.809553
0.00926407
0.278367
0.646387
0.889835
0.358027
0.0744896
0.0637562
0.220299
0.0178519
0.684756
0.171311
0.186802
0.22972
0.102612
0.139126
0.626915
0.9623
0.0301151
0.0398645
0.0177701
0.430276
0.878095
0.0573913
0.121968
0.0786419
0.144885
0.0940475
0.18735
0.111518
0.817241
0.0309149
0.11401
0.0392563
0.0211019
0.255688
0.121138
0.165021
0.0202128
0.882543
0.0272839
0.849779
0.159725
0.928706
0.592888
0.137953
0.767565
0.407901
0.21797
0.112899
0.407995
0.135959
0.592858
0.501819
0.0460725
0.471796
0.0319331
0.0235368
0.212162
0.0728284
0.00714381
0.047487
0.533214
0.666318
0.994569
0.979728
0.570231
0.328843
0.794297
0.2192
0.0998615
0.205104
0.300072
0.251514
0.0494145
0.0723426
0.0404514
0.174881
0.782767
0.299873
0.336192
0.791621
0.370265
0.0540778
0.52543
0.0966693
0.501788
0.13578
0.298813
0.0275994
0.0225344
0.0211149
0.140997
0.0392916
0.464893
0.771823
0.0552519
0.271688
0.829091
0.447693
0.467224
0.716493
0.444309
0.722299
0.58036
0.0539766
0.0278741
0.706211
0.584972
0.163772
0.667229
0.0883832
0.0266243
0.244413
0.883886
0.0831333
0.738087
0.346763
0.127379
0.0221746
0.337711
0.153443
0.406275
0.12047
0.0328699
0.0568481
0.524054
0.883432
0.0838447
0.0342023
0.479381
0.0515554
0.62532
0.192485
0.131057
0.180833
0.925681
0.465308
0.664703
0.131061
0.22452
0.506922
0.0408742
0.495916
0.157707
0.040161
0.0536188
0.971257
0.0420561
0.0445783
0.381903
0.309378
0.0663147
0.0335389
0.923781
0.798958
0.229293
0.0266905
0.419376
0.639779
0.573382
0.696517
0.358667
0.623083
0.0353452
0.0226875
0.0166273
0.0531582
0.648393
0.459638
0.48799
0.125141
0.169807
0.277977
0.0162115
0.894241
0.372069
0.766043
0.100691
0.319006
0.927148
0.323196
0.663146
0.726876
0.432856
0.792109
0.269955
0.0281764
0.210419
0.401617
0.67619
0.0820981
0.407114
0.362039
0.402961
0.660239
0.129333
0.314011
0.0106705
0.187951
0.362028
0.259907
0.663186
0.0931668
0.622956
0.353701
0.186946
0.590937
0.221956
0.0100327
0.00645256
0.024117
0.923189
0.91712
0.688428
0.137727
0.112652
0.228733
0.0846163
0.0992445
0.766327
0.573749
0.275514
0.891691
0.266137
0.488968
0.826461
0.260391
0.127422
0.0173554
0.454216
0.527257
0.0704961
0.299336
0.0630246
0.313292
0.566974
0.656825
0.344629
0.374843
0.442708
0.212544
0.0390578
0.0144898
0.609804
0.391328
0.957208
0.386474
0.0972153
0.0931835
0.0205006
0.0466368
0.243931
0.0718215
0.690791
0.496623
0.981614
0.881042
0.0295015
0.0380608
0.0869696
0.0880802
0.249057
0.216173
0.371266
0.0595317
0.263743
0.374687
0.194876
0.0233677
0.0900495
0.689502
0.744426
0.606513
0.245855
0.0238695
0.343443
0.125744
0.103098
0.161992
0.343065
0.132827
0.6846
0.373782
0.451133
0.082849
0.0955867
0.377733
0.112999
0.412004
0.679476
0.79324
0.853007
0.202408
0.220175
0.434991
0.0565869
0.0506408
0.0304615
0.753846
0.330448
0.035064
0.514875
0.675484
0.056222
0.104259
0.0410405
0.0762146
0.0496589
0.47073
0.0959904
0.0255543
0.0628143
0.459005
0.30053
0.257869
0.0329342
0.70239
0.811248
0.302491
0.0773619
0.483025
0.168729
0.344401
0.171771
0.168152
0.0543387
0.0388118
0.604532
0.123836
0.273354
0.0212913
0.113861
0.0859026
0.299423
0.108979
0.149792
0.100612
0.650336
0.163368
0.64484
0.395145
0.0701159
0.0957721
0.156184
0.495937
0.608961
0.623325
0.161635
0.218536
0.614952
0.768427
0.322559
0.287556
0.315053
0.198054
0.0776305
0.201776
0.13016
0.19999
0.14036
0.230254
0.787025
0.731987
0.369385
0.0330226
0.153253
0.302059
0.528915
0.464037
0.0212063
0.143719
0.209279
0.0736708
0.0420346
0.555388
0.725881
0.0545291
0.667238
0.230766
0.339583
0.0322329
0.0435092
0.027473
0.363809
0.0419232
0.150285
0.135127
0.0953446
0.806222
0.00985052
0.352981
0.0735456
0.337715
0.420629
0.210491
0.0223637
0.0156689
0.0650667
0.852031
0.366259
0.149997
0.248378
0.21921
0.340233
0.0314746
0.225117
0.0274496
0.00636747
0.756656
0.0629086
0.0686212
0.237339
0.0114346
0.0775436
0.0588687
0.324822
0.324306
0.066781
0.506213
0.166815
0.130693
0.0120781
0.19523
0.274427
0.415139
0.0533207
0.257524
0.172022
0.0665084
0.311108
0.718887
0.968636
0.76189
0.0245663
0.0203956
0.0486165
0.0139829
0.0340691
0.0636562
0.966461
0.180459
0.85461
0.247271
0.187823
0.0554953
0.0711882
0.00833773
0.0526777
0.19371
0.604726
0.862234
0.21558
0.687917
0.300255
0.306133
0.422126
0.150368
0.413142
0.894254
0.428871
0.917394
0.428243
0.80074
0.383932
0.616596
0.945626
0.790581
0.79746
0.418503
0.0774172
0.844991
0.693362
0.140194
0.0623024
0.0946099
0.668288
0.491867
0.614675
0.0498047
0.464796
0.112041
0.0282143
0.0305397
0.308322
0.577914
0.41514
0.0903278
0.140689
0.319597
0.382176
0.0509787
0.598619
0.261073
0.019478
0.32055
0.0605117
0.214697
0.199054
0.431133
0.36113
0.272721
0.0519507
0.0823661
0.575415
0.765387
0.731245
0.494559
0.0139951
0.0820943
0.423434
0.456945
0.112369
0.136576
0.0265476
0.0184462
0.0510142
0.461145
0.311923
0.528297
0.222953
0.0890615
0.340824
0.57268
0.112345
0.115448
0.746584
0.116023
0.848033
0.0684163
0.0969097
0.708225
0.657205
0.773111
0.487242
0.168739
0.0870748
0.582961
0.114238
0.775963
0.00865204
0.01795
0.191795
0.654069
0.208535
0.350555
0.251035
0.207575
0.0457618
0.0241366
0.0165455
0.249116
0.126508
0.593433
0.633512
0.145646
0.204758
0.125356
0.4296
0.780332
0.744011
0.41928
0.610985
0.778401
0.250593
0.563277
0.52707
0.0739242
0.645955
0.165483
0.46115
0.558638
0.549983
0.0287374
0.175447
0.311355
0.0592628
0.564811
0.0259738
0.0179654
0.280323
0.403017
0.863888
0.513377
0.1723
0.346998
0.0265453
0.550445
0.10453
0.311377
0.343856
0.431188
0.24984
0.774689
0.0821211
0.368552
0.0251403
0.0426112
0.0831235
0.0231961
0.199203
0.650015
0.136905
0.0355793
0.0488101
0.195653
0.184897
0.119361
0.64679
0.421762
0.184353
0.572004
0.069605
0.0462195
0.382913
0.0951294
0.0166551
0.0307728
0.276088
0.459216
0.13482
0.377098
0.42347
0.00658142
0.0055401
0.268025
0.434259
0.0432126
0.213425
0.0340585
0.062797
0.351215
0.0730872
0.030217
0.106809
0.126143
0.194538
0.123148
0.141542
0.075226
0.216459
0.0941319
0.0814145
0.643168
0.0147733
0.352045
0.25573
0.0569986
0.0254708
0.379158
0.0708564
0.13939
0.688177
0.067957
0.0396634
0.021982
0.0319042
0.484617
0.730799
0.0488974
0.0731826
0.136792
0.0104745
0.127375
0.86415
0.0186645
0.467224
0.384674
0.464796
0.0374783
0.9394
0.445257
0.300805
0.148552
0.496595
0.135189
0.0179179
0.879831
0.0627973
0.207139
0.335508
0.240434
0.0151556
0.0197502
0.102378
0.492906
0.498317
0.0244299
0.240584
0.135223
0.00986323
0.0271699
0.0192515
0.889553
0.923477
0.238779
0.185227
0.0167592
0.0702588
0.509875
0.250029
0.0468154
0.31781
0.0126009
0.836802
0.263846
0.332339
0.126044
0.0175636
0.0406488
0.0624942
0.811011
0.0593119
0.143493
0.483925
0.50915
0.205606
0.171124
0.0365395
0.114934
0.332675
0.03345
0.0611867
0.0527799
0.293516
0.111211
0.185632
0.012971
0.0323606
0.0258534
0.00501722
0.00782241
0.0148852
0.0172918
0.252241
0.157045
0.677299
0.103462
0.936314
0.916914
0.825516
0.799138
0.576831
0.0865765
0.154479
0.0641842
0.0480898
0.213928
0.0965039
0.556857
0.116331
0.158261
0.0979328
0.32852
0.0859734
0.119083
0.100634
0.946108
0.775914
0.96028
0.937548
0.144019
0.0410522
0.0218742
0.0196619
0.859091
0.0509035
0.0982725
0.0797035
0.0938246
0.0444845
0.0476924
0.0171657
0.0867172
0.259129
0.238132
0.109601
0.330859
0.991047
0.990285
0.955396
0.95025
0.95257
0.136127
0.20114
0.0154749
0.118007
0.177404
0.105763
0.256802
0.866028
0.854814
0.038489
0.203178
0.0153
0.0289746
0.0288256
0.0130317
0.97314
0.857696
0.248627
0.967043
0.957732
0.60163
0.060666
0.761755
0.157188
0.113246
0.10632
0.53566
0.0078844
0.891041
0.0547309
0.0387009
0.444826
0.521925
0.0181811
0.883211
0.85435
0.609512
0.0686416
0.887145
0.866983
0.676077
0.316676
0.649737
0.104338
0.249029
0.18706
0.762484
0.106854
0.139344
0.748226
0.870509
0.898957
0.561933
0.0357974
0.539144
0.0672486
0.145708
0.368195
0.0191569
0.269955
0.464668
0.0968938
0.39498
0.0523669
0.0981903
0.0790043
0.704213
0.146775
0.675288
0.448863
0.25318
0.285364
0.340067
0.464511
0.194318
0.127195
0.862471
0.919694
0.32968
0.170858
0.0325309
0.20948
0.377795
0.304007
0.396552
0.311781
0.0635783
0.362211
0.135882
0.244466
0.254759
0.318259
0.405161
0.34795
0.39509
0.411812
0.289886
0.23441
0.076683
0.641946
0.498281
0.427387
0.155952
0.605092
0.830203
0.593911
0.157946
0.262822
0.166253
0.665728
0.81407
0.664864
0.363652
0.801907
0.0676642
0.171498
0.194972
0.570858
0.142905
0.037588
0.116271
0.138434
0.332254
0.133599
0.106581
0.222895
0.320817
0.273738
0.152701
0.204511
0.608241
0.113172
0.101934
0.444837
0.516304
0.114355
0.150793
0.349865
0.0433747
0.228733
0.0204954
0.383206
0.142946
0.564811
0.0792709
0.55282
0.357876
0.111263
0.0190837
0.719722
0.0693418
0.0156363
0.0207721
0.590917
0.0724611
0.145031
0.280057
0.217192
0.110028
0.219507
0.197372
0.0213669
0.0134616
0.198718
0.0644631
0.29887
0.0236284
0.00419617
0.261286
0.188327
0.256236
0.0571993
0.326762
0.176163
0.102602
0.188451
0.113567
0.0399418
0.315006
0.456069
0.0619176
0.159996
0.169794
0.633478
0.0824359
0.212598
0.152717
0.271188
0.13042
0.098637
0.173068
0.095581
0.0153334
0.137524
0.0544601
0.0847725
0.57958
0.538158
0.18295
0.0575935
0.0354562
0.0149501
0.0789113
0.0163815
0.459961
0.125716
0.258831
0.28324
0.299771
0.036851
0.516213
0.055374
0.0212637
0.122864
0.425111
0.0676624
0.14602
0.102972
0.117577
0.0193507
0.0226245
0.244558
0.0977413
0.388543
0.0490261
0.385691
0.210116
0.654615
0.0605699
0.816502
0.0129346
0.032544
0.0370872
0.253402
0.0859888
0.362087
0.880311
0.637164
0.153951
0.0939121
0.101007
0.136315
0.011517
0.0290483
0.556751
0.0758796
0.114439
0.0374307
0.0603919
0.0752037
0.0395049
0.00941452
0.0207027
0.180472
0.0811341
0.0151484
0.0308533
0.0344256
0.00741549
0.0526442
0.473261
0.0605032
0.0312458
0.541607
0.651812
0.155021
0.0910586
0.122517
0.0441317
0.0147542
0.116697
0.156146
0.0849203
0.0792422
0.128832
0.0226725
0.0932914
0.0610917
0.0647613
0.0257374
0.0496386
0.00898039
0.51295
0.546461
0.0166964
0.0314516
0.419733
0.0391588
0.00845016
0.142001
0.110175
0.118633
0.104822
0.170206
0.129319
0.215227
0.064613
0.0674357
0.0524203
0.0750381
0.107025
0.0938889
0.315412
0.0564825
0.563216
0.0375244
0.0135959
0.01707
0.0374697
0.126897
0.23703
0.124941
0.0354824
0.0329471
0.0602684
0.020258
0.0145726
0.0681343
0.024112
0.144926
0.04985
0.107233
0.163438
0.0495763
0.169916
0.0914633
0.0136446
0.0402265
0.159971
0.176577
0.160983
0.042649
0.130742
0.0240815
0.0290055
0.0874848
0.149499
0.230345
0.040424
0.242879
0.47337
0.0586227
0.264939
0.317611
0.0804196
0.1155
0.0552277
0.0444494
0.111428
0.290334
0.0382458
0.281827
0.323088
0.0440297
0.0898716
0.200509
0.0755399
0.0283791
0.264178
0.00823244
0.0939413
0.162722
0.0471372
0.181069
0.0237726
0.0654823
0.0303829
0.031163
0.0879233
0.112504
0.0477049
0.134744
0.206932
0.0830003
0.103692
0.00425307
0.00939279
0.0417876
0.117248
0.0957801
0.0270571
0.0615634
0.382167
0.0114797
0.0311055
0.115508
0.0776633
0.248588
0.136353
0.138851
0.165979
0.322849
0.122349
0.0633239
0.039075
0.0993083
0.11504
0.113802
0.103785
0.0416939
0.0138318
0.0289123
0.0475928
0.297741
0.0721098
0.0356315
0.132211
0.195821
0.441881
0.231486
0.0289288
0.111505
0.217409
0.195861
0.684782
0.0347319
0.170024
0.09014
0.447426
0.608296
0.235018
0.129701
0.635879
0.0628976
0.507666
0.789425
0.0182223
0.0208333
0.0459965
0.136867
0.569954
0.580742
0.143598
0.0819648
0.0167773
0.449591
0.0532916
0.0350263
0.398745
0.549702
0.103396
0.0278442
0.195738
0.0621988
0.130733
0.049979
0.0914075
0.026433
0.593296
0.130488
0.341246
0.0368179
0.0202555
0.0919224
0.0159035
0.0451079
0.164041
0.0457301
0.0169457
0.0962204
0.0529855
0.0623701
0.0320568
0.0738027
0.368779
0.409481
0.138619
0.931822
0.868783
0.788354
0.0127571
0.52079
0.694521
0.0113393
0.0525963
0.651217
0.480095
0.0781654
0.0781272
0.0333351
0.102167
0.12227
0.0305624
0.296847
0.0425583
0.0181078
0.0240869
0.205636
0.986718
0.970962
0.105644
0.608215
0.0968544
0.340653
0.15189
0.0890601
0.0744451
0.108719
0.336623
0.287561
0.164308
0.164776
0.0816802
0.129451
0.0381142
0.323805
0.033305
0.766873
0.0668124
0.0237236
0.196905
0.0255983
0.409784
0.0697085
0.163808
0.439522
0.0385682
0.0670239
0.0322772
0.0479239
0.0208325
0.0212654
0.0874623
0.160672
0.0854228
0.0456183
0.287093
0.415768
0.328645
0.0210786
0.0778385
0.0193434
0.0479545
0.0214774
0.0280998
0.0439096
0.029779
0.0701042
0.0869531
0.0339396
0.0935285
0.704667
0.0107774
0.292735
0.120154
0.152372
0.0550151
0.0262476
0.074588
0.666277
0.0305171
0.698179
0.706696
0.783152
0.0295078
0.157945
0.0197742
0.0251904
0.0396694
0.0964097
0.055294
0.145872
0.0156431
0.162568
0.0923399
0.0956703
0.0691281
0.0974352
0.378023
0.245763
0.102438
0.0487929
0.101423
0.146787
0.0586442
0.011791
0.102374
0.0451915
0.580683
0.523131
0.00916549
0.214738
0.218793
0.00848011
0.0256288
0.278585
0.11309
0.137636
0.217164
0.163297
0.0881848
0.0492612
0.00871863
0.0403691
0.0183264
0.0910102
0.0243206
0.292382
0.0137132
0.102783
0.0292021
0.0579931
0.171831
0.0937111
0.0220543
0.225357
0.0927213
0.0127724
0.0825324
0.269551
0.0356398
0.0680307
0.0241295
0.296362
0.0734135
0.0502879
0.0309627
0.0142284
0.0354978
0.663725
0.779091
0.492556
0.203639
0.0120226
0.416933
0.0648154
0.0266928
0.145603
0.0886957
0.926229
0.0120958
0.165776
0.0537344
0.0823346
0.0146714
0.0513118
0.0530674
0.146863
0.814566
0.511828
0.253342
0.0808066
0.0651896
0.346103
0.243286
0.0426304
0.135703
0.625921
0.326832
0.745593
0.102125
0.162965
0.955422
0.28442
0.268046
0.0116109
0.285999
0.081588
0.120231
0.857643
0.134664
0.0870961
0.0267654
0.120306
0.159
0.35038
0.0616113
0.0679851
0.135818
0.0306334
0.0500648
0.01981
0.0142183
0.895855
0.245702
0.113896
0.116348
0.0744018
0.0372233
0.119562
0.154414
0.536738
0.0178969
0.174931
0.89322
0.0653824
0.278185
0.817815
0.0292558
0.0533034
0.0963831
0.0388262
0.0470212
0.0433967
0.0292308
0.0315863
0.0668628
0.393308
0.329938
0.700405
0.582951
0.425016
0.159616
0.0840845
0.0712579
0.0118956
0.0313227
0.021942
0.229349
0.0778841
0.311956
0.337104
0.0582421
0.0157262
0.0131563
0.0586841
0.00734601
0.0687918
0.0535084
0.0180205
0.0218023
0.0590554
0.0776165
0.0315462
0.0353569
0.24506
0.0502929
0.0695378
0.0811573
0.0631525
0.932293
0.89541
0.282085
0.292603
0.0925114
0.139531
0.0375054
0.0397555
0.0184353
0.142917
0.48491
0.102253
0.0451316
0.0222803
0.282251
0.0291539
0.0626642
0.44297
0.0987344
0.0705949
0.718289
0.239327
0.0284413
0.0568666
0.205226
0.0712016
0.169975
0.151648
0.0232687
0.0361
0.0723085
0.0411631
0.102376
0.121177
0.0884556
0.0298076
0.188276
0.0745901
0.113519
0.0501006
0.570085
0.120419
0.190997
0.179328
0.228505
0.051079
0.0110109
0.0858488
0.0659317
0.0940934
0.596415
0.665498
0.164551
0.0349283
0.0206382
0.0167701
0.0742684
0.378768
0.0770568
0.166818
0.41606
0.0319376
0.115554
0.0193242
0.387219
0.184718
0.00834856
0.288926
0.0438895
0.383129
0.0333822
0.23626
0.0339077
0.0082982
0.0106426
0.141489
0.0821796
0.0386822
0.00641009
0.0253724
0.0592666
0.0383957
0.0744245
0.557726
0.167218
0.360153
0.0258343
0.190705
0.0123227
0.101444
0.0289425
0.0111575
0.0802412
0.00887866
0.0526276
0.0579029
0.0468223
0.0128146
0.0510139
0.0264137
0.0596044
0.116071
0.150015
0.508299
0.502959
0.180357
0.0612154
0.141077
0.0651499
0.14713
0.0374806
0.341571
0.0219954
0.0777633
0.0183216
0.0283458
0.0440635
0.0352544
0.314382
0.0137473
0.0307892
0.432751
0.0282675
0.0447321
0.0712133
0.344181
0.173057
0.0315517
0.0153241
0.121756
0.160984
0.0598111
0.0916624
0.108845
0.0331681
0.0816004
0.0767719
0.0435284
0.0534505
0.0160862
0.0122167
0.0703406
0.0121414
0.0478527
0.10128
0.179262
0.127007
0.0698243
0.0956997
0.128248
0.134365
0.0301162
0.20567
0.0628328
0.280596
0.0716895
0.263265
0.191236
0.0517988
0.037106
0.0265653
0.185556
0.0590838
0.0240874
0.309286
0.0702824
0.130567
0.0726846
0.0155433
0.0662582
0.100243
0.0626298
0.554999
0.628073
0.443737
0.0584196
0.591511
0.582124
0.0490547
0.174213
0.0198119
0.0287554
0.0101962
0.0897471
0.196824
0.0747038
0.128485
0.0458104
0.0259016
0.273162
0.341526
0.058772
0.991608
0.954366
0.0929024
0.013878
0.0318114
0.0998935
0.489851
0.115555
0.664081
0.0495465
0.112921
0.256308
0.680684
0.0226562
0.0943106
0.724279
0.0195422
0.428794
0.800901
0.789246
0.0725992
0.0692692
0.0542231
0.0835489
0.0597151
0.0706496
0.0512308
0.201957
0.722933
0.0561166
0.0138115
0.00881852
0.0713435
0.211537
0.0192452
0.0116892
0.0351211
0.0570452
0.349245
0.0326418
0.137168
0.869611
0.034692
0.115435
0.0892538
0.0819736
0.0640291
0.0220496
0.900164
0.058981
0.0257638
0.0246524
0.00996139
0.0192546
0.0135345
0.0433792
0.161076
0.0998481
0.240087
0.457508
0.0153441
0.0194031
0.0802008
0.389894
0.0320565
0.357362
0.0298412
0.120897
0.00465108
0.00836986
0.100541
0.274724
0.175347
0.149651
0.0471709
0.374372
0.312849
0.0486329
0.0430499
0.0139834
0.107299
0.0145654
0.0375776
0.0277288
0.0508123
0.0122973
0.012901
0.167803
0.0240536
0.117671
0.181421
0.12105
0.0784084
0.0128626
0.0242106
0.0332109
0.0395952
0.0157475
0.0511655
0.0236993
0.056482
0.0912141
0.180711
0.0540171
0.271385
0.205932
0.0789279
0.0876674
0.139717
0.0734131
0.192947
0.744335
0.276534
0.0708212
0.0371074
0.282791
0.0423277
0.150235
0.136513
0.383656
0.0138317
0.0857332
0.210416
0.331145
0.126219
0.650139
0.145123
0.0475272
0.0347166
0.0675164
0.265253
0.0641506
0.225317
0.0261661
0.609316
0.0875365
0.0258537
0.118682
0.0168327
0.179852
0.0213048
0.132165
0.0851616
0.176229
0.013015
0.0300634
0.0695598
0.404345
0.582965
0.307514
0.439814
0.270129
0.0211997
0.163169
0.0476294
0.0986534
0.0191637
0.151076
0.203215
0.235368
0.0668125
0.145149
0.0185978
0.0532766
0.0828523
0.269321
0.199712
0.320723
0.295188
0.374853
0.0248071
0.0283853
0.0172658
0.0280801
0.278063
0.0266587
0.0692443
0.0126956
0.0810109
0.0732228
0.11717
0.601857
0.0652624
0.0819005
0.02856
0.0330404
0.987684
0.869051
0.18923
0.0491385
0.0382784
0.176765
0.113421
0.0360024
0.121712
0.0504292
0.0539313
0.030363
0.0365237
0.10271
0.032253
0.1424
0.0496274
0.077221
0.102777
0.17477
0.194475
0.0762159
0.455504
0.159003
0.183671
0.2457
0.149188
0.0972921
0.0766724
0.173335
0.184301
0.971873
0.975072
0.909737
0.00740066
0.8248
0.0531918
0.0297913
0.0217242
0.329635
0.209063
0.0321623
0.410281
0.0172935
0.0866368
0.0162281
0.0571148
0.0131611
0.531313
0.119345
0.0183836
0.205485
0.193198
0.023284
0.116117
0.116161
0.079177
0.137442
0.0583147
0.398264
0.0344305
0.112377
0.0229255
0.0227183
0.104097
0.0120807
0.536485
0.0275792
0.0278872
0.0834938
0.0936096
0.0461407
0.529179
0.0695868
0.0605303
0.0825252
0.4124
0.0521627
0.438531
0.0524943
0.0133015
0.111546
0.0475321
0.0428823
0.0654252
0.0639519
0.0683832
0.12146
0.319829
0.226791
0.383766
0.384796
0.0150512
0.0162372
0.0249894
0.0667857
0.125983
0.0463456
0.058253
0.0233388
0.157919
0.022845
0.077761
0.957574
0.962012
0.774089
0.285488
0.0209055
0.0127036
0.0488843
0.440602
0.220941
0.0236066
0.47494
0.102199
0.193971
0.0330939
0.144496
0.910445
0.0718424
0.0554505
0.0495781
0.687847
0.735376
0.0365145
0.454973
0.316485
0.13249
0.137443
0.200964
0.0359569
0.319082
0.236248
0.20152
0.243523
0.0995307
0.144474
0.123699
0.277732
0.0414399
0.337575
0.202627
0.140278
0.0695917
0.32797
0.543692
0.512314
0.10134
0.122485
0.0319422
0.364013
0.48698
0.150688
0.168715
0.0759328
0.0383492
0.0665767
0.860764
0.2822
0.0449573
0.0476633
0.885439
0.279917
0.289236
0.280722
0.0397017
0.418803
0.133704
0.898687
0.0751329
0.0298255
0.324188
0.0891026
0.17786
0.583397
0.0616091
0.0216199
0.508475
0.283995
0.144309
0.0397996
0.0946858
0.152103
0.14529
0.0728084
0.0564027
0.0596785
0.544074
0.019403
0.021718
0.0156027
0.188834
0.101982
0.14192
0.0637356
0.327318
0.033464
0.284679
0.0439743
0.491484
0.405583
0.495077
0.417436
0.46336
0.745047
0.792852
0.954026
0.851748
0.237089
0.603766
0.74588
0.530769
0.549158
0.698159
0.598428
0.0456077
0.133042
0.540007
0.258087
0.0420922
0.677444
0.384867
0.0226148
0.020022
0.0670551
0.599329
0.460231
0.0788579
0.191502
0.225941
0.118531
0.158583
0.0110003
0.24642
0.0183474
0.846365
0.585577
0.185059
0.0650192
0.0659787
0.0900031
0.0431909
0.102613
0.0544271
0.288032
0.244198
0.0252936
0.232211
0.0267902
0.0216095
0.570965
0.491228
0.176169
0.186003
0.186243
0.0405504
0.0807656
0.206591
0.0200808
0.144853
0.0792339
0.585141
0.58993
0.19188
0.349394
0.176544
0.0107979
0.346123
0.516869
0.095497
0.0529795
0.0476861
0.0393009
0.00448215
0.028065
0.0618078
0.188763
0.186369
0.404879
0.0348539
0.0654716
0.0112409
0.0420003
0.0310465
0.153466
0.121276
0.110797
0.182773
0.134833
0.0649806
0.117177
0.171948
0.0209651
0.221152
0.00638638
0.0153901
0.696042
0.062777
0.0196243
0.753074
0.0215651
0.37547
0.0641172
0.43396
0.147149
0.328259
0.456628
0.344992
0.556158
0.0845151
0.776581
0.182929
0.0326786
0.247489
0.623697
0.319706
0.0547218
0.515274
0.0345782
0.150621
0.166798
0.187606
0.0155074
0.388122
0.045401
0.216664
0.2577
0.0695728
0.121977
0.0487416
0.0195648
0.267537
0.63669
0.200712
0.245623
0.0949378
0.688663
0.0331658
0.049302
0.165494
0.0492458
0.337272
0.136867
0.108267
0.013337
0.0146786
0.123347
0.275906
0.0189435
0.0474815
0.034739
0.0339239
0.0314145
0.193582
0.176911
0.262235
0.123654
0.0165784
0.162632
0.0378355
0.0410124
0.199263
0.0368875
0.0629765
0.110038
0.548167
0.021699
0.427411
0.0716754
0.0690427
0.735938
0.0336492
0.728818
0.0172135
0.593338
0.454585
0.120431
0.267819
0.0635616
0.0574797
0.0510074
0.0103796
0.0715562
0.196405
0.0116675
0.051504
0.129711
0.78086
0.883872
0.275993
0.0459059
0.0850896
0.508331
0.273841
0.146063
0.0525743
0.0882343
0.602552
0.609666
0.063979
0.307556
0.464662
0.46728
0.0726841
0.243668
0.572948
0.0868332
0.0568487
0.0401791
0.099203
0.0282379
0.0719755
0.0473024
0.0969294
0.00491296
0.439353
0.283792
0.0154765
0.108475
0.223285
0.242634
0.15355
0.38298
0.575655
0.42644
0.293809
0.412611
0.0117335
0.0349609
0.180247
0.645609
0.582483
0.0265363
0.0325075
0.767634
0.309318
0.0835356
0.0211701
0.163686
0.0332218
0.101079
0.317572
0.0570275
0.0561762
0.0811718
0.0461357
0.490898
0.415025
0.23451
0.0171616
0.0260815
0.104946
0.833409
0.267067
0.0570084
0.0917677
0.0413784
0.0775974
0.0479607
0.0322036
0.0800558
0.151782
0.038334
0.0543348
0.0924716
0.311404
0.467493
0.363657
0.493869
0.134561
0.349879
0.11052
0.0185572
0.012976
0.981354
0.769898
0.245643
0.144983
0.154018
0.175142
0.0114876
0.150674
0.0267493
0.0267249
0.158981
0.028296
0.127593
0.0479121
0.0152834
0.0180749
0.172727
0.0529501
0.0213098
0.104552
0.0803121
0.117138
0.0263127
0.880908
0.755671
0.849356
0.0524464
0.0306553
0.118688
0.929557
0.930988
0.0861079
0.08587
0.0282315
0.521476
0.0201545
0.0495704
0.131873
0.036117
0.0607418
0.00593804
0.0155263
0.0293362
0.090549
0.253025
0.152146
0.0330131
0.145537
0.599869
0.119246
0.703764
0.71669
0.0711233
0.0239031
0.0421
0.0733597
0.0313474
0.585217
0.300359
0.093411
0.0276037
0.0472199
0.0616276
0.882357
0.934494
0.749678
0.982774
0.119323
0.0771718
0.0376084
0.028461
0.776483
0.962477
0.977055
0.93156
0.917348
0.0230269
0.0249436
0.673874
0.0079278
0.0446592
0.115895
0.890997
0.0433468
0.0366695
0.137787
0.0171068
0.0793032
0.0151061
0.0690871
0.0153131
0.0424705
0.935198
0.0392698
0.80972
0.0699186
0.820879
0.921549
0.481152
0.746288
0.474102
0.0338729
0.307248
0.0527027
0.194457
0.0375006
0.197318
0.381053
0.535583
0.122918
0.276213
0.0442419
0.0141697
0.919506
0.0512608
0.488774
0.257919
0.837634
0.646291
0.992609
0.970881
0.981614
0.962675
0.443095
0.628259
0.0347257
0.157766
0.0705448
0.108564
0.592379
0.0851745
0.11384
0.0318048
0.136133
0.242367
0.110862
0.0961398
0.323731
0.295091
0.142177
0.0471284
0.0409422
0.137121
0.141547
0.165623
0.102222
0.0345525
0.0286513
0.0984847
0.139096
0.210313
0.0248644
0.0635303
0.0521027
0.0614734
0.263606
0.0442655
0.038338
0.0270073
0.240961
0.0213847
0.0800185
0.447758
0.0193195
0.143011
0.92427
0.914446
0.114908
0.0403484
0.0900373
0.214307
0.15988
0.0257296
0.312294
0.363709
0.13812
0.0507877
0.346221
0.208375
0.0657053
0.00765257
0.0152698
0.0710888
0.100655
0.042069
0.49498
0.443668
0.213571
0.127203
0.238887
0.183039
0.0533783
0.0120248
0.031182
0.0244302
0.0256803
0.0491007
0.0888303
0.079038
0.26714
0.101056
0.0272187
0.110791
0.136005
0.113603
0.0118637
0.110328
0.0167484
0.152161
0.00813438
0.0187848
0.0158651
0.0251626
0.12286
0.0390195
0.0425638
0.0773159
0.0656571
0.471403
0.0311527
0.033623
0.0105648
0.0525717
0.0127064
0.0103378
0.0121191
0.0520481
0.0313661
0.79446
0.060746
0.23057
0.257289
0.24735
0.0334356
0.505218
0.159871
0.350931
0.0338927
0.56404
0.100326
0.16436
0.417434
0.157281
0.0167156
0.459949
0.39375
0.106112
0.127436
0.0256214
0.0653951
0.126104
0.0177868
0.0224098
0.00898204
0.0331677
0.0180768
0.174835
0.764691
0.812552
0.52851
0.356353
0.26735
0.0337837
0.0284426
0.0463236
0.0119963
0.0743226
0.186571
0.0389649
0.738482
0.0244562
0.010671
0.882601
0.516627
0.0156902
0.0259081
0.0853667
0.105912
0.030712
0.0920315
0.065982
0.0890603
0.0371478
0.312204
0.021511
0.0222034
0.0636111
0.0109321
0.127315
0.0248503
0.16618
0.0104804
0.0256922
0.173392
0.0518572
0.00337453
0.0845009
0.164634
0.0522996
0.21644
0.37302
0.118068
0.0437275
0.28086
0.152307
0.802329
0.0891669
0.0369968
0.0639195
0.33547
0.265638
0.108711
0.0778943
0.0156137
0.084629
0.0855526
0.0196163
0.0893579
0.0275413
0.110759
0.0724267
0.024696
0.0465451
0.0136758
0.394888
0.22417
0.0178366
0.0183938
0.0871972
0.0520808
0.0439106
0.0538117
0.0400185
0.0679391
0.278159
0.171368
0.0618327
0.0958465
0.0783505
0.0792558
0.114649
0.0402793
0.089621
0.132237
0.504124
0.308237
0.0515211
0.0324667
0.182219
0.017753
0.0239943
0.118262
0.0994101
0.0966668
0.0550525
0.0251148
0.0209756
0.0527488
0.0469534
0.00728347
0.0227596
0.108061
0.0765829
0.027114
0.95724
0.882652
0.961964
0.0429795
0.0917907
0.0178613
0.37148
0.286071
0.157755
0.423811
0.253677
0.321508
0.10299
0.082694
0.0407658
0.685296
0.924946
0.20746
0.0397543
0.07529
0.121985
0.0398662
0.198466
0.320962
0.132453
0.0740844
0.0787555
0.0958118
0.0551412
0.0144176
0.151685
0.0260013
0.0323281
0.121888
0.0695694
0.273632
0.104255
0.149172
0.0316347
0.154358
0.0233674
0.02501
0.121044
0.225425
0.0201321
0.410338
0.172847
0.0297982
0.753359
0.0802029
0.0992902
0.570921
0.0716501
0.362233
0.908999
0.382418
0.0680077
0.460069
0.0906492
0.477974
0.0885209
0.1047
0.0977574
0.0241222
0.0589837
0.136577
0.111102
0.270358
0.204876
0.0203114
0.0153288
0.101067
0.0480137
0.034929
0.0220945
0.0697732
0.20446
0.364423
0.186109
0.0363165
0.18032
0.203513
0.0191669
0.0295423
0.408623
0.12249
0.0715732
0.0492394
0.127139
0.105749
0.385065
0.0560883
0.0830992
0.0316773
0.148973
0.0486601
0.0496528
0.0328707
0.365635
0.0744628
0.132061
0.644222
0.0996131
0.0313754
0.0852947
0.068089
0.0445949
0.0477754
0.0592048
0.262916
0.0448938
0.712006
0.101352
0.115138
0.449556
0.668658
0.448806
0.365009
0.0221999
0.104805
0.859006
0.490373
0.590326
0.0107557
0.0508348
0.0563586
0.0958266
0.0317394
0.147306
0.146629
0.330381
0.0675474
0.565852
0.319544
0.24358
0.330708
0.0129778
0.325611
0.1517
0.102292
0.0538059
0.242891
0.040499
0.0466859
0.20609
0.385501
0.258473
0.0793513
0.160754
0.138421
0.19764
0.0742951
0.160277
0.0746028
0.0541534
0.0429829
0.0459159
0.214519
0.00544659
0.0912943
0.437536
0.0758765
0.0352238
0.169381
0.419897
0.116809
0.199465
0.0819659
0.0941567
0.278137
0.235255
0.776571
0.111143
0.122379
0.0504399
0.0561144
0.0491116
0.373647
0.310905
0.457883
0.106153
0.0623644
0.35297
0.0437434
0.182693
0.310532
0.105281
0.00925608
0.0241589
0.0755744
0.261935
0.0372793
0.115493
0.111043
0.0679419
0.0472104
0.208867
0.0791685
0.00602408
0.100322
0.0415488
0.123976
0.12299
0.117281
0.023963
0.0740938
0.864705
0.170732
0.176946
0.423758
0.0654543
0.0235184
0.0521127
0.267121
0.0919915
0.023904
0.506871
0.0313904
0.0223202
0.0393546
0.0276433
0.0549826
0.181562
0.0536355
0.681678
0.670079
0.0835658
0.395408
0.108215
0.0473567
0.0973375
0.048689
0.24097
0.0217542
0.128779
0.0861809
0.135104
0.752573
0.0308586
0.066781
0.353018
0.0542924
0.500681
0.205821
0.174469
0.216067
0.0384591
0.035633
0.177061
0.0429967
0.0295908
0.0387279
0.0288036
0.0151213
0.0413806
0.0744937
0.0697681
0.0286948
0.0282676
0.390123
0.207111
0.325892
0.168359
0.13968
0.0420058
0.0836468
0.0270869
0.326098
0.0961031
0.0543423
0.033925
0.0415349
0.0517159
0.113476
0.0281752
0.0578491
0.0331223
0.069703
0.175432
0.846914
0.0757311
0.254263
0.103376
0.0425094
0.0501825
0.033246
0.221192
0.120262
0.0246914
0.0884996
0.473074
0.530321
0.222923
0.0219575
0.0138726
0.147289
0.173319
0.188562
0.334735
0.0659347
0.389818
0.302956
0.0377734
0.0852098
0.0435745
0.0672864
0.0365631
0.164743
0.195155
0.241595
0.623403
0.524355
0.0259576
0.131673
0.285355
0.221479
0.0892762
0.0280976
0.045349
0.0917127
0.0262508
0.0502138
0.219319
0.0457068
0.0296664
0.0240484
0.00849432
0.0782246
0.0298412
0.038284
0.0698138
0.133157
0.0331005
0.156904
0.254266
0.383135
0.0730203
0.0221778
0.285032
0.10922
0.0470991
0.0176468
0.114627
0.105254
0.137964
0.10509
0.111532
0.0648915
0.0909636
0.0738142
0.118735
0.0580761
0.0950297
0.395151
0.0198264
0.529312
0.0414881
0.0233996
0.387381
0.0947718
0.0962879
0.0541701
0.106538
0.107887
0.119684
0.0775473
0.0174495
0.0238263
0.0624363
0.0691865
0.202912
0.324705
0.0811611
0.0238837
0.0728073
0.165475
0.0116868
0.026951
0.0196155
0.120781
0.210913
0.228694
0.0411213
0.271256
0.0621745
0.492354
0.223844
0.473455
0.133872
0.253112
0.038754
0.413613
0.0660768
0.024134
0.0503444
0.0201051
0.0113508
0.204333
0.0458914
0.142946
0.155056
0.286976
0.0451082
0.0467623
0.0565457
0.0366104
0.0626822
0.080831
0.0554836
0.0313688
0.217357
0.764508
0.100871
0.0608007
0.0470694
0.271795
0.0199354
0.0460257
0.0692582
0.0734827
0.156179
0.205837
0.190002
0.182644
0.0318398
0.0287395
0.110655
0.0360799
0.0161724
0.0155336
0.0185436
0.235935
0.0197199
0.1425
0.0245081
0.0143554
0.0168139
0.535574
0.17918
0.071951
0.28662
0.0730546
0.0133745
0.105657
0.109771
0.0858047
0.0347179
0.0652345
0.209207
0.0248272
0.00544121
0.119976
0.0278475
0.0267064
0.163408
0.116019
0.178942
0.0115066
0.0346393
0.024252
0.0219918
0.0146043
0.045663
0.0746574
0.257109
0.117186
0.00760791
0.0179112
0.0482805
0.170799
0.0376512
0.0222386
0.248864
0.0724322
0.0874844
0.124225
0.54131
0.0428981
0.154872
0.0620161
0.0447074
0.0331345
0.0364795
0.16236
0.0921006
0.0287818
0.058988
0.00915975
0.0373242
0.0704705
0.0713193
0.275211
0.639359
0.264848
0.0116489
0.0860778
0.160486
0.0760602
0.124668
0.046415
0.0740613
0.183311
0.241821
0.306881
0.0298493
0.0465335
0.157942
0.249801
0.111714
0.123713
0.013658
0.204234
0.089268
0.069484
0.0397672
0.0133965
0.12666
0.0723892
0.0344007
0.299119
0.0808264
0.344639
0.039187
0.0540683
0.208151
0.200294
0.0558263
0.0273944
0.0282888
0.102215
0.0385464
0.191133
0.234107
0.00632346
0.0875749
0.0154398
0.139689
0.0141413
0.020863
0.0659311
0.29547
0.145989
0.23239
0.158131
0.104395
0.209929
0.0769821
0.0462408
0.379988
0.12447
0.113823
0.0274852
0.0491672
0.0741429
0.0551857
0.0250989
0.0162353
0.0797417
0.188041
0.0712498
0.0214929
0.0172141
0.0336651
0.0145953
0.158278
0.044668
0.0161227
0.0634094
0.0426616
0.443481
0.0735279
0.0151009
0.0353807
0.0510559
0.122627
0.0164439
0.0200504
0.14064
0.130237
0.283357
0.0718213
0.0372804
0.0093678
0.0334761
0.11471
0.0705463
0.0873526
0.0757315
0.170797
0.472377
0.046362
0.101522
0.442943
0.0180995
0.0522624
0.0380218
0.286035
0.0592511
0.0112542
0.0323812
0.142481
0.275384
0.0620903
0.294592
0.0471269
0.0430857
0.190477
0.125339
0.0213182
0.0974822
0.0405417
0.0343636
0.0139976
0.0521412
0.0139568
0.0856195
0.0316745
0.00793599
0.0371563
0.117596
0.0676341
0.014324
0.0315311
0.12449
0.0838077
0.0308933
0.0933961
0.0230426
0.0122661
0.108872
0.272161
0.0843187
0.0723426
0.0604123
0.0368939
0.0837562
0.214487
0.0228151
0.0148276
0.0512701
0.131913
0.0778273
0.0398033
0.0234814
0.0160972
0.112731
0.0662615
0.0404465
0.274423
0.0445011
0.0897329
0.0344946
0.110957
0.346097
0.0289167
0.0101274
0.536151
0.0878554
0.332545
0.0324581
0.40768
0.229968
0.135834
0.0373071
0.190314
0.228233
0.0309164
0.0359964
0.0135033
0.338288
0.381863
0.496035
0.0141616
0.0432774
0.0111179
0.100117
0.141768
0.0652936
0.078389
0.0208966
0.0261799
0.385293
0.0287231
0.137467
0.0356005
0.0574648
0.176219
0.133973
0.0974813
0.0295614
0.209357
0.474582
0.0339589
0.070709
0.0148665
0.140605
0.085674
0.22003
0.150903
0.0604066
0.174395
0.0476435
0.0215618
0.107732
0.332795
0.131974
0.0681752
0.0358135
0.0065642
0.0906681
0.041948
0.0667916
0.421901
0.0812136
0.0991495
0.0125009
0.0414279
0.0465989
0.0889831
0.0641792
0.191852
0.102616
0.0531042
0.111756
0.100892
0.0279795
0.0696698
0.100356
0.0133271
0.0245629
0.131717
0.0941825
0.0799151
0.0625694
0.0134803
0.00784063
0.00757964
0.0209986
0.0662966
0.161696
0.100955
0.0303035
0.0122883
0.059325
0.331329
0.0234788
0.533834
0.508543
0.0437253
0.0233928
0.0782836
0.0299459
0.0491422
0.0606843
0.094689
0.0765185
0.0726892
0.0199795
0.0267452
0.0114546
0.121854
0.28186
0.0228055
0.134294
0.0919125
0.221152
0.379097
0.34776
0.0803182
0.050513
0.0282733
0.0102807
0.0581544
0.0513776
0.42697
0.134692
0.219009
0.00549734
0.0639752
0.222774
0.165168
0.0596247
0.127223
0.0251582
0.0149858
0.0703135
0.0185502
0.39372
0.020228
0.038821
0.102569
0.0794399
0.0643163
0.113222
0.142209
0.255152
0.343321
0.347016
0.0877283
0.100948
0.0988205
0.103519
0.105213
0.0177576
0.0322073
0.0385826
0.0283542
0.0257553
0.0182661
0.0290306
0.445451
0.0428392
0.0658444
0.0725788
0.0335716
0.0134534
0.128033
0.0231982
0.315929
0.189163
0.0781402
0.76986
0.242467
0.512374
0.0178861
0.0276159
0.0452629
0.0588346
0.00829187
0.0744468
0.053962
0.0542363
0.126199
0.141766
0.0175404
0.0396509
0.0566533
0.0167894
0.0450404
0.132356
0.0519303
0.00824668
0.0488375
0.116927
0.0538631
0.00504483
0.0251308
0.251601
0.369756
0.106576
0.0207501
0.0959469
0.128295
0.0977495
0.0530252
0.0281182
0.0593596
0.119477
0.286737
0.43996
0.0480835
0.195787
0.0480433
0.35823
0.374639
0.0305235
0.24242
0.0521592
0.383795
0.0727794
0.0432302
0.0847303
0.074752
0.246085
0.0311462
0.0597603
0.0542904
0.082653
0.0427721
0.0247165
0.269419
0.295655
0.0110446
0.00588116
0.0213268
0.067388
0.0765297
0.130608
0.03163
0.0324309
0.0548003
0.0953108
0.12433
0.0721053
0.0787343
0.0177144
0.163797
0.422782
0.123758
0.00998746
0.0283248
0.111964
0.0630681
0.152047
0.437867
0.0292265
0.0809082
0.0814765
0.052173
0.0709882
0.0683978
0.0201512
0.0504564
0.0657645
0.0859174
0.0388787
0.0335866
0.0112142
0.0320616
0.00557414
0.367792
0.0159776
0.114064
0.00802103
0.0595209
0.00855089
0.246838
0.0513319
0.0531169
0.332967
0.066549
0.0988065
0.059782
0.0181814
0.513416
0.165483
0.153316
0.0150407
0.146848
0.127644
0.103704
0.105008
0.0619886
0.0708102
0.0201753
0.0187674
0.181783
0.0355423
0.0336155
0.098171
0.205296
0.0242107
0.0637265
0.0314124
0.102945
0.165537
0.213456
0.0351312
0.0339543
0.0398484
0.0239189
0.0118434
0.0571246
0.0229658
0.0154116
0.0771542
0.0647096
0.0699567
0.0292601
0.0188771
0.0253749
0.0480618
0.102303
0.0809053
0.0170511
0.0527305
0.498892
0.040475
0.0343907
0.42443
0.148732
0.00956659
0.135452
0.0344913
0.0209667
0.0448327
0.153146
0.0124663
0.0777577
0.124019
0.0821784
0.0265819
0.0532043
0.037584
0.0798052
0.00935312
0.0382962
0.0210063
0.0593676
0.142109
0.103988
0.0667323
0.0291266
0.0276137
0.0143083
0.0274231
0.0515754
0.0818622
0.0474394
0.0131813
0.0345077
0.0239816
0.0208431
0.0257119
0.0241721
0.0248245
0.0860073
0.0257429
0.0468119
0.0370256
0.0555571
0.0329762
0.0644182
0.0673783
0.0366301
0.0314996
0.0550985
0.0376311
0.0675598
0.12077
0.143496
0.119629
0.0312753
0.013321
0.0162952
0.0106474
0.0566746
0.11581
0.0217342
0.0116851
0.0451863
0.0107055
0.333979
0.195953
0.242548
0.114041
0.0929045
0.503685
0.0354827
0.0379501
0.0542771
0.734706
0.0486939
0.0597843
0.0991408
0.154632
0.189557
0.0438391
0.0340464
0.180243
0.168728
0.0421249
0.0600434
0.182618
0.056837
0.0183268
0.0767744
0.0221454
0.328256
0.0628213
0.0452119
0.120972
0.0369534
0.0739772
0.0157422
0.0464321
0.215237
0.0848555
0.0801521
0.0617018
0.0245419
0.0557557
0.0741108
0.0205374
0.12332
0.0153363
0.0239053
0.0275387
0.0351843
0.0531451
0.113494
0.0295359
0.0281132
0.0125245
0.098212
0.0280721
0.0140265
0.0370785
0.0196059
0.0331228
0.0591121
0.0641726
0.194945
0.0458312
0.163285
0.151648
0.131661
0.0178125
0.00725917
0.36872
0.0105455
0.0434993
0.0606777
0.0309154
0.0277199
0.0224985
0.0151446
0.0796212
0.0514688
0.027857
0.0474944
0.056689
0.0566512
0.065413
0.0558369
0.0171314
0.545742
0.135132
0.107135
0.0203294
0.0439918
0.0619451
0.183203
0.0385266
0.05503
0.124457
0.0834877
0.0426114
0.0300093
0.0547275
0.0699919
0.125368
0.012659
0.0352086
0.0639753
0.00800826
0.0194995
0.041853
0.0185838
0.0589731
0.0750524
0.0433621
0.134385
0.0507009
0.0217965
0.0504402
0.0736935
0.100486
0.0296618
0.0804627
0.0520668
0.0387888
0.02654
0.142479
0.0395499
0.0203855
0.0821791
0.0549865
0.137093
0.0941659
0.00974231
0.0427458
0.163692
0.0390959
0.119236
0.212597
0.069675
0.030791
0.105077
0.0043987
0.0311004
0.0190759
0.0370669
0.027237
0.148814
0.0229182
0.0853589
0.0482797
0.0755468
0.0702218
0.129891
0.0782692
0.0856915
0.152186
0.0112486
0.0262467
0.0455993
0.055737
0.45927
0.0838671
0.0120011
0.0992003
0.0232111
0.0104592
0.203183
0.273795
0.0484755
0.062687
0.124405
0.0981279
0.0652845
0.013921
0.0345639
0.0478228
0.0264264
0.206055
0.0467994
0.0549082
0.0601083
0.105439
0.109369
0.321421
0.230427
0.0229089
0.137266
0.261873
0.0130665
0.760349
0.100427
0.0477465
0.0286722
0.176429
0.0181952
0.174181
0.0134232
0.0239154
0.0493401
0.0230229
0.0174018
0.011713
0.133494
0.0373574
0.1358
0.0769845
0.187976
0.262318
0.0319789
0.0203052
0.0414495
0.0447692
0.062237
0.0250769
0.0379182
0.0615735
0.0225739
0.0412523
0.0552293
0.0814215
0.065225
0.0767246
0.249447
0.0126676
0.0892764
0.159451
0.0338363
0.164321
0.0109742
0.050345
0.351444
0.0746937
0.0412483
0.178819
0.114533
0.0784309
0.0591972
0.0432169
0.0601351
0.0194869
0.119671
0.119739
0.0775799
0.21565
0.170811
0.134128
0.0569578
0.257945
0.0266872
0.0122025
0.0383835
0.0485889
0.107387
0.076898
0.119042
0.10156
0.330442
0.0295257
0.024411
0.244742
0.0451843
0.17372
0.469887
0.457708
0.0179778
0.0820996
0.0579687
0.0231405
0.0995664
0.00958038
0.0641152
0.0331302
0.0628266
0.066503
0.121112
0.0126927
0.0244637
0.583949
0.00404308
0.0674121
0.101323
0.319907
0.155868
0.20787
0.150997
0.203613
0.0637973
0.049607
0.0423796
0.0153399
0.156169
0.0511568
0.0138878
0.0730253
0.0104429
0.0107698
0.0299458
0.0350493
0.0212395
0.0167229
0.0473864
0.0277099
0.0728245
0.0807907
0.261502
0.0216243
0.0260829
0.125663
0.296155
0.0531935
0.0195512
0.0409732
0.176687
0.0321892
0.0139389
0.285522
0.331433
0.539774
0.0174167
0.0226805
0.0548499
0.150218
0.0387949
0.250434
0.101482
0.0497451
0.0468866
0.221676
0.0583324
0.0304994
0.164584
0.120173
0.0740925
0.0603868
0.0300843
0.110324
0.090712
0.0304233
0.0658074
0.0493919
0.0299979
0.0967479
0.0328952
0.0183115
0.0435215
0.100728
0.144648
0.0369734
0.0205817
0.118365
0.126061
0.0853605
0.00604755
0.0144458
0.103935
0.0733761
0.0268466
0.034943
0.0827854
0.118596
0.0196981
0.379707
0.012192
0.176403
0.175205
0.020753
0.0599983
0.153411
0.0674959
0.0778059
0.222157
0.0936139
0.0387953
0.115135
0.04198
0.278219
0.00931658
0.422941
0.193855
0.568856
0.0178384
0.0694375
0.156327
0.0508591
0.300235
0.0191215
0.113837
0.0609389
0.0105833
0.0775921
0.00625932
0.0794493
0.0739423
0.051113
0.0296287
0.0314729
0.0553079
0.0681644
0.00203024
0.0906831
0.0473294
0.250463
0.0778063
0.0371822
0.189273
0.0364672
0.0755582
0.0173907
0.361749
0.680538
0.0506793
0.103492
0.0735463
0.153011
0.0929295
0.110465
0.0516045
0.379091
0.040489
0.0112461
0.0807817
0.0392622
0.335719
0.0383875
0.0601501
0.114016
0.0333112
0.0126149
0.00682496
0.120343
0.0172164
0.0151625
0.024223
0.0139142
0.0351448
0.0591223
0.0144868
0.282359
0.0109733
0.0423325
0.0772043
0.106929
0.0183191
0.0663273
0.113237
0.0139045
0.0789881
0.274629
0.0988003
0.02736
0.0620434
0.0221874
0.00563102
0.0744657
0.0382499
0.0139424
0.0707572
0.0169602
0.0148843
0.0593785
0.356512
0.0508061
0.0586042
0.018367
0.0166447
0.114149
0.136137
0.0363399
0.168884
0.22558
0.0279635
0.00790062
0.0612052
0.0903436
0.0536849
0.212042
0.307078
0.0446259
0.0356913
0.0859217
0.0745532
0.166908
0.0302606
0.0329711
0.429504
0.00804701
0.0208941
0.0551688
0.146356
0.248121
0.272817
0.15789
0.0672719
0.0351518
0.0213839
0.106946
0.113022
0.50232
0.100595
0.123603
0.29813
0.197963
0.0313661
0.0328109
0.160934
0.208153
0.0433576
0.0378678
0.0154707
0.0620904
0.36773
0.0219228
0.223689
0.0752528
0.128789
0.0267137
0.138903
0.13039
0.0941771
0.0766645
0.0389703
0.0967971
0.388197
0.0302941
0.224691
0.0555826
0.0518243
0.0426605
0.0198015
0.0564696
0.144487
0.0188455
0.0177992
0.0329755
0.0704335
0.00904932
0.214937
0.0703471
0.0672458
0.0458473
0.0621128
0.0147432
0.030549
0.0347776
0.0853984
0.0482264
0.0192378
0.0726236
0.173661
0.136096
0.0291872
0.0473763
0.238582
0.0129871
0.30285
0.0488959
0.135566
0.0183887
0.109418
0.0791304
0.0570927
0.125088
0.0741299
0.329491
0.14125
0.411863
0.046
0.0228454
0.143165
0.0307901
0.00415194
0.0601531
0.0151789
0.0155094
0.0397163
0.0549212
0.0713378
0.0296351
0.0496072
0.0675384
0.0121376
0.0304223
0.0333212
0.28306
0.16068
0.101238
0.097417
0.0609194
0.0100432
0.141928
0.0217589
0.0432996
0.0552487
0.0816046
0.0274506
0.0145902
0.0187494
0.0378654
0.0294987
0.0477817
0.0343016
0.0285539
0.0217106
0.0558047
0.0222978
0.0303575
0.0298436
0.140031
0.311577
0.552519
0.177792
0.0868187
0.0727125
0.124999
0.0434148
0.0204249
0.0130625
0.0271285
0.0728918
0.0317708
0.0722575
0.333588
0.254745
0.0341871
0.115158
0.0904815
0.0966129
0.0143278
0.0718152
0.0155625
0.375123
0.35238
0.173308
0.0878268
0.0608811
0.155979
0.0616697
0.065949
0.0246768
0.0309539
0.0431678
0.1466
0.0543951
0.185559
0.245573
0.0317817
0.344337
0.090184
0.0293942
0.0385765
0.117217
0.149544
0.236819
0.0384643
0.103946
0.0336601
0.296964
0.372126
0.107467
0.0826235
0.0869575
0.0460697
0.51508
0.0858017
0.0749814
0.111618
0.0329282
0.155777
0.0969944
0.0450007
0.0145355
0.10077
0.332022
0.061808
0.101888
0.0792343
0.0682848
0.12686
0.197842
0.63909
0.239999
0.227421
0.0428046
0.0218929
0.0232614
0.0484475
0.088498
0.0356384
0.0989539
0.359452
0.568923
0.187839
0.610589
0.537873
0.72791
0.860355
0.432594
0.125088
0.555287
0.449618
0.712613
0.438002
0.415525
0.651511
0.194226
0.357449
0.706406
0.6846
0.191886
0.70083
0.174178
0.63331
0.563339
0.501712
0.694051
0.145291
0.0645326
0.084717
0.482979
0.396552
0.0596866
0.950284
0.981157
0.976833
0.470903
0.0996286
0.545922
0.224389
0.849488
0.528264
0.970883
0.0555867
0.13337
0.811835
0.594437
0.490697
0.571964
0.419126
0.184744
0.30947
0.198026
0.524275
0.423028
0.908495
0.806242
0.365555
0.632057
0.960692
0.0547757
0.0460389
0.443255
0.140747
0.330416
0.423225
0.571615
0.794132
0.0377612
0.224513
0.360573
0.178247
0.926838
0.940435
0.439931
0.663615
0.582716
0.063982
0.697504
0.508402
0.66896
0.15745
0.623325
0.963595
0.0516019
0.690947
0.287717
0.393193
0.338943
0.0881017
0.0262057
0.439159
0.0106603
0.0123037
0.857941
0.567277
0.402952
0.27159
0.827439
0.949374
0.195326
0.329442
0.505984
0.880411
0.880356
0.980951
0.952577
0.223487
0.0686933
0.867788
0.960621
0.805892
0.984088
0.384761
0.639149
0.710474
0.80263
0.135644
0.540388
0.792109
0.465495
0.798253
0.557642
0.627632
0.649188
0.137611
0.123825
0.122676
0.399962
0.103955
0.0232961
0.0810467
0.053835
0.0701932
0.057039
0.244068
0.253896
0.0996183
0.420232
0.365435
0.712821
0.70396
0.563171
0.116655
0.419992
0.179518
0.220775
0.0893619
0.255885
0.402791
0.905051
0.238401
0.0503047
0.0346563
0.552905
0.181954
0.58408
0.344383
0.615873
0.127723
0.905501
0.0487956
0.684136
0.79992
0.116022
0.0799687
0.548267
0.385878
0.510623
0.23327
0.533259
0.426146
0.611746
0.947973
0.654391
0.705319
0.0159051
0.802379
0.139345
0.814209
0.641529
0.413418
0.0293384
0.189312
0.125436
0.674342
0.234108
0.326376
0.478226
0.478006
0.306213
0.437472
0.661549
0.315617
0.417201
0.187998
0.199735
0.151436
0.158073
0.0468168
0.0569375
0.476154
0.0902778
0.775857
0.981929
0.0349002
0.808486
0.0635338
0.116856
0.570809
0.369766
0.514336
0.441611
0.185189
0.626486
0.545746
0.765834
0.0288221
0.0616454
0.190591
0.10562
0.970747
0.950959
0.899618
0.109307
0.0457474
0.955738
0.92155
0.35774
0.615091
0.456875
0.177785
0.909217
0.637704
0.53104
0.0699263
0.502067
0.755331
0.0702833
0.506261
0.417417
0.208569
0.400042
0.728127
0.388406
0.305044
0.718515
0.718448
0.545388
0.745743
0.855015
0.872645
0.814463
0.461588
0.422204
0.330962
0.277317
0.818727
0.423823
0.614459
0.54391
0.252546
0.317127
0.530458
0.10487
0.0965765
0.233955
0.0222952
0.493679
0.674283
0.846819
0.51296
0.205123
0.562227
0.324748
0.871002
0.627594
0.689932
0.110002
0.408185
0.119148
0.389543
0.533605
0.845479
0.0802865
0.922608
0.861403
0.889336
0.559136
0.0158816
0.202478
0.478061
0.532049
0.408048
0.293008
0.961969
0.991424
0.976567
0.376003
0.472095
0.581686
0.761842
0.734091
0.680528
0.549144
0.0885077
0.553673
0.795797
0.572575
0.951316
0.89763
0.975819
0.960692
0.84326
0.374866
0.463833
0.853969
0.408588
0.317047
0.925676
0.915175
0.96384
0.094085
0.507493
0.563499
0.130547
0.800333
0.770698
0.924243
0.952938
0.46654
0.34526
0.532405
0.102463
0.0925698
0.165764
0.8045
0.12365
0.14852
0.0510087
0.228338
0.0414327
0.17412
0.506942
0.35786
0.0694163
0.397224
0.371407
0.228845
0.820016
0.17322
0.0824605
0.208285
0.023329
0.0416536
0.35188
0.492361
0.173074
0.165422
0.917169
0.959421
0.792626
0.949574
