0.261316
0.110132
0.27615
0.125958
0.803007
0.530422
0.103157
0.316916
0.292079
0.509154
0.0166011
0.181393
0.263055
0.550167
0.0889601
0.912154
0.699958
0.155321
0.172199
0.0672872
0.267696
0.390633
0.174231
0.0829994
0.452109
0.0368925
0.238172
0.183976
0.220591
0.432492
0.881777
0.7234
0.159046
0.224508
0.659054
0.131418
0.907475
0.329482
0.115732
0.861132
0.674009
0.286817
0.410454
0.222069
0.490228
0.704971
0.720141
0.483422
0.796773
0.464155
0.64976
0.354874
0.0413422
0.400613
0.476033
0.352754
0.527958
0.419968
0.184369
0.656195
0.312018
0.91696
0.865729
0.780272
0.068075
0.111428
0.0317863
0.421282
0.125607
0.407591
0.438017
0.571742
0.610099
0.619834
0.291586
0.156307
0.0236805
0.0648111
0.872886
0.0385234
0.0315268
0.128893
0.497083
0.159865
0.562635
0.281166
0.320159
0.96819
0.0619908
0.108965
0.230861
0.0673892
0.25417
0.709314
0.238933
0.343909
0.236636
0.174532
0.941354
0.0733485
0.306574
0.110684
0.150358
0.0363253
0.0354156
0.180223
0.535849
0.326559
0.578644
0.574557
0.893906
0.530826
0.101555
0.0812379
0.462052
0.0729212
0.804377
0.0455026
0.0437403
0.0621363
0.0438077
0.506691
0.0161691
0.797345
0.424169
0.957448
0.880626
0.764247
0.960864
0.546852
0.0686819
0.0587899
0.0536497
0.196149
0.254427
0.587425
0.521444
0.274913
0.329147
0.0651259
0.126295
0.0511552
0.02656
0.896516
0.121687
0.748532
0.0424683
0.276578
0.737538
0.172265
0.675953
0.272073
0.913717
0.685638
0.186401
0.397781
0.0870337
0.168067
0.137064
0.170646
0.181692
0.618263
0.0941739
0.0539488
0.439078
0.0480125
0.712065
0.594143
0.933178
0.337623
0.262916
0.257937
0.464962
0.519001
0.0394574
0.244768
0.0857656
0.0376866
0.328348
0.302037
0.368805
0.820087
0.895292
0.0127854
0.34367
0.777557
0.912073
0.482914
0.0548143
0.0488837
0.337869
0.0201645
0.640854
0.32066
0.11466
0.286516
0.085441
0.0574732
0.779724
0.962218
0.0405884
0.113334
0.0088591
0.301689
0.902085
0.0600128
0.0765828
0.0723432
0.174427
0.0514124
0.143305
0.12931
0.789688
0.0432184
0.0906129
0.0227077
0.032767
0.225809
0.607834
0.26108
0.0477704
0.466901
0.0342444
0.527088
0.177789
0.92065
0.692335
0.314593
0.747591
0.707816
0.203443
0.0976107
0.557096
0.11242
0.246291
0.478794
0.0473181
0.848895
0.0298382
0.0809327
0.0607342
0.0440128
0.0279572
0.111144
0.401597
0.599164
0.993548
0.979886
0.551666
0.437348
0.753682
0.322346
0.06636
0.221719
0.260303
0.105988
0.0478697
0.0677672
0.0511443
0.0936132
0.049493
0.0943387
0.317333
0.891547
0.550527
0.0689846
0.83827
0.14045
0.811082
0.154035
0.113702
0.037917
0.027872
0.0195762
0.105382
0.0680883
0.0813662
0.496779
0.0310112
0.262201
0.881184
0.596959
0.560896
0.711947
0.236528
0.48956
0.451445
0.0626317
0.103559
0.813464
0.370183
0.186775
0.634964
0.206183
0.0336667
0.575313
0.54426
0.0491305
0.641085
0.334321
0.192899
0.0457506
0.450067
0.152445
0.571192
0.138601
0.057452
0.228237
0.59646
0.800917
0.10335
0.0210917
0.3923
0.0603186
0.171109
0.320574
0.175218
0.17461
0.853318
0.238245
0.4854
0.0946874
0.212631
0.415331
0.0499813
0.810348
0.210037
0.0549002
0.0683465
0.952468
0.0581706
0.0380141
0.35839
0.528468
0.193362
0.022934
0.968616
0.919711
0.134514
0.0315865
0.784475
0.612238
0.918534
0.913348
0.184286
0.129815
0.0420095
0.0221292
0.0246169
0.0285026
0.632141
0.56814
0.49847
0.166753
0.190672
0.204386
0.0435687
0.820314
0.174505
0.783377
0.129549
0.118103
0.885067
0.148231
0.904012
0.769654
0.533368
0.636056
0.105594
0.0256716
0.297251
0.448683
0.458494
0.122689
0.47487
0.250653
0.377965
0.913673
0.114726
0.29438
0.0247022
0.244349
0.0992346
0.525887
0.943554
0.136758
0.831429
0.426907
0.105636
0.36286
0.268746
0.00885025
0.00734375
0.0294184
0.813623
0.869135
0.369395
0.323482
0.252789
0.528326
0.216801
0.0420296
0.603816
0.241184
0.108767
0.842484
0.277948
0.160372
0.85091
0.338986
0.147486
0.0291056
0.792059
0.538272
0.0799974
0.306497
0.0614717
0.734748
0.946344
0.526302
0.268105
0.168707
0.344561
0.525778
0.0378397
0.0379055
0.579724
0.329011
0.975562
0.388174
0.0572992
0.109599
0.0128441
0.0476724
0.143413
0.109499
0.710283
0.447529
0.984405
0.923565
0.0150802
0.0312321
0.151348
0.169696
0.247364
0.191721
0.600443
0.0387713
0.138247
0.206262
0.182362
0.0377041
0.151188
0.758959
0.578712
0.460853
0.394555
0.0185392
0.160927
0.103205
0.137552
0.219628
0.659451
0.26957
0.615869
0.602981
0.407083
0.14449
0.105938
0.689155
0.36641
0.456731
0.705141
0.708722
0.525479
0.632038
0.448887
0.597565
0.121464
0.0636252
0.0189848
0.875051
0.0797596
0.0233064
0.130985
0.172312
0.100887
0.147885
0.0667737
0.0840347
0.0846227
0.562778
0.0466997
0.0313565
0.0521011
0.391878
0.153485
0.141922
0.0506443
0.62495
0.769371
0.61886
0.147345
0.562843
0.286339
0.343839
0.324373
0.07622
0.0953167
0.0796401
0.562491
0.31292
0.223919
0.0700341
0.0920482
0.0331242
0.657474
0.0472397
0.124408
0.0963251
0.715649
0.172286
0.819084
0.883342
0.0545883
0.119258
0.144397
0.726535
0.58352
0.617746
0.184251
0.0898168
0.654874
0.542351
0.418201
0.359877
0.422654
0.271982
0.1429
0.183528
0.202788
0.246564
0.142761
0.302727
0.740912
0.598627
0.383066
0.0373549
0.279528
0.695427
0.468569
0.453762
0.0271895
0.15867
0.137828
0.367516
0.0479752
0.746148
0.685592
0.0325021
0.637641
0.295563
0.520303
0.0344102
0.0317548
0.02254
0.844184
0.0357909
0.450904
0.18304
0.0675808
0.938915
0.0233478
0.612912
0.187819
0.442107
0.906807
0.167469
0.0386835
0.0184094
0.0657714
0.869435
0.356266
0.168577
0.244098
0.154008
0.692393
0.0296142
0.730038
0.047333
0.0142206
0.60243
0.0616034
0.0445215
0.25132
0.00846535
0.0561452
0.0550179
0.173722
0.669654
0.116053
0.433289
0.33038
0.163136
0.0216852
0.0867903
0.193342
0.201386
0.0542725
0.294425
0.149977
0.0539665
0.231001
0.809312
0.877581
0.749767
0.0226552
0.0169917
0.0926193
0.0145609
0.0330577
0.0313445
0.943008
0.196789
0.449988
0.164265
0.352501
0.0970479
0.0869939
0.0145937
0.0409233
0.127029
0.72829
0.670424
0.0881698
0.650695
0.584605
0.125142
0.36053
0.0964861
0.130305
0.918643
0.502124
0.949029
0.307719
0.785024
0.400371
0.607821
0.913536
0.784939
0.849097
0.128034
0.170846
0.756644
0.275763
0.199251
0.0503316
0.0521924
0.28159
0.544975
0.378526
0.0391007
0.444451
0.0633793
0.0437384
0.038558
0.182157
0.303186
0.278631
0.236639
0.256123
0.208912
0.393114
0.0654302
0.190122
0.540939
0.025936
0.0768345
0.0201491
0.470306
0.200862
0.439039
0.210734
0.310513
0.0409293
0.0378487
0.622435
0.357463
0.799863
0.663232
0.00931491
0.12676
0.381194
0.333339
0.214958
0.270992
0.0207752
0.03703
0.036676
0.910392
0.206459
0.721292
0.112809
0.0214361
0.132536
0.314308
0.187537
0.183019
0.813389
0.101779
0.689985
0.120041
0.241408
0.726126
0.874531
0.839045
0.50067
0.229581
0.123414
0.447267
0.0992853
0.622735
0.0421729
0.0244804
0.116403
0.817927
0.327648
0.725352
0.207611
0.462977
0.0542564
0.0472484
0.0287942
0.399447
0.0519038
0.284583
0.232078
0.0836679
0.0591038
0.153622
0.288095
0.501405
0.516162
0.617565
0.24421
0.574744
0.111891
0.227232
0.435517
0.0590397
0.654255
0.108362
0.287201
0.809454
0.519053
0.0140542
0.240676
0.403618
0.0680916
0.850295
0.111241
0.0471031
0.399074
0.456864
0.826595
0.721305
0.145239
0.823725
0.0398227
0.627043
0.0965341
0.246579
0.205898
0.331725
0.168702
0.929914
0.113982
0.116539
0.0637197
0.0643972
0.0777036
0.0285932
0.11104
0.743324
0.0800693
0.0258543
0.0404823
0.257372
0.18148
0.0809392
0.488637
0.28195
0.142327
0.89493
0.145129
0.117585
0.274945
0.502261
0.0254043
0.0776143
0.12907
0.642604
0.117793
0.127854
0.486361
0.0159041
0.0199681
0.14792
0.627974
0.0291092
0.116212
0.0281824
0.0193966
0.140363
0.041288
0.0303638
0.190303
0.328507
0.226841
0.142343
0.235516
0.145825
0.203891
0.372867
0.0286337
0.77166
0.0262352
0.22444
0.11441
0.0699728
0.0318484
0.482995
0.157325
0.454155
0.637315
0.116899
0.258092
0.0563826
0.0109593
0.884169
0.755943
0.0658669
0.0445347
0.147633
0.0249138
0.646306
0.934183
0.071423
0.576109
0.292794
0.450837
0.0503061
0.942594
0.289296
0.3706
0.157753
0.730916
0.0321938
0.0246715
0.814755
0.0468472
0.835543
0.413082
0.4848
0.0151346
0.0136285
0.249576
0.266605
0.268199
0.0238904
0.627639
0.45098
0.0180746
0.0495633
0.0247522
0.711513
0.853045
0.15628
0.202851
0.0376996
0.13438
0.82477
0.379763
0.0988221
0.150828
0.0140129
0.89593
0.0695469
0.0742724
0.101764
0.0226194
0.0158377
0.056635
0.770462
0.0509453
0.110711
0.323316
0.869941
0.0705307
0.192609
0.0237328
0.0656731
0.10662
0.0651441
0.182424
0.0767707
0.221537
0.0361438
0.173601
0.0105393
0.0199653
0.0347619
0.0122348
0.00684998
0.0307302
0.0313413
0.36269
0.166528
0.731591
0.100935
0.951568
0.952471
0.938554
0.841596
0.58232
0.0967913
0.0983621
0.056564
0.0243733
0.0507194
0.331267
0.871324
0.246293
0.398936
0.102466
0.417203
0.0508585
0.124688
0.260549
0.950691
0.926521
0.966818
0.951327
0.459739
0.0478359
0.0241598
0.0507894
0.947748
0.130112
0.0410203
0.0464033
0.0308036
0.0542318
0.0221441
0.0285137
0.0235974
0.151281
0.214502
0.0935971
0.249205
0.975703
0.970319
0.961727
0.914498
0.964625
0.209226
0.0500742
0.0329104
0.183966
0.0514669
0.0403311
0.0723605
0.915387
0.859569
0.0317758
0.531301
0.0254957
0.0361515
0.0737571
0.00616543
0.978669
0.930252
0.061327
0.976243
0.947378
0.840164
0.101836
0.616402
0.421155
0.262363
0.130887
0.701056
0.00955089
0.927418
0.029842
0.0405954
0.361295
0.362848
0.0265519
0.881422
0.649654
0.393369
0.0898897
0.639506
0.915393
0.778632
0.165822
0.855271
0.222699
0.29305
0.0869196
0.883231
0.132357
0.223109
0.834078
0.902009
0.828646
0.629014
0.0382969
0.574278
0.0992286
0.244356
0.574744
0.0519439
0.121508
0.540721
0.129466
0.530182
0.0483402
0.114189
0.0980191
0.947941
0.236349
0.493349
0.305196
0.253357
0.113098
0.207907
0.759965
0.178542
0.123721
0.8378
0.884765
0.316033
0.124296
0.0501695
0.451314
0.197781
0.126715
0.707991
0.309592
0.194324
0.357622
0.100708
0.605939
0.193488
0.384321
0.532379
0.374007
0.806015
0.9186
0.397616
0.180255
0.0896853
0.947416
0.410732
0.517455
0.0696583
0.470294
0.690416
0.354978
0.19812
0.379968
0.138249
0.929504
0.960197
0.907538
0.77547
0.959966
0.143634
0.170492
0.165017
0.483387
0.525625
0.066153
0.207293
0.0774473
0.453337
0.116069
0.131751
0.485713
0.376731
0.199912
0.352443
0.110677
0.811406
0.111052
0.287636
0.551948
0.391138
0.0331731
0.132833
0.525451
0.0126486
0.687929
0.0288896
0.14244
0.0908822
0.874032
0.115802
0.82735
0.291736
0.0404844
0.0108406
0.69814
0.0162172
0.0532237
0.0262089
0.0738004
0.0708523
0.0482924
0.22362
0.097723
0.0262705
0.0567599
0.0401184
0.0183897
0.0321633
0.0407847
0.0189133
0.0536074
0.0265146
0.00879388
0.0567804
0.0607673
0.084818
0.0266644
0.22363
0.212435
0.103929
0.266651
0.0923109
0.0241235
0.266234
0.196978
0.0324584
0.0309983
0.0515553
0.723507
0.0717318
0.129762
0.106489
0.0282646
0.0306854
0.0593326
0.271354
0.0581218
0.0542561
0.0240622
0.0241206
0.0544234
0.329812
0.379078
0.123329
0.0492578
0.0372618
0.0433202
0.0684136
0.033994
0.266605
0.135692
0.073674
0.117105
0.214068
0.0390072
0.829766
0.0559176
0.0187955
0.0611154
0.648917
0.0311433
0.301931
0.138962
0.0814339
0.0329421
0.0184596
0.0677388
0.0603192
0.283283
0.0718091
0.219962
0.359437
0.760271
0.146513
0.576829
0.0185516
0.0875223
0.479528
0.494895
0.0719239
0.547827
0.937554
0.422683
0.42281
0.169252
0.0910131
0.149315
0.037914
0.0230809
0.217974
0.085761
0.173668
0.0246072
0.0438677
0.0345555
0.140185
0.00928072
0.0170115
0.102649
0.0377259
0.0210769
0.036013
0.0452436
0.0102945
0.0927429
0.18339
0.0444456
0.00960014
0.524205
0.282822
0.188241
0.109596
0.119346
0.116712
0.0255006
0.0948855
0.284545
0.0182792
0.023417
0.0522392
0.0356227
0.0447347
0.0340685
0.0339537
0.0197725
0.151253
0.0251428
0.432468
0.67432
0.0362111
0.0220051
0.318019
0.0427082
0.015887
0.0853691
0.0944843
0.131206
0.0903205
0.169062
0.0481644
0.192086
0.0539493
0.0494183
0.049419
0.32931
0.275951
0.0942221
0.433529
0.0458654
0.27144
0.0187318
0.0280948
0.027179
0.0533828
0.0975177
0.191298
0.0799135
0.101302
0.0756458
0.00903022
0.0258386
0.0358493
0.07375
0.0376945
0.0627801
0.121048
0.0519838
0.126534
0.0321309
0.105289
0.0650939
0.0524187
0.174563
0.0751114
0.143899
0.095258
0.0993568
0.104669
0.0486273
0.0643228
0.140326
0.151451
0.267031
0.0274276
0.0450611
0.816084
0.0736991
0.0748051
0.0614956
0.0716691
0.0777846
0.0526474
0.0892695
0.0772163
0.18844
0.0583082
0.197415
0.198013
0.0531327
0.309066
0.113106
0.0703567
0.0235928
0.174626
0.0145178
0.0655851
0.0719005
0.0263836
0.134609
0.0598541
0.118716
0.154105
0.032974
0.0989997
0.241514
0.0603524
0.0916089
0.188973
0.0689989
0.0359501
0.00990257
0.0138985
0.154012
0.178099
0.0284869
0.0221943
0.0208619
0.170665
0.0147526
0.0539363
0.0604174
0.0467249
0.170395
0.152097
0.158225
0.348323
0.0304673
0.147959
0.0609832
0.0386835
0.197371
0.0671166
0.10521
0.0537902
0.089438
0.0309423
0.0292214
0.031226
0.26355
0.0464325
0.0393784
0.0565603
0.295334
0.597332
0.397507
0.157384
0.125658
0.380001
0.209389
0.961288
0.0300118
0.0602257
0.0997809
0.633162
0.588165
0.120598
0.0886708
0.349655
0.0209523
0.305957
0.405114
0.0321028
0.0156666
0.0181442
0.568524
0.606398
0.205337
0.194441
0.0475748
0.0280728
0.211073
0.0334924
0.0311457
0.329058
0.421169
0.0816068
0.0315378
0.0750921
0.157914
0.164889
0.0395997
0.0538383
0.0415353
0.328675
0.258147
0.26911
0.0722282
0.053994
0.238791
0.0298497
0.0675129
0.0505968
0.0240437
0.0319806
0.0551032
0.0491638
0.0216344
0.0151729
0.057991
0.222558
0.264744
0.048771
0.9609
0.953679
0.848999
0.0324806
0.78081
0.912144
0.0314651
0.0159257
0.600295
0.0692653
0.0584693
0.0388526
0.0255586
0.28247
0.0451483
0.0302501
0.186319
0.0363717
0.0598115
0.0203601
0.0577466
0.989477
0.964037
0.11248
0.435208
0.0330276
0.140223
0.134286
0.0942847
0.0262563
0.103845
0.396448
0.239426
0.266566
0.401605
0.0483036
0.333743
0.0493092
0.249315
0.0483964
0.608605
0.0305864
0.0315867
0.0855561
0.0192432
0.63982
0.0457142
0.0780373
0.241939
0.0493655
0.0414046
0.021589
0.174598
0.0987293
0.0154545
0.0444334
0.23723
0.273656
0.0740703
0.490087
0.219421
0.361201
0.0322248
0.0178027
0.0191034
0.0804615
0.0673018
0.0360596
0.0277255
0.0469036
0.0412233
0.0433036
0.0637018
0.0417156
0.775418
0.0436088
0.252316
0.14995
0.147403
0.0369145
0.0133585
0.0286966
0.625736
0.0175414
0.695213
0.646691
0.905516
0.0375963
0.0306554
0.026403
0.0200071
0.0229972
0.0397428
0.019334
0.142743
0.0511801
0.303026
0.0949702
0.072853
0.0404852
0.0147226
0.56061
0.311302
0.154092
0.0564181
0.0982223
0.0337942
0.0270761
0.0205054
0.0804073
0.0290466
0.712685
0.619515
0.016308
0.046572
0.302402
0.0112976
0.0329025
0.359415
0.243057
0.210206
0.225312
0.0738768
0.0976213
0.0223799
0.0253957
0.0963345
0.0117631
0.0366302
0.0214056
0.0803987
0.00803265
0.0442486
0.0605185
0.0475941
0.0794973
0.0722867
0.0518282
0.16251
0.102408
0.013637
0.0655343
0.36103
0.0257619
0.0229365
0.0357329
0.0963099
0.0456867
0.125488
0.0232215
0.0182267
0.0274896
0.509762
0.84626
0.546532
0.11445
0.0158949
0.541167
0.0244967
0.0663868
0.034766
0.089074
0.897786
0.0197735
0.0495566
0.0368917
0.0529877
0.0259392
0.0620764
0.0560701
0.0560021
0.546213
0.325967
0.365746
0.0971162
0.0775846
0.168178
0.547599
0.0496099
0.0598771
0.546403
0.282986
0.708253
0.44335
0.0801127
0.846811
0.0520804
0.16747
0.00790728
0.246442
0.0786418
0.214855
0.439111
0.0696073
0.175733
0.0201094
0.049814
0.0484802
0.0881874
0.200559
0.065831
0.0877072
0.0271154
0.0415019
0.0343318
0.024511
0.844843
0.0483851
0.0338555
0.0892023
0.039765
0.0207859
0.167727
0.104458
0.540838
0.0358269
0.0903596
0.857304
0.0206551
0.133034
0.786997
0.0536266
0.0365399
0.188315
0.111924
0.0575831
0.0684026
0.0134122
0.0185808
0.0380293
0.267436
0.196617
0.744125
0.721295
0.717762
0.18731
0.0260843
0.085979
0.0191013
0.0139575
0.0189812
0.0775636
0.13992
0.293788
0.283516
0.171435
0.0249149
0.00995047
0.193141
0.0104645
0.0783998
0.0301263
0.0275674
0.018329
0.0216455
0.0439588
0.111848
0.0754723
0.209569
0.0679356
0.00863686
0.0370179
0.0330007
0.892159
0.849898
0.109741
0.0490823
0.0676223
0.103952
0.0506393
0.0515702
0.024734
0.0674476
0.678081
0.118809
0.0194932
0.0145528
0.0691262
0.0207541
0.0278863
0.094451
0.0960021
0.0413833
0.660451
0.206574
0.0429906
0.063677
0.025941
0.0302351
0.26275
0.162465
0.0170116
0.017759
0.0614836
0.0709674
0.0775325
0.0424038
0.0609102
0.0429838
0.194537
0.0401437
0.0363153
0.0234879
0.578102
0.162819
0.466881
0.280808
0.261904
0.022492
0.0169646
0.0284805
0.0448606
0.110105
0.0556461
0.156752
0.0938595
0.0255308
0.0604071
0.0100915
0.0186958
0.0222096
0.048494
0.125361
0.784647
0.0275563
0.15878
0.0224159
0.622073
0.116985
0.00944194
0.216819
0.066128
0.590747
0.0811936
0.310517
0.0995909
0.0271854
0.0245295
0.0704728
0.0496455
0.0288088
0.0041448
0.0427258
0.0375841
0.0509972
0.036195
0.793703
0.394953
0.835019
0.0255167
0.0847264
0.0144538
0.0646323
0.0181623
0.0184633
0.05891
0.0144461
0.0878272
0.0675613
0.0750893
0.0139556
0.115772
0.0269124
0.100826
0.196471
0.128325
0.75078
0.802938
0.127928
0.0341247
0.0742484
0.0729194
0.1404
0.0371846
0.472488
0.0240496
0.105528
0.0128805
0.0338114
0.0781006
0.0248202
0.116963
0.0468642
0.0438314
0.199277
0.0514545
0.0436684
0.101365
0.0789417
0.25123
0.032254
0.00788969
0.127563
0.311488
0.0361857
0.0646202
0.190307
0.0309371
0.0468863
0.134477
0.114284
0.0376443
0.0305935
0.0423461
0.0475919
0.0128368
0.0609383
0.0154323
0.17791
0.0960559
0.0420912
0.0849148
0.122694
0.0865068
0.0216106
0.229449
0.0981018
0.0357755
0.0529375
0.094325
0.219503
0.0198759
0.0361377
0.0626855
0.0546979
0.0538167
0.0163506
0.09485
0.10172
0.106751
0.0529205
0.0110907
0.0256322
0.172696
0.0193244
0.875205
0.465343
0.663028
0.0303121
0.649496
0.716638
0.0156552
0.10968
0.0115008
0.0154127
0.0181824
0.0533118
0.207195
0.0415886
0.0675466
0.0180153
0.0585565
0.529478
0.303391
0.0544374
0.989287
0.860631
0.0506243
0.0188315
0.0161465
0.0394813
0.760207
0.0357511
0.217363
0.0465581
0.0597885
0.138446
0.0815925
0.0214999
0.142801
0.91735
0.0497743
0.527981
0.798471
0.71076
0.0421028
0.0474397
0.0316526
0.0662731
0.138926
0.0450743
0.0396724
0.0776254
0.745287
0.101566
0.0113079
0.0184659
0.118044
0.246691
0.0213827
0.0167718
0.0688859
0.1241
0.19727
0.0123209
0.0627582
0.920306
0.0481089
0.0337332
0.133233
0.0908888
0.123022
0.0413547
0.891508
0.0998629
0.0269128
0.0173151
0.0608382
0.0260693
0.0238299
0.0447936
0.201506
0.146029
0.132433
0.684847
0.0129167
0.0781328
0.201924
0.435475
0.0458878
0.266747
0.0295354
0.185401
0.0174307
0.0170336
0.081082
0.15715
0.0601237
0.104055
0.0372747
0.576344
0.642496
0.106747
0.101497
0.0234719
0.0436757
0.0239807
0.0187335
0.0693959
0.0451605
0.024906
0.0362618
0.0907178
0.0342113
0.0432252
0.0795045
0.104129
0.0745969
0.08277
0.0587999
0.0361746
0.0436296
0.0239911
0.0709123
0.0517683
0.0402711
0.183383
0.167994
0.0917658
0.278359
0.271107
0.0386402
0.0393715
0.0464916
0.0246952
0.113341
0.84413
0.446273
0.068832
0.172467
0.293238
0.0476144
0.0382647
0.0961658
0.380918
0.0300194
0.0815914
0.0264623
0.407416
0.136349
0.875584
0.123519
0.135557
0.0512359
0.0378535
0.172025
0.109394
0.258318
0.0518582
0.557832
0.0707554
0.0249433
0.0831405
0.0198768
0.160401
0.0221149
0.0421278
0.111833
0.211751
0.0412032
0.0198324
0.0240497
0.436927
0.460908
0.170363
0.313522
0.118877
0.0143842
0.229616
0.0583933
0.144494
0.0356645
0.170837
0.126973
0.0822544
0.0885327
0.0738498
0.0174035
0.0348693
0.112257
0.19865
0.226309
0.488498
0.438361
0.306817
0.0223544
0.0678062
0.0191257
0.0367236
0.398433
0.0192959
0.0457654
0.0251399
0.193318
0.119859
0.135183
0.580879
0.0707454
0.119314
0.02654
0.0759623
0.948816
0.851059
0.126065
0.0516792
0.0286087
0.268995
0.128149
0.0304882
0.356532
0.0751994
0.0201702
0.0384667
0.0360248
0.0848756
0.0497999
0.091322
0.0515909
0.0192448
0.0951226
0.0357212
0.441363
0.0764436
0.14403
0.112182
0.173972
0.246421
0.161412
0.0746093
0.047443
0.0730478
0.0567715
0.984361
0.989551
0.953966
0.0132518
0.640198
0.0624415
0.0148978
0.0161825
0.0774443
0.0952456
0.024031
0.0529382
0.116929
0.0761164
0.0255956
0.0536022
0.0146642
0.693181
0.145177
0.0190719
0.202974
0.176328
0.0180332
0.048418
0.2022
0.0199335
0.0597744
0.141793
0.762714
0.0369731
0.204594
0.039949
0.0261039
0.0815031
0.0553023
0.535638
0.0636756
0.0232427
0.0513079
0.090016
0.0168451
0.321648
0.0669145
0.0312519
0.0801909
0.104202
0.0157349
0.243394
0.098233
0.00834943
0.0502471
0.041229
0.0191979
0.25216
0.0692356
0.027317
0.0460293
0.177697
0.136017
0.154339
0.313114
0.01648
0.00928421
0.0771417
0.0612309
0.0388309
0.04536
0.243618
0.0426236
0.208519
0.0119251
0.0960338
0.888533
0.903043
0.748641
0.226763
0.0309701
0.0264734
0.0663346
0.657998
0.097794
0.104831
0.0759109
0.047283
0.0832219
0.0207909
0.0695605
0.957679
0.0328405
0.0350535
0.0301241
0.846019
0.63811
0.0280123
0.40802
0.31903
0.384064
0.194912
0.179967
0.0201127
0.23686
0.155729
0.398951
0.271094
0.0183355
0.132444
0.104365
0.25549
0.0820091
0.15383
0.466349
0.369981
0.0691023
0.377266
0.578663
0.349373
0.0965434
0.108786
0.0264562
0.302591
0.164689
0.0626662
0.0922433
0.0630889
0.0417851
0.105591
0.742104
0.148097
0.0772976
0.0323167
0.91895
0.280326
0.292417
0.311108
0.0291107
0.576945
0.0963651
0.329226
0.065779
0.0269191
0.186246
0.0152747
0.0499364
0.328869
0.0461938
0.0169418
0.461688
0.240409
0.0546842
0.0357664
0.0705779
0.114076
0.0411486
0.018594
0.0103011
0.0573597
0.0576656
0.0162241
0.0210179
0.0427841
0.174627
0.133385
0.158053
0.0412005
0.763718
0.0324124
0.0758918
0.0297
0.556268
0.234331
0.243749
0.0968922
0.276087
0.844935
0.850819
0.943657
0.856393
0.419326
0.791309
0.85151
0.730206
0.806875
0.363708
0.782068
0.0653017
0.0829837
0.570126
0.265731
0.0422406
0.64665
0.511603
0.0230479
0.0323519
0.0701953
0.578885
0.463
0.0616128
0.146332
0.171996
0.106767
0.10939
0.0179103
0.339946
0.0228316
0.877849
0.564411
0.0958433
0.0677579
0.0335404
0.102054
0.127463
0.151364
0.0973097
0.260619
0.160733
0.0144846
0.0618832
0.0377944
0.0403911
0.694196
0.411784
0.13774
0.117332
0.136017
0.0188329
0.0494924
0.0428287
0.016843
0.19691
0.079031
0.4753
0.629665
0.170304
0.248156
0.0878945
0.0256834
0.0695433
0.0750831
0.0821861
0.0349453
0.0172248
0.0463523
0.00483412
0.0149499
0.0315488
0.0359668
0.343755
0.3436
0.0249628
0.132972
0.0145336
0.0434343
0.0181034
0.237248
0.139014
0.110622
0.228106
0.179162
0.0585301
0.0770241
0.238275
0.019324
0.231559
0.0275718
0.042508
0.622117
0.0741665
0.0163456
0.869425
0.0418269
0.81081
0.068141
0.398454
0.158864
0.633573
0.232393
0.199068
0.400901
0.147489
0.727934
0.402709
0.0422896
0.166533
0.85048
0.624667
0.0815349
0.580207
0.0178475
0.124314
0.221694
0.107791
0.028222
0.477827
0.0396759
0.201664
0.159471
0.11391
0.183542
0.0385364
0.0100922
0.297007
0.73219
0.424048
0.227226
0.269681
0.416556
0.035151
0.0988287
0.315017
0.135983
0.552294
0.122543
0.0216235
0.012016
0.0114891
0.0952981
0.0872807
0.01633
0.110394
0.0306476
0.0142512
0.0453874
0.0439022
0.13042
0.258875
0.186837
0.014235
0.0697851
0.0140983
0.0274679
0.103461
0.0277169
0.0167811
0.179431
0.655539
0.0243222
0.770269
0.0433797
0.0658993
0.933832
0.04201
0.814201
0.0292011
0.892456
0.508768
0.261829
0.453332
0.0478581
0.0482015
0.0373767
0.0433049
0.0831368
0.245025
0.0314627
0.0347142
0.0768674
0.807184
0.7335
0.175082
0.0279756
0.0620574
0.505445
0.0429763
0.101002
0.0314415
0.0594208
0.408706
0.803907
0.0638733
0.489453
0.836204
0.456834
0.147382
0.182593
0.526298
0.0735216
0.038292
0.019925
0.0903233
0.0309507
0.0304938
0.096453
0.0949095
0.00721167
0.310523
0.317403
0.0085406
0.0618624
0.474334
0.163779
0.0525154
0.117534
0.62753
0.387495
0.342763
0.707822
0.00979928
0.0254431
0.0364606
0.119697
0.707317
0.042933
0.0377355
0.874779
0.23429
0.0297012
0.0557019
0.0869404
0.028419
0.170227
0.214465
0.0271005
0.153618
0.0569929
0.018448
0.266301
0.155566
0.109716
0.0298318
0.0235121
0.0910647
0.901738
0.114603
0.0550207
0.0793225
0.0295938
0.0499293
0.0444552
0.026792
0.132116
0.130302
0.0475806
0.0351752
0.0939324
0.185367
0.378589
0.136282
0.0538361
0.045457
0.424426
0.0412797
0.0197232
0.0182359
0.985976
0.961231
0.201936
0.0566603
0.0679463
0.139732
0.0112956
0.231608
0.0160239
0.0330834
0.10148
0.0151015
0.037526
0.0183398
0.0126721
0.0423837
0.140764
0.0324796
0.0199167
0.0357877
0.0467272
0.0600299
0.0393892
0.922286
0.84917
0.902839
0.0387095
0.0385688
0.194543
0.955066
0.960724
0.0281404
0.113229
0.025002
0.41708
0.0161929
0.0329403
0.128472
0.0282592
0.0455819
0.00961937
0.016209
0.0185228
0.0701076
0.212202
0.103
0.0347436
0.0228608
0.55605
0.149542
0.797887
0.805235
0.0382704
0.0367198
0.052123
0.028444
0.0566999
0.552756
0.294758
0.0240347
0.0188108
0.0215602
0.036431
0.782163
0.858348
0.648563
0.983405
0.0757998
0.0287409
0.0135028
0.0984522
0.852338
0.9661
0.956643
0.667741
0.736458
0.0153894
0.0256437
0.83309
0.00771451
0.0372773
0.0452286
0.733551
0.0231552
0.0128975
0.0462078
0.0166071
0.086077
0.0224914
0.0446741
0.00794239
0.0204615
0.929512
0.0494612
0.581413
0.0262158
0.891835
0.961475
0.839001
0.891042
0.441071
0.17736
0.2324
0.103725
0.339796
0.0742294
0.112864
0.322179
0.882954
0.197583
0.120549
0.0824622
0.0164114
0.909423
0.0232401
0.383516
0.101016
0.915603
0.803692
0.991827
0.980563
0.984405
0.968405
0.247846
0.45098
0.0849924
0.366656
0.0562988
0.102632
0.46123
0.0662882
0.158369
0.0296194
0.0646999
0.217732
0.146415
0.060684
0.122658
0.173662
0.0668743
0.0571325
0.0395575
0.0381755
0.0585757
0.197516
0.0636616
0.0386879
0.0203182
0.0542556
0.110034
0.349638
0.0304769
0.0871081
0.0178934
0.0928658
0.273036
0.0221933
0.0393339
0.102364
0.124229
0.0342107
0.13353
0.547767
0.0291237
0.178572
0.921921
0.969486
0.188952
0.01807
0.127904
0.220438
0.174689
0.0281935
0.107598
0.756797
0.034576
0.0593454
0.608184
0.310573
0.0337309
0.0199471
0.0273831
0.105364
0.0603222
0.0118356
0.406402
0.444214
0.189413
0.0274201
0.213662
0.161209
0.0635816
0.0217577
0.017351
0.0259738
0.0320273
0.0330808
0.0442272
0.066719
0.123961
0.0302065
0.0325988
0.116989
0.101115
0.0355451
0.0252596
0.0595393
0.0701781
0.127066
0.0110425
0.0304066
0.00504054
0.0519426
0.0517268
0.0578054
0.0222802
0.103428
0.0345643
0.324186
0.0396353
0.0273655
0.0175149
0.0827141
0.0245786
0.0103292
0.0116231
0.0474683
0.0275865
0.854482
0.0764473
0.361622
0.263902
0.112353
0.0368026
0.44532
0.0597852
0.217346
0.0569102
0.553423
0.0739018
0.212233
0.602496
0.104692
0.0185531
0.416963
0.278124
0.0802612
0.201783
0.03554
0.0638094
0.100849
0.0338351
0.0237811
0.00821796
0.0243212
0.0303596
0.247589
0.950512
0.955847
0.412131
0.225261
0.0970509
0.0299069
0.0499316
0.0741574
0.019865
0.0642065
0.0658589
0.0240405
0.671419
0.0156545
0.0333398
0.869616
0.0338066
0.0347427
0.0304
0.0364481
0.052488
0.0157774
0.0616909
0.0629093
0.0290555
0.0625102
0.288414
0.0533154
0.0179915
0.0297657
0.0100738
0.0951186
0.0203153
0.177859
0.0132307
0.038133
0.175992
0.0387212
0.00512876
0.0367538
0.0993783
0.112763
0.079001
0.470398
0.0386878
0.0411313
0.156908
0.16598
0.825805
0.312311
0.0709308
0.0212982
0.544712
0.20346
0.192619
0.0262072
0.0155256
0.167541
0.0610187
0.0107562
0.0538296
0.0377867
0.205539
0.04102
0.0541691
0.0723909
0.0316604
0.109858
0.165176
0.0380814
0.0412332
0.0878421
0.0294925
0.141019
0.0419577
0.0251052
0.0398367
0.180925
0.223045
0.0803974
0.115923
0.141195
0.144695
0.0822111
0.0849571
0.0609092
0.0861043
0.277145
0.226576
0.0345668
0.0255805
0.0806366
0.0129238
0.019565
0.116125
0.123425
0.15456
0.1088
0.0817679
0.0197097
0.0457448
0.0285272
0.00650835
0.0243653
0.203683
0.0516256
0.0316075
0.971223
0.877457
0.971565
0.0197526
0.0579664
0.0457306
0.192087
0.180747
0.0969616
0.197476
0.130249
0.613959
0.206144
0.189622
0.0395403
0.521493
0.664662
0.238637
0.0281238
0.0584504
0.0609795
0.0324386
0.0512409
0.542546
0.196943
0.0262534
0.0573028
0.134488
0.0366974
0.0218062
0.142638
0.0685189
0.0654835
0.179392
0.195954
0.529949
0.160499
0.4254
0.034078
0.132584
0.0981196
0.0341455
0.129669
0.196464
0.0363143
0.126636
0.205931
0.0198315
0.952387
0.369208
0.12638
0.690824
0.0396319
0.424575
0.927579
0.226305
0.0450299
0.620495
0.035664
0.338094
0.142648
0.190266
0.0610534
0.044497
0.0408009
0.103882
0.115118
0.0765592
0.0815763
0.0125973
0.0194066
0.114937
0.0444235
0.0379695
0.064238
0.0188975
0.167371
0.345452
0.134978
0.0769471
0.341808
0.381981
0.044747
0.0375217
0.628382
0.0585804
0.104013
0.0984407
0.147779
0.0693693
0.313926
0.0376907
0.0260351
0.0236643
0.139244
0.0334366
0.0325822
0.0159386
0.157495
0.0541469
0.242762
0.417424
0.0687568
0.0413025
0.0723531
0.0754973
0.0215694
0.0869408
0.0491686
0.129544
0.0628417
0.62435
0.245203
0.27943
0.671386
0.482058
0.401092
0.361688
0.0769306
0.0734674
0.802593
0.657614
0.566125
0.0220919
0.0651176
0.0808054
0.0283479
0.0188649
0.0450074
0.267105
0.300191
0.0303018
0.628259
0.165032
0.118305
0.300659
0.0319926
0.19594
0.0517554
0.193878
0.148937
0.470437
0.130684
0.158647
0.218849
0.511925
0.523106
0.0573543
0.0543082
0.253256
0.117715
0.0372152
0.0602773
0.142363
0.104169
0.0608624
0.0622182
0.344714
0.0217886
0.141801
0.728403
0.0761116
0.0128932
0.0772243
0.230552
0.314967
0.118132
0.160868
0.239585
0.158751
0.155269
0.607079
0.0655825
0.111022
0.0430555
0.016239
0.179864
0.113907
0.098007
0.260252
0.146163
0.068433
0.076334
0.0869272
0.133675
0.266944
0.107215
0.0222726
0.0698108
0.227133
0.130543
0.037961
0.0710606
0.125201
0.067757
0.0898145
0.0806529
0.043495
0.0128592
0.0718878
0.0630348
0.122387
0.0674421
0.296156
0.0469945
0.181046
0.791664
0.242923
0.078269
0.218624
0.0233592
0.0217838
0.0308982
0.247574
0.117888
0.0121136
0.635193
0.0327714
0.0321996
0.018964
0.0500036
0.104488
0.3497
0.12513
0.221314
0.557156
0.0499288
0.196344
0.151561
0.163771
0.023045
0.0478455
0.275942
0.0253624
0.161782
0.0522189
0.107861
0.668527
0.0479364
0.0794736
0.453232
0.0634704
0.631585
0.228038
0.242059
0.115602
0.0651123
0.0115214
0.290922
0.0401771
0.0252503
0.0525358
0.0358831
0.035094
0.0657075
0.0630863
0.118312
0.0175133
0.0279676
0.274928
0.143429
0.284525
0.154432
0.135259
0.0691533
0.0771276
0.0430866
0.276978
0.0474339
0.113553
0.028463
0.0745386
0.0227019
0.0864552
0.0186956
0.0739066
0.0350137
0.14933
0.253672
0.567325
0.0371976
0.0639304
0.0617013
0.0460496
0.0206855
0.0250808
0.0653056
0.123615
0.0110675
0.335138
0.57232
0.275627
0.110948
0.0175804
0.0230867
0.281639
0.0833507
0.0638895
0.300882
0.0690619
0.153584
0.0627471
0.0262965
0.0866746
0.0732273
0.0647085
0.0349547
0.0967056
0.102114
0.155014
0.218181
0.329466
0.083246
0.160213
0.206668
0.211463
0.0708045
0.0431739
0.0304121
0.0940908
0.0231289
0.0201615
0.117495
0.0376569
0.0426831
0.0152199
0.0183027
0.0318773
0.0230588
0.0521085
0.273145
0.12517
0.0244389
0.0622384
0.199521
0.260096
0.067907
0.00876313
0.0642015
0.0589458
0.0548105
0.0429795
0.0410414
0.0686072
0.254217
0.0501737
0.130331
0.0824507
0.0702021
0.101066
0.105115
0.23318
0.156394
0.224014
0.0256374
0.29231
0.0298896
0.0630318
0.501547
0.0816013
0.0599407
0.125507
0.08447
0.094378
0.0728948
0.0485394
0.0241168
0.0232207
0.0298822
0.0995527
0.0599636
0.416775
0.0808266
0.0156015
0.0561058
0.0488725
0.0171739
0.0133743
0.0417757
0.0843925
0.422975
0.0923005
0.0249587
0.403016
0.0463984
0.477326
0.143597
0.489656
0.20648
0.272631
0.163676
0.356077
0.100908
0.0162674
0.0634109
0.025255
0.0155604
0.172272
0.0390604
0.0666468
0.162605
0.48113
0.0374559
0.0578221
0.0521344
0.0299576
0.0716346
0.0347608
0.0229809
0.0234692
0.15842
0.64337
0.0252439
0.0340187
0.0701908
0.212263
0.0260593
0.0242952
0.051813
0.0584909
0.297845
0.209027
0.220788
0.291066
0.0125662
0.0611558
0.0569146
0.0459886
0.0501487
0.0314246
0.0197356
0.117591
0.0209827
0.110635
0.0423609
0.0260927
0.0389661
0.465843
0.233535
0.0414123
0.54434
0.0685116
0.0289883
0.0219794
0.108616
0.110634
0.0837307
0.110155
0.173795
0.0314198
0.0152796
0.0669233
0.0373874
0.0612279
0.189185
0.0282849
0.231826
0.0713977
0.194224
0.0260241
0.0194162
0.0182147
0.0343818
0.0406548
0.117786
0.0373514
0.0123661
0.0318383
0.021944
0.0379713
0.0655226
0.0100965
0.0548171
0.0275569
0.0563448
0.177008
0.463464
0.0267699
0.0969014
0.0517069
0.0847166
0.0249536
0.0772984
0.213198
0.0735407
0.0768536
0.0790375
0.0145398
0.0267322
0.0287042
0.0904822
0.186168
0.288476
0.294969
0.0443251
0.0685177
0.141119
0.154014
0.126261
0.0811007
0.0548679
0.172188
0.445582
0.166581
0.033469
0.0910434
0.0735329
0.0863198
0.101718
0.135793
0.044607
0.130974
0.100176
0.279314
0.0916619
0.0396681
0.18528
0.0518484
0.0637922
0.506907
0.209905
0.390037
0.0371653
0.05203
0.129545
0.120302
0.0719598
0.0410367
0.0261339
0.0525644
0.0225029
0.0307472
0.325904
0.0182881
0.0339316
0.0175852
0.0260532
0.0397338
0.0215636
0.0818117
0.0572241
0.0598255
0.0611345
0.0215902
0.0561793
0.0357478
0.0385713
0.0528438
0.115962
0.162964
0.0378496
0.0238163
0.0475466
0.0370826
0.045046
0.025054
0.0110044
0.035605
0.0794741
0.0306847
0.010536
0.0165496
0.0295824
0.0224205
0.0700581
0.0298388
0.060117
0.0399074
0.0476043
0.521782
0.0363179
0.0169398
0.0189461
0.100756
0.053751
0.0506617
0.0281929
0.0584329
0.140261
0.566374
0.0190494
0.0243364
0.0208882
0.246356
0.0511963
0.0576947
0.0470011
0.0454338
0.102454
0.167214
0.087354
0.0170742
0.351503
0.00831591
0.0287744
0.0406081
0.107398
0.0171294
0.0101937
0.016245
0.136748
0.0672372
0.0231872
0.058499
0.0217095
0.0666332
0.0461211
0.0395944
0.0309151
0.0283389
0.028274
0.0335704
0.00904082
0.0371115
0.0251674
0.0623146
0.0538241
0.0123603
0.0700112
0.119602
0.0372306
0.0332553
0.0611858
0.100161
0.0933772
0.0265271
0.115278
0.0345361
0.0166534
0.0433818
0.125824
0.0446368
0.0313537
0.0531549
0.0482715
0.0838678
0.116552
0.0258343
0.0214146
0.0272709
0.0345867
0.0536631
0.0220463
0.0445472
0.0122794
0.0593045
0.13434
0.04783
0.158962
0.0362176
0.151136
0.0768085
0.0340301
0.19605
0.0429665
0.00703886
0.349931
0.0395338
0.283063
0.0233717
0.0463364
0.214183
0.152029
0.0579937
0.0483651
0.210469
0.0318868
0.0888595
0.0386215
0.233139
0.170514
0.417246
0.0114676
0.0413089
0.0755777
0.0633937
0.0798142
0.0682139
0.105062
0.0474355
0.0522958
0.28634
0.0233867
0.118631
0.0552218
0.0689602
0.0951437
0.326463
0.0662165
0.0199727
0.166774
0.261044
0.0202683
0.0569704
0.0379191
0.0267884
0.11192
0.13193
0.219299
0.0459703
0.0757011
0.0888222
0.034128
0.0284324
0.588437
0.269686
0.0438584
0.0427906
0.0221978
0.0438296
0.0145941
0.0906366
0.0438992
0.0208838
0.0397015
0.0083881
0.070368
0.0567693
0.101007
0.0575804
0.0774758
0.044661
0.0332038
0.0256402
0.0698124
0.0482647
0.0557842
0.0376224
0.012203
0.078431
0.0986487
0.130952
0.0717127
0.0275654
0.0432823
0.0108826
0.0191898
0.0173948
0.0185667
0.102583
0.0760176
0.041519
0.0142897
0.0208998
0.319479
0.0210384
0.339324
0.168495
0.0565102
0.016734
0.0267631
0.021286
0.0353896
0.0302426
0.0805937
0.0268715
0.0655114
0.0559569
0.0367632
0.00750959
0.0865465
0.202755
0.038693
0.0722158
0.0222543
0.128265
0.294131
0.317381
0.115593
0.0523829
0.0206232
0.0128024
0.0479444
0.0540304
0.494923
0.0619351
0.0966939
0.0102144
0.0690152
0.110668
0.0468909
0.00801519
0.04454
0.058257
0.0212727
0.0394251
0.0205833
0.48013
0.0586101
0.023553
0.026605
0.0765344
0.0334436
0.0413136
0.0574367
0.1653
0.0831149
0.0928882
0.0374325
0.0266623
0.0332402
0.0319867
0.0434374
0.0383839
0.0441896
0.0150855
0.0349742
0.0573213
0.0218788
0.0174359
0.528645
0.01882
0.0119475
0.0382254
0.0783024
0.00735029
0.0812147
0.00979265
0.0721501
0.0449352
0.045981
0.484954
0.286862
0.358462
0.0137315
0.0447978
0.0131659
0.0299801
0.0228991
0.0949425
0.120901
0.0749934
0.0955279
0.105188
0.00900636
0.0352108
0.0598208
0.0114596
0.044242
0.05308
0.0392523
0.0198744
0.0358287
0.04276
0.0261044
0.0194909
0.0456332
0.0720738
0.156552
0.0556078
0.00955587
0.035838
0.159514
0.0690127
0.025201
0.0232201
0.112472
0.0674749
0.533536
0.304453
0.0172124
0.25219
0.0212283
0.363603
0.152697
0.0325819
0.130573
0.0344262
0.048831
0.0390399
0.0276201
0.0149606
0.0368874
0.204839
0.0623346
0.0582723
0.0420779
0.0724254
0.068289
0.0406012
0.310214
0.419868
0.0178742
0.016852
0.0106849
0.306668
0.19562
0.0808391
0.0222757
0.0266309
0.0220972
0.0356501
0.043323
0.0341416
0.102429
0.0284479
0.116124
0.182093
0.109689
0.00858534
0.04505
0.0295745
0.0523292
0.086035
0.373628
0.0114612
0.048852
0.133512
0.0414406
0.0782682
0.0837517
0.0225782
0.0616406
0.0569906
0.0171305
0.0233006
0.0660141
0.014121
0.0188143
0.0179729
0.200312
0.0219763
0.0583885
0.00850356
0.063072
0.0161582
0.241031
0.092491
0.0713458
0.0570697
0.108387
0.0822124
0.0569103
0.0229702
0.0408864
0.0587153
0.136488
0.0191437
0.0455641
0.0323325
0.0680423
0.150321
0.0158764
0.0771333
0.0534336
0.0154634
0.0726182
0.0407743
0.0874893
0.0190678
0.0351393
0.0126984
0.0385626
0.0554609
0.0280354
0.0592237
0.243377
0.0270599
0.0389902
0.0275457
0.0575754
0.0177154
0.0196718
0.0162083
0.0287317
0.0417889
0.0387771
0.016261
0.0237005
0.0228326
0.041542
0.283053
0.0717607
0.127908
0.0238072
0.056797
0.1792
0.0222356
0.017135
0.063317
0.11167
0.00887202
0.0353092
0.0707103
0.0297173
0.0230591
0.0377921
0.0137366
0.0499046
0.0505994
0.31656
0.0689373
0.123497
0.0284851
0.0468566
0.0133915
0.0198917
0.0365052
0.0766593
0.183768
0.0662053
0.0595363
0.0605484
0.0623768
0.0233846
0.0262416
0.0452934
0.0349247
0.0199334
0.00749556
0.00688609
0.025896
0.0249463
0.0653266
0.0152419
0.0242342
0.0597941
0.0536719
0.0575751
0.0247149
0.0423421
0.111337
0.0469066
0.10465
0.0217252
0.0495437
0.0530311
0.0307915
0.0402577
0.0717355
0.0416197
0.0515627
0.0366691
0.0301396
0.0272436
0.00663191
0.0121015
0.116862
0.0300035
0.0115101
0.0640537
0.0132847
0.15285
0.128899
0.240338
0.103235
0.10571
0.222604
0.0129415
0.0332053
0.0374031
0.717029
0.0352964
0.0241885
0.0422153
0.119029
0.0890746
0.0409291
0.0416177
0.189775
0.103946
0.024597
0.0234044
0.122752
0.0558744
0.0201907
0.0473283
0.0437696
0.505422
0.126957
0.020005
0.217095
0.0282857
0.0616191
0.014851
0.041879
0.0999863
0.0350604
0.169105
0.188107
0.0172448
0.0560265
0.142025
0.0327985
0.0895067
0.0128754
0.0718569
0.0367845
0.0290301
0.0336208
0.0276241
0.0189028
0.0160105
0.0109055
0.0788224
0.026383
0.0171884
0.028371
0.0087469
0.0562342
0.0959921
0.0684408
0.113964
0.0200814
0.101702
0.193178
0.117776
0.0189264
0.0124318
0.160041
0.00855568
0.0478019
0.0400922
0.025171
0.0467336
0.0259
0.0419725
0.0361753
0.0507349
0.028561
0.0348505
0.0400903
0.0566505
0.161061
0.0330837
0.0306903
0.328342
0.170625
0.0683933
0.0156458
0.0449984
0.016953
0.212812
0.0174159
0.0477824
0.0375415
0.186914
0.0402693
0.0291665
0.0192599
0.0599335
0.0523592
0.0285671
0.0948145
0.123408
0.0149897
0.0174189
0.0298366
0.0228653
0.0622772
0.129167
0.0399413
0.0511408
0.031032
0.0222479
0.0314331
0.0593517
0.111115
0.0536679
0.0384992
0.0182364
0.0163569
0.0146854
0.0972486
0.0202474
0.0278843
0.0528854
0.0261763
0.149532
0.0665279
0.0194017
0.0213039
0.100728
0.02626
0.183013
0.0856666
0.028023
0.0308309
0.0491289
0.00767748
0.0368622
0.0418485
0.0205964
0.0397225
0.0188923
0.0420563
0.100007
0.0476154
0.0756963
0.0157601
0.0273042
0.0368767
0.038838
0.0785407
0.0114211
0.0247297
0.0792197
0.102382
0.0542293
0.0728096
0.00936241
0.0476971
0.0175235
0.00911275
0.0810475
0.0777894
0.0455632
0.0775385
0.0496089
0.0681885
0.0741909
0.0320189
0.0185448
0.0415213
0.022777
0.0458895
0.0315509
0.0579801
0.0155565
0.0901359
0.0750244
0.477215
0.129421
0.0290753
0.102969
0.0944671
0.00922057
0.793077
0.074648
0.0701097
0.0191865
0.0979369
0.0626475
0.0764534
0.0174852
0.0546567
0.0511762
0.0268256
0.0321405
0.0290786
0.155947
0.0584244
0.0368877
0.0290522
0.0758694
0.0518401
0.040585
0.0325211
0.0312645
0.0253552
0.0337568
0.0372926
0.0133216
0.0343064
0.0211069
0.153218
0.0902613
0.0425237
0.047708
0.103979
0.0666921
0.0183006
0.06306
0.156021
0.0441601
0.0315725
0.0108547
0.0541645
0.276384
0.0914453
0.0613839
0.155566
0.0840449
0.0445281
0.0609333
0.0481814
0.0819938
0.0291206
0.103896
0.0537936
0.14248
0.0839075
0.0845256
0.0877629
0.0815605
0.330079
0.0310385
0.0116832
0.0771701
0.0265373
0.203489
0.0576966
0.0642429
0.0555248
0.234604
0.0512371
0.0077767
0.213085
0.0596215
0.125898
0.150252
0.551506
0.0119795
0.086708
0.02395
0.0173186
0.116303
0.0273046
0.100333
0.067974
0.0336158
0.0451273
0.0966268
0.0170228
0.0252549
0.646253
0.0110914
0.0399692
0.179048
0.162802
0.252121
0.598831
0.179184
0.0646336
0.0687579
0.0859054
0.028957
0.0202799
0.124929
0.0620308
0.017937
0.0430563
0.0151164
0.00692425
0.052442
0.0133513
0.0378209
0.03165
0.0693119
0.0121859
0.0457133
0.0243297
0.0453949
0.025481
0.00661357
0.0577662
0.249847
0.0287213
0.00876819
0.0302451
0.0868698
0.026242
0.0151343
0.106014
0.356842
0.357271
0.0195502
0.0297544
0.0492741
0.0363415
0.028541
0.165718
0.0924091
0.0280136
0.0271061
0.430445
0.0337518
0.0264162
0.17932
0.244581
0.0448455
0.0617632
0.0501868
0.0403271
0.139406
0.0557638
0.0388886
0.0188955
0.0237326
0.0694261
0.0165901
0.0176547
0.0383318
0.0587838
0.067161
0.0237379
0.0114414
0.0415671
0.0471201
0.0411431
0.0149519
0.0317416
0.0371118
0.0380599
0.0191264
0.0548821
0.157452
0.0787463
0.025436
0.124075
0.0137936
0.070305
0.113839
0.0143789
0.0285466
0.0635581
0.026501
0.0494626
0.0855492
0.0374859
0.0192711
0.0923915
0.0473568
0.10166
0.0414502
0.257571
0.0554098
0.716809
0.0663276
0.152156
0.0677366
0.0579584
0.125821
0.0226902
0.063515
0.0197271
0.0148425
0.0508431
0.0255057
0.149258
0.149874
0.0636525
0.0944661
0.0247878
0.0325067
0.062876
0.00917554
0.070246
0.0205146
0.0788772
0.0670179
0.0276916
0.276146
0.0914009
0.0745626
0.0164981
0.253992
0.362169
0.0636406
0.0707397
0.074141
0.0811717
0.112147
0.26888
0.0606639
0.315881
0.0163018
0.0111848
0.0585422
0.0272821
0.269414
0.0574191
0.0168168
0.0396596
0.0222412
0.0514603
0.00651846
0.0623426
0.0360327
0.0284854
0.0124863
0.047722
0.0534618
0.0485823
0.0175437
0.039887
0.0160068
0.122776
0.0409554
0.113194
0.0472615
0.0600696
0.177536
0.0319223
0.0437573
0.126567
0.0572212
0.0335327
0.0364025
0.0302854
0.0126646
0.0486395
0.0295217
0.0362144
0.041435
0.0409149
0.0281952
0.0664968
0.429595
0.0449161
0.025559
0.0166013
0.0242112
0.0223057
0.0682285
0.0289636
0.0490591
0.0457418
0.027399
0.0184812
0.0563381
0.0405976
0.03685
0.052389
0.0584571
0.0323282
0.032115
0.0609892
0.056247
0.22024
0.251775
0.0318108
0.274918
0.0136303
0.0307964
0.0519837
0.183685
0.121737
0.137701
0.108077
0.103017
0.0555209
0.0295769
0.0693843
0.0392931
0.462544
0.0869336
0.0528484
0.149299
0.134796
0.0246461
0.0376552
0.153359
0.154479
0.0230238
0.0206184
0.0226266
0.151522
0.319001
0.0114197
0.128524
0.0455214
0.114325
0.04153
0.0793138
0.0383336
0.0792001
0.104724
0.062128
0.115189
0.254122
0.0327024
0.107332
0.0348141
0.0352591
0.0812388
0.0144794
0.0804177
0.127132
0.00729528
0.0116022
0.0187605
0.0500525
0.0109444
0.0615027
0.0828577
0.056923
0.0658184
0.0952075
0.0270539
0.0267446
0.018507
0.0334778
0.137445
0.0284941
0.0276108
0.154058
0.0432206
0.0189691
0.0167527
0.0815377
0.0155474
0.0353821
0.0417144
0.195504
0.0405275
0.132158
0.0272539
0.0337783
0.116475
0.0820143
0.0512446
0.0563896
0.12214
0.081939
0.0244934
0.0421482
0.0531803
0.00980944
0.254784
0.0465669
0.0194475
0.0255804
0.0225075
0.0788108
0.0236854
0.0344398
0.0518334
0.0122945
0.0106388
0.0441072
0.145487
0.206556
0.042327
0.0715306
0.0142555
0.00954785
0.0509624
0.0430232
0.0167762
0.0203328
0.0902424
0.0137981
0.021377
0.0153022
0.0533552
0.0182473
0.0389243
0.0205032
0.0224666
0.0329292
0.049232
0.065685
0.0412883
0.00787586
0.0986808
0.290518
0.190021
0.130385
0.14274
0.086849
0.213815
0.0471022
0.0121539
0.0111431
0.0346159
0.140486
0.0800673
0.0501298
0.144798
0.11602
0.0226363
0.0742776
0.130446
0.0910544
0.113723
0.0601249
0.0313426
0.196839
0.077978
0.121222
0.0408955
0.0267866
0.0745168
0.123641
0.0300196
0.0676464
0.0449484
0.0229965
0.100899
0.0131303
0.130432
0.123326
0.0433069
0.172785
0.0794001
0.0491216
0.0572888
0.0878374
0.112447
0.135271
0.0544263
0.0262685
0.0428153
0.222447
0.264523
0.0307882
0.232593
0.216246
0.0664951
0.321189
0.0605047
0.124796
0.098613
0.0577492
0.066424
0.0995123
0.0479504
0.0175512
0.121098
0.145944
0.0837498
0.051328
0.0603096
0.0597832
0.120547
0.115408
0.343773
0.131393
0.0475209
0.0528784
0.0530531
0.0323351
0.0379002
0.0368277
0.0244413
0.0659467
0.40126
0.526307
0.0764453
0.266585
0.313338
0.938453
0.7622
0.527875
0.394334
0.67417
0.807504
0.568236
0.406686
0.329063
0.362828
0.223299
0.200631
0.943386
0.629083
0.267169
0.273109
0.280647
0.513344
0.353089
0.361526
0.730227
0.128871
0.191512
0.137912
0.314039
0.460424
0.133777
0.975104
0.980799
0.985159
0.0684809
0.0283001
0.52669
0.28767
0.801475
0.624661
0.986178
0.0973105
0.0572425
0.889847
0.584214
0.781076
0.671111
0.579394
0.302437
0.170437
0.198305
0.599564
0.168342
0.809225
0.82667
0.31936
0.655539
0.903348
0.0807452
0.0880659
0.427995
0.152724
0.291883
0.792078
0.844192
0.468054
0.0298357
0.144257
0.0437822
0.296894
0.927559
0.97101
0.300455
0.860632
0.373444
0.308079
0.793947
0.408813
0.74648
0.441121
0.800237
0.953847
0.0428058
0.603084
0.782634
0.477797
0.22159
0.0785035
0.0837476
0.119648
0.014044
0.0248528
0.954592
0.37232
0.48245
0.321928
0.880625
0.963335
0.408073
0.178822
0.398111
0.931394
0.963238
0.977807
0.966884
0.54799
0.173042
0.811859
0.958371
0.795112
0.984937
0.553257
0.731374
0.666579
0.665111
0.145191
0.403891
0.644867
0.335948
0.656608
0.891683
0.793494
0.92406
0.156467
0.0377268
0.220516
0.726464
0.0884973
0.0398302
0.0481096
0.0332304
0.0662994
0.0321517
0.0852752
0.0931492
0.161857
0.3267
0.136708
0.839302
0.839302
0.640846
0.265882
0.446491
0.421186
0.142151
0.0594738
0.046687
0.183745
0.706723
0.270056
0.116785
0.0994453
0.40855
0.239239
0.447547
0.823064
0.335079
0.0555629
0.801637
0.0826208
0.550152
0.835365
0.154786
0.0305959
0.535802
0.411276
0.402723
0.360084
0.665945
0.68026
0.829662
0.929307
0.67526
0.514711
0.0395871
0.579092
0.263651
0.837631
0.301567
0.305697
0.0637075
0.21029
0.128639
0.748093
0.327216
0.312274
0.273384
0.143978
0.769091
0.845658
0.930958
0.467579
0.428691
0.769396
0.234139
0.343459
0.147729
0.0204781
0.0587556
0.563091
0.0644046
0.783255
0.985404
0.105104
0.871431
0.162282
0.0790671
0.348946
0.489987
0.680872
0.70036
0.0629883
0.365351
0.243383
0.805492
0.0220011
0.0509081
0.405429
0.171422
0.968051
0.948537
0.857985
0.13501
0.0585717
0.945352
0.962824
0.286545
0.610603
0.626533
0.231813
0.970237
0.629499
0.427836
0.0555596
0.314166
0.94562
0.307854
0.567223
0.569174
0.437818
0.527881
0.663991
0.586331
0.285311
0.796317
0.857061
0.769881
0.670339
0.680974
0.945553
0.933061
0.786975
0.928955
0.523815
0.391751
0.937483
0.58949
0.642986
0.633598
0.485019
0.538902
0.483555
0.0662047
0.10731
0.309874
0.0466771
0.532585
0.614704
0.929738
0.714718
0.373833
0.627633
0.448281
0.809265
0.654156
0.698313
0.0981842
0.280688
0.258099
0.419751
0.322197
0.228813
0.0786906
0.957822
0.943196
0.932919
0.795406
0.0431718
0.317566
0.458046
0.675748
0.521141
0.240527
0.885336
0.990866
0.977507
0.164245
0.529012
0.482075
0.807336
0.942874
0.839284
0.465141
0.244678
0.643398
0.524631
0.50256
0.920246
0.959258
0.964473
0.903681
0.782082
0.208815
0.515842
0.938084
0.72232
0.307098
0.947395
0.900291
0.952208
0.146692
0.542118
0.463884
0.120162
0.938112
0.893635
0.939765
0.948309
0.55491
0.232073
0.732404
0.172794
0.346273
0.217273
0.943597
0.0587643
0.219427
0.208909
0.204996
0.227563
0.156454
0.448671
0.608346
0.273456
0.304188
0.440734
0.152953
0.712832
0.116058
0.119048
0.0934969
0.127913
0.0527849
0.573636
0.244329
0.162277
0.382775
0.898225
0.944308
0.824077
0.868666
