0.265475
0.116007
0.2367
0.0927626
0.770138
0.379765
0.115842
0.269963
0.323842
0.638732
0.0222894
0.13043
0.216126
0.792424
0.101379
0.929877
0.783122
0.184147
0.370612
0.056665
0.222309
0.506729
0.11068
0.0693115
0.51137
0.0283466
0.243379
0.16919
0.253925
0.402205
0.879947
0.891569
0.149312
0.260377
0.738634
0.103021
0.914993
0.533348
0.115694
0.924641
0.867448
0.552204
0.635743
0.236807
0.621395
0.914863
0.842667
0.452709
0.852925
0.612165
0.598993
0.323718
0.044519
0.517642
0.526176
0.42349
0.535998
0.501598
0.0801196
0.674179
0.31354
0.971707
0.866609
0.802727
0.0771943
0.116077
0.0325558
0.652437
0.246591
0.57238
0.777055
0.839042
0.679357
0.720889
0.155175
0.22012
0.0172724
0.0764489
0.939708
0.0193707
0.0347523
0.275352
0.555434
0.304059
0.700389
0.361358
0.473737
0.988128
0.093988
0.101904
0.304312
0.0769639
0.309647
0.780932
0.381469
0.685067
0.43602
0.208979
0.973077
0.0844346
0.309544
0.110218
0.218071
0.0363562
0.039469
0.219723
0.72936
0.312998
0.83845
0.682698
0.904509
0.742758
0.20958
0.0533257
0.583276
0.152081
0.875465
0.0317553
0.0379989
0.0448746
0.0215692
0.545287
0.0139856
0.879493
0.353583
0.946742
0.955511
0.952783
0.969062
0.726953
0.0873663
0.117279
0.071195
0.25991
0.269904
0.715705
0.478044
0.411554
0.572246
0.0978958
0.10652
0.0424993
0.0261926
0.964929
0.0976529
0.921996
0.0645003
0.350147
0.931404
0.181459
0.679932
0.273675
0.948547
0.852796
0.197027
0.572942
0.0869481
0.170923
0.182854
0.191661
0.274354
0.624274
0.071651
0.0593428
0.470186
0.0284151
0.770664
0.656663
0.948484
0.380167
0.305396
0.349299
0.538559
0.586895
0.038009
0.118708
0.0580569
0.0618175
0.364096
0.540572
0.443227
0.904672
0.972026
0.00831421
0.265919
0.898855
0.973835
0.584728
0.0465711
0.0904322
0.289741
0.0218369
0.812525
0.409902
0.128973
0.299913
0.0945229
0.05638
0.864565
0.98638
0.0229981
0.093795
0.0102158
0.38755
0.931741
0.0538923
0.0957898
0.0993745
0.175697
0.0574207
0.0801064
0.0602801
0.946629
0.0420163
0.132061
0.0277307
0.0249967
0.250354
0.821223
0.242315
0.0233901
0.688692
0.0491038
0.863261
0.326693
0.981237
0.801963
0.375762
0.868298
0.627365
0.197816
0.101132
0.672962
0.138761
0.323565
0.411149
0.0468026
0.888103
0.0275974
0.0990269
0.0741088
0.0630676
0.0167648
0.15572
0.565348
0.756282
0.995998
0.985157
0.575939
0.496371
0.881275
0.457834
0.0502694
0.231268
0.283416
0.107294
0.0403827
0.0922075
0.0493348
0.122997
0.0820457
0.19318
0.369208
0.939611
0.478722
0.0473665
0.879326
0.200376
0.828302
0.217584
0.239766
0.0538117
0.027678
0.0234214
0.268266
0.0796416
0.0983749
0.696362
0.049626
0.374204
0.963517
0.57747
0.779391
0.748841
0.365177
0.646016
0.461384
0.0392178
0.153133
0.91845
0.611291
0.173503
0.757459
0.185823
0.069802
0.610086
0.92154
0.0600905
0.679401
0.27777
0.208759
0.0722718
0.547902
0.166469
0.662082
0.114888
0.0492981
0.179388
0.722319
0.838603
0.148331
0.0195777
0.405994
0.0333639
0.434006
0.281824
0.183852
0.207185
0.934896
0.429763
0.594513
0.101873
0.220408
0.424475
0.0572875
0.894519
0.289415
0.0326301
0.0771401
0.969977
0.0565367
0.0356477
0.448911
0.480997
0.207923
0.0349831
0.971735
0.892717
0.184822
0.0406622
0.813185
0.680622
0.899593
0.957768
0.346883
0.249824
0.0487292
0.0281309
0.0286395
0.0483476
0.557703
0.338043
0.275518
0.184646
0.26301
0.196345
0.0309403
0.887942
0.17034
0.90619
0.133211
0.163872
0.959863
0.263671
0.953055
0.864928
0.696379
0.653648
0.0993872
0.017977
0.417911
0.562034
0.526635
0.157311
0.641109
0.357536
0.440537
0.952429
0.119423
0.335661
0.0159763
0.254062
0.205359
0.71585
0.964632
0.240188
0.874414
0.494996
0.0668114
0.551574
0.245707
0.00947178
0.0081193
0.0251871
0.892965
0.930775
0.4703
0.37965
0.296884
0.726782
0.267355
0.071524
0.789625
0.16862
0.157176
0.949896
0.454072
0.227778
0.946077
0.407325
0.111358
0.0496646
0.886947
0.687017
0.116547
0.300916
0.0385622
0.857729
0.899774
0.664727
0.329172
0.117169
0.555532
0.626124
0.0286803
0.0339367
0.51692
0.379363
0.991314
0.472857
0.103763
0.154545
0.01428
0.0700194
0.303152
0.101265
0.570429
0.564933
0.987386
0.912738
0.0113557
0.0387335
0.277075
0.145675
0.430714
0.328556
0.712513
0.0619863
0.197816
0.304204
0.257081
0.0489132
0.208165
0.81152
0.634311
0.549553
0.378009
0.0181855
0.191531
0.103701
0.160482
0.242747
0.75677
0.256538
0.512386
0.687796
0.286204
0.181218
0.132554
0.873083
0.401753
0.42096
0.59459
0.862685
0.691489
0.594291
0.396273
0.665543
0.168706
0.0815243
0.0243504
0.923514
0.0986498
0.0250024
0.117956
0.186339
0.207079
0.142136
0.0992491
0.222024
0.140336
0.759246
0.0606124
0.0471118
0.104838
0.632367
0.187491
0.254734
0.059622
0.617189
0.784437
0.776418
0.117982
0.476762
0.182368
0.331641
0.262657
0.108146
0.101161
0.0825721
0.478498
0.294855
0.260869
0.0532052
0.100256
0.0514119
0.717172
0.0316438
0.0688906
0.0842146
0.84145
0.283237
0.950399
0.957362
0.0507005
0.128286
0.108806
0.881729
0.781835
0.853852
0.216444
0.164262
0.85354
0.796587
0.388134
0.46098
0.490638
0.337261
0.15113
0.388057
0.189488
0.259842
0.160792
0.451661
0.94369
0.86176
0.322515
0.0425809
0.319853
0.831591
0.456913
0.674554
0.0177863
0.211184
0.181761
0.328808
0.0556396
0.89119
0.894906
0.0450132
0.721409
0.333333
0.63093
0.0350706
0.0299504
0.016331
0.880506
0.0458852
0.389924
0.207
0.054192
0.943644
0.0218029
0.743974
0.348279
0.509796
0.956454
0.350997
0.0565165
0.0299982
0.0757805
0.908162
0.297608
0.201758
0.334922
0.270054
0.769173
0.0268404
0.762149
0.0455326
0.0206411
0.811942
0.0828249
0.0556881
0.256702
0.0207322
0.0573532
0.0490032
0.220988
0.63622
0.0815458
0.607383
0.326348
0.0843338
0.0150036
0.086159
0.343463
0.352525
0.190598
0.210817
0.184369
0.0486487
0.381426
0.801024
0.931369
0.848286
0.0291329
0.0197723
0.133746
0.0115221
0.0695495
0.0375401
0.97308
0.427445
0.709639
0.146314
0.478808
0.0681641
0.118063
0.0158912
0.0669812
0.179463
0.64837
0.734651
0.125813
0.869802
0.425838
0.153967
0.618304
0.153459
0.216439
0.979688
0.445452
0.974042
0.325148
0.90208
0.327363
0.743401
0.949389
0.924866
0.944385
0.280164
0.111894
0.797981
0.45496
0.41399
0.048897
0.0831669
0.65426
0.490287
0.467899
0.0346908
0.299004
0.0605095
0.0393074
0.0426981
0.33757
0.411838
0.438817
0.112054
0.146653
0.134438
0.546132
0.0576501
0.316558
0.72284
0.030204
0.142182
0.0306359
0.310662
0.302464
0.72277
0.152613
0.425046
0.0514669
0.0408004
0.663381
0.618152
0.913003
0.658822
0.00823504
0.124527
0.685618
0.561564
0.346717
0.294561
0.0296493
0.0314912
0.0468117
0.915496
0.603455
0.770255
0.124048
0.0269881
0.28969
0.439871
0.378968
0.173984
0.924911
0.155645
0.952146
0.216214
0.367946
0.88395
0.928428
0.927216
0.664689
0.218608
0.0896109
0.693669
0.119168
0.815067
0.0287645
0.0329938
0.151534
0.90881
0.445048
0.777216
0.168408
0.520901
0.0897384
0.0602827
0.0271012
0.437431
0.0326613
0.329584
0.452708
0.0950422
0.0528714
0.139017
0.210889
0.63885
0.622158
0.735823
0.387146
0.722726
0.12223
0.410342
0.719607
0.0810398
0.802172
0.145381
0.317485
0.920297
0.563729
0.0140127
0.351679
0.478569
0.0730391
0.744841
0.107524
0.0436481
0.431152
0.417216
0.910554
0.828931
0.165263
0.908675
0.0674894
0.584825
0.0900065
0.414127
0.32459
0.407582
0.203206
0.971388
0.132223
0.195041
0.0456383
0.0749166
0.105179
0.0354929
0.129902
0.80694
0.131438
0.0309069
0.0537009
0.243541
0.151533
0.0494447
0.600115
0.413911
0.0980896
0.898792
0.146674
0.0590524
0.319189
0.464286
0.0221382
0.0693768
0.139097
0.83133
0.121948
0.235525
0.379509
0.00739322
0.0094328
0.40235
0.647873
0.0290206
0.159268
0.0680697
0.0295982
0.205686
0.0520058
0.0407236
0.260587
0.33533
0.312861
0.126107
0.117546
0.219643
0.191012
0.314955
0.0298644
0.91181
0.0197749
0.317693
0.162341
0.0865014
0.0275
0.420348
0.17805
0.766632
0.672197
0.166897
0.253686
0.071211
0.0139762
0.953941
0.717277
0.0574579
0.0382859
0.134313
0.019817
0.711866
0.976588
0.0852272
0.797793
0.279946
0.283066
0.0302113
0.974894
0.405299
0.485262
0.167135
0.74833
0.0345584
0.0194306
0.873494
0.0442586
0.874909
0.378358
0.637758
0.0197269
0.0125731
0.339788
0.56522
0.310765
0.0362974
0.793206
0.426908
0.00909442
0.0706076
0.0346174
0.881826
0.940566
0.2372
0.242947
0.0541384
0.0998461
0.888226
0.540301
0.109622
0.33294
0.0109029
0.778115
0.116638
0.0975192
0.111909
0.024703
0.019327
0.0564601
0.887556
0.0819889
0.105754
0.611026
0.905745
0.152069
0.199675
0.029992
0.0804144
0.209041
0.0732796
0.144773
0.0999994
0.320531
0.0338277
0.192878
0.0117347
0.0200975
0.0195367
0.00569604
0.00495854
0.0275097
0.0225692
0.539609
0.11657
0.610779
0.140756
0.946019
0.960436
0.947567
0.80585
0.485583
0.0473956
0.0624318
0.034181
0.0870301
0.0255693
0.261821
0.907688
0.247095
0.300131
0.121333
0.424705
0.0527087
0.120965
0.222628
0.970769
0.959777
0.97615
0.968881
0.328544
0.0770644
0.0329108
0.0346826
0.943343
0.108319
0.0612071
0.0361876
0.0353708
0.0789542
0.0313221
0.0367758
0.0282579
0.303933
0.181384
0.0945102
0.373433
0.982738
0.981146
0.971358
0.948834
0.97103
0.302918
0.0956597
0.037947
0.251106
0.0649308
0.0496614
0.075373
0.937191
0.795091
0.0290676
0.616935
0.0354333
0.0190788
0.0855278
0.00636698
0.974143
0.947795
0.0768056
0.978527
0.951821
0.93099
0.213889
0.832083
0.358388
0.174887
0.0712677
0.861557
0.00726721
0.968484
0.024368
0.0757482
0.35349
0.502927
0.0360565
0.961787
0.78956
0.337806
0.0747672
0.7255
0.960137
0.897028
0.26307
0.925809
0.224764
0.433115
0.0934789
0.958704
0.239691
0.136932
0.911859
0.950188
0.924185
0.844741
0.0755654
0.711133
0.0724323
0.299929
0.577449
0.0392913
0.12128
0.330357
0.0962383
0.536642
0.0351329
0.110137
0.0781054
0.949576
0.132179
0.598999
0.589204
0.405875
0.169107
0.251866
0.844351
0.235113
0.140513
0.918289
0.896779
0.364933
0.223929
0.0561949
0.41523
0.153577
0.0837025
0.229702
0.439476
0.231699
0.316318
0.0894214
0.697903
0.256916
0.224201
0.522712
0.362261
0.895355
0.960994
0.56769
0.312643
0.077191
0.967613
0.554605
0.721612
0.0978473
0.557195
0.776641
0.397585
0.305756
0.418209
0.248596
0.950514
0.958824
0.866771
0.734443
0.973949
0.128115
0.21355
0.161402
0.548683
0.511707
0.044098
0.192016
0.102174
0.595366
0.15141
0.228235
0.645394
0.525264
0.254699
0.378118
0.0843322
0.914802
0.0929034
0.25574
0.403685
0.320089
0.0296454
0.162246
0.573294
0.013201
0.725472
0.020482
0.220035
0.134143
0.767664
0.110223
0.79008
0.522403
0.0448014
0.0101401
0.754693
0.0195295
0.06137
0.0192777
0.116744
0.0865525
0.0629011
0.292946
0.0970473
0.0312543
0.07911
0.0461589
0.0328229
0.0239107
0.051408
0.0248604
0.109444
0.0278087
0.00708408
0.10331
0.090054
0.106377
0.0391979
0.237554
0.336435
0.10565
0.369901
0.101485
0.0179461
0.3645
0.439133
0.032057
0.0599653
0.0498782
0.737232
0.142538
0.188365
0.142743
0.035921
0.0462037
0.112389
0.354407
0.0717156
0.0726669
0.0259217
0.0622107
0.0688065
0.571627
0.527587
0.214251
0.043165
0.0290068
0.0317084
0.079072
0.0217848
0.56522
0.17306
0.0548935
0.104715
0.281657
0.0407212
0.869868
0.0517894
0.0240043
0.0388794
0.597793
0.0640418
0.413897
0.180242
0.114789
0.0286371
0.0265618
0.0968911
0.0933044
0.471211
0.062845
0.352027
0.296947
0.670952
0.209197
0.832585
0.011253
0.0917608
0.39853
0.47384
0.0676866
0.760816
0.968257
0.570815
0.593754
0.0835985
0.0718793
0.0872794
0.0497274
0.0148088
0.39373
0.104161
0.25084
0.0384219
0.0610014
0.0436824
0.134083
0.00649766
0.0267591
0.0892433
0.0379052
0.0340574
0.0405893
0.0302904
0.0100199
0.0834708
0.25306
0.0422417
0.00929422
0.631712
0.396288
0.257127
0.132581
0.136848
0.220494
0.0364761
0.152277
0.38681
0.016209
0.0506395
0.108254
0.037719
0.0493233
0.0220711
0.0329881
0.0248904
0.0872523
0.0205885
0.481157
0.639428
0.0588023
0.0298106
0.603272
0.0275554
0.0160924
0.163238
0.133816
0.247131
0.0992904
0.19346
0.0771493
0.34745
0.111663
0.0638352
0.0833868
0.258746
0.31696
0.0818217
0.37525
0.0494545
0.326283
0.0231471
0.0234076
0.0310576
0.0882568
0.138691
0.22716
0.160312
0.0989978
0.094584
0.0148174
0.0413336
0.0367629
0.079342
0.0323409
0.0867225
0.117771
0.0590876
0.114801
0.066003
0.126764
0.108473
0.0597525
0.177514
0.165708
0.201355
0.108281
0.129986
0.0988978
0.0495056
0.0887427
0.189086
0.204351
0.308447
0.0274623
0.0918714
0.914827
0.086526
0.0707221
0.0698372
0.0906034
0.0947492
0.0551414
0.0801855
0.117767
0.382135
0.0974674
0.307126
0.472877
0.0755628
0.46364
0.20479
0.0812053
0.0297343
0.392505
0.0105857
0.0742366
0.0915515
0.0278775
0.118026
0.0385079
0.19061
0.217026
0.0292302
0.142736
0.19221
0.0568606
0.129635
0.268799
0.0630875
0.0359583
0.00752781
0.0158343
0.103363
0.175772
0.0251462
0.0191213
0.0241331
0.185229
0.0117804
0.0495601
0.0542996
0.0449404
0.137965
0.154328
0.171433
0.343063
0.036455
0.102001
0.0939922
0.0407327
0.208205
0.0593976
0.164529
0.0540674
0.0946304
0.0301084
0.052381
0.0366642
0.254309
0.0536835
0.046891
0.0541888
0.281388
0.803882
0.597989
0.212
0.160643
0.381434
0.278698
0.945357
0.0191338
0.0960901
0.114126
0.697487
0.673843
0.22471
0.121337
0.496087
0.0190907
0.445243
0.560223
0.0363869
0.0138372
0.0162061
0.564922
0.65622
0.362189
0.346567
0.0741902
0.0559137
0.389187
0.0472547
0.0360212
0.451317
0.474349
0.0912728
0.038017
0.0806941
0.173395
0.206912
0.0408474
0.109331
0.0251559
0.620658
0.28795
0.297131
0.0562926
0.0534537
0.172657
0.0254484
0.117535
0.0729961
0.023288
0.0330355
0.0636341
0.0397886
0.0166209
0.0153604
0.0702442
0.201428
0.274075
0.0854931
0.98538
0.97237
0.822943
0.0233703
0.819644
0.928059
0.0326617
0.0144863
0.690824
0.124308
0.0440686
0.054261
0.0151371
0.446558
0.0803354
0.0219515
0.22713
0.0660125
0.0564813
0.0185139
0.122171
0.993133
0.966761
0.138602
0.654429
0.0573016
0.225345
0.133818
0.115424
0.0280085
0.155739
0.367231
0.148621
0.238365
0.427706
0.0439654
0.392514
0.0533184
0.508874
0.0759361
0.588239
0.0326791
0.0289056
0.0998731
0.0256556
0.635397
0.0392442
0.0878876
0.377218
0.0545157
0.0475013
0.0223157
0.183819
0.105218
0.0140195
0.0711739
0.202917
0.337646
0.121288
0.576909
0.181327
0.30138
0.0306387
0.018549
0.0271242
0.0698424
0.141081
0.0367642
0.0165613
0.0498286
0.0769161
0.0585269
0.120342
0.0598598
0.896371
0.022276
0.285275
0.177543
0.226365
0.0544905
0.0124378
0.0485201
0.864637
0.0095931
0.668721
0.630827
0.934585
0.0390738
0.0524613
0.0264674
0.0144627
0.0220077
0.0469681
0.0229167
0.162391
0.0588321
0.25438
0.0501516
0.126137
0.0614851
0.0442178
0.502937
0.325273
0.376246
0.104171
0.151046
0.048333
0.0365866
0.0100612
0.126954
0.0279726
0.748961
0.615105
0.00815792
0.0771547
0.329641
0.00669023
0.0312206
0.356254
0.0645383
0.0697434
0.214952
0.0658064
0.135814
0.0220771
0.0310115
0.0661279
0.0109355
0.0313576
0.0384542
0.063567
0.0053536
0.0409271
0.0800058
0.108894
0.0779791
0.0569442
0.0425972
0.340945
0.121725
0.00897576
0.0499519
0.466656
0.040002
0.0319712
0.0556442
0.215328
0.0663355
0.155216
0.0208321
0.0260863
0.0298252
0.629308
0.946219
0.719159
0.134739
0.0203745
0.496391
0.0156668
0.105604
0.0299337
0.140458
0.915577
0.0182193
0.0594537
0.0255457
0.0738886
0.0168913
0.0528357
0.0461432
0.0861039
0.898264
0.344221
0.251482
0.112984
0.0900889
0.229008
0.73184
0.0565984
0.0573855
0.804632
0.441698
0.81772
0.570965
0.050433
0.963763
0.158768
0.164037
0.0053706
0.223611
0.08818
0.436031
0.727762
0.21954
0.232595
0.0235884
0.126091
0.163426
0.142666
0.0853563
0.101135
0.0511536
0.0266188
0.0359499
0.0249024
0.0262826
0.845791
0.0647377
0.0329105
0.0809762
0.0619656
0.013464
0.241896
0.0684219
0.607847
0.0382182
0.0721966
0.850038
0.0321362
0.232673
0.889757
0.0717855
0.038037
0.122931
0.130263
0.0460631
0.0777347
0.0167654
0.0120424
0.0521445
0.320651
0.197338
0.835844
0.683628
0.646513
0.146776
0.0354726
0.0997531
0.0219329
0.0110643
0.0122536
0.123384
0.146806
0.375867
0.48857
0.169241
0.0211382
0.0105148
0.167119
0.0110096
0.150122
0.0265384
0.0232267
0.0132352
0.0158378
0.0681923
0.0630769
0.0467879
0.150763
0.12347
0.0175067
0.042474
0.0381404
0.942289
0.873533
0.12289
0.0753569
0.0881318
0.128817
0.0773661
0.0967193
0.0318078
0.0932359
0.7514
0.0637884
0.0185332
0.0174889
0.0935135
0.0222003
0.0301271
0.151524
0.045932
0.0376065
0.843094
0.193297
0.0439446
0.0638691
0.0454194
0.0431791
0.276051
0.18644
0.0133735
0.0166368
0.088149
0.0490204
0.13756
0.0395908
0.128087
0.0580062
0.278721
0.0911413
0.0444737
0.0261387
0.674209
0.276746
0.495297
0.386431
0.306903
0.0240447
0.0176726
0.0273954
0.0331352
0.162356
0.0815435
0.268724
0.203222
0.0241955
0.061749
0.0101743
0.0315407
0.0559346
0.0408062
0.149741
0.811648
0.0160687
0.240383
0.01353
0.62643
0.097171
0.00865393
0.337073
0.114676
0.655601
0.0460324
0.5498
0.118515
0.050708
0.0179972
0.119996
0.0882462
0.0480748
0.00386554
0.0469441
0.027133
0.0963589
0.0498393
0.912401
0.432954
0.903551
0.0233208
0.135427
0.0164366
0.16801
0.0200962
0.0117985
0.0581755
0.0120703
0.0971865
0.116878
0.1147
0.00799698
0.204039
0.0281205
0.136421
0.17155
0.387622
0.774944
0.873825
0.180529
0.0334064
0.0653555
0.087236
0.123975
0.0437061
0.491467
0.0275406
0.232365
0.0133629
0.0284535
0.0862188
0.036775
0.0865359
0.0420573
0.0457133
0.45982
0.0444964
0.0551432
0.0794835
0.154473
0.226904
0.0586635
0.0103572
0.130333
0.195497
0.0387292
0.0965015
0.244071
0.0376015
0.067508
0.187492
0.102598
0.0490866
0.0298406
0.0740875
0.04458
0.0108369
0.0710596
0.0223196
0.419889
0.114768
0.026724
0.0554991
0.244813
0.181012
0.0323742
0.274744
0.1378
0.0404971
0.060432
0.119052
0.329434
0.0169285
0.0769463
0.067733
0.0538114
0.0744822
0.0463458
0.111811
0.108416
0.118283
0.0472213
0.00824447
0.0433969
0.0674305
0.0289175
0.863793
0.551044
0.634489
0.0679276
0.641084
0.701932
0.0131922
0.103559
0.0115821
0.0190024
0.0114833
0.055779
0.215373
0.0566085
0.113742
0.0172747
0.0831998
0.505848
0.406772
0.0860652
0.996961
0.954671
0.0965508
0.0110159
0.0196147
0.0448266
0.842615
0.115108
0.382692
0.0404462
0.089078
0.199092
0.098995
0.0242611
0.311579
0.961622
0.0390589
0.643481
0.824224
0.864997
0.0478308
0.0340394
0.0327442
0.0657559
0.116368
0.0624656
0.0418329
0.0737624
0.42874
0.228777
0.0167555
0.0112524
0.0986677
0.332945
0.027332
0.0151445
0.0894408
0.153203
0.176937
0.0114235
0.105714
0.967206
0.0949999
0.0469748
0.1556
0.0787872
0.14709
0.046332
0.940893
0.0555033
0.0309969
0.0368221
0.0496141
0.031144
0.0284026
0.0640937
0.189986
0.165131
0.200177
0.743561
0.0119971
0.122267
0.281308
0.521795
0.0382772
0.257959
0.0186728
0.31994
0.0137208
0.021158
0.102119
0.116663
0.0518698
0.139769
0.0186469
0.521893
0.539323
0.0728419
0.140323
0.0351114
0.050129
0.0162566
0.0262064
0.0576593
0.0406137
0.0313166
0.0729921
0.0893075
0.0300939
0.0632986
0.190699
0.107591
0.155144
0.0958779
0.0380834
0.038349
0.0366051
0.00985893
0.113955
0.0191531
0.0340291
0.401714
0.256614
0.123505
0.498984
0.456165
0.0540859
0.0683488
0.06431
0.0379587
0.105102
0.799252
0.270938
0.0509584
0.132909
0.240729
0.0834643
0.0280497
0.101633
0.407289
0.0366959
0.0748984
0.0453722
0.485046
0.233313
0.939764
0.204553
0.115253
0.0508913
0.0574681
0.269231
0.0634307
0.236435
0.0576879
0.782646
0.0869856
0.0474454
0.165536
0.0220655
0.191818
0.0215663
0.0400532
0.0769099
0.117002
0.0252794
0.0190759
0.0185453
0.691313
0.349584
0.0976395
0.342071
0.115031
0.0168627
0.358299
0.0978911
0.270763
0.0334732
0.243917
0.231576
0.129936
0.199779
0.125677
0.0143506
0.0526004
0.101698
0.318017
0.357974
0.56052
0.463786
0.336143
0.0184088
0.0388516
0.0182549
0.0796056
0.389269
0.0211276
0.0477037
0.029467
0.116089
0.100978
0.168087
0.397395
0.0511698
0.133326
0.0288002
0.0636464
0.964431
0.885197
0.193144
0.0383256
0.0202852
0.174112
0.214834
0.0430947
0.520728
0.104731
0.0320664
0.040699
0.0408659
0.11746
0.0550755
0.0873296
0.073889
0.0204663
0.170564
0.0415163
0.50342
0.0994833
0.269506
0.0688735
0.273176
0.366484
0.178225
0.0862911
0.0411942
0.0837108
0.0690817
0.985668
0.993498
0.948223
0.016705
0.792761
0.0583635
0.0199466
0.0156548
0.174855
0.141556
0.0252695
0.0707522
0.116509
0.085623
0.0254061
0.0469804
0.0123883
0.649572
0.19752
0.0240274
0.180698
0.187345
0.0303171
0.0593107
0.180461
0.0282652
0.0607428
0.109193
0.544759
0.040301
0.267484
0.0346999
0.0232763
0.0709577
0.0908538
0.59812
0.054394
0.048774
0.13317
0.195174
0.0182448
0.497073
0.101235
0.0554274
0.0833263
0.114044
0.0293969
0.287597
0.152636
0.0151492
0.0493622
0.0424746
0.0257932
0.23102
0.0799356
0.0327094
0.0352903
0.290615
0.151346
0.194325
0.272228
0.0183133
0.00718592
0.0584997
0.0628705
0.0638598
0.0779577
0.237525
0.0253844
0.166335
0.00729968
0.110007
0.881227
0.928306
0.67513
0.2363
0.0283701
0.0286676
0.0677956
0.603957
0.114793
0.130943
0.138873
0.058726
0.0879934
0.0165103
0.0979318
0.986597
0.0619878
0.0482463
0.0277869
0.864365
0.819715
0.0353606
0.632539
0.255393
0.26081
0.162824
0.217086
0.0190086
0.370336
0.135695
0.497762
0.314344
0.0175034
0.0663387
0.0644078
0.246523
0.110233
0.12224
0.647861
0.321812
0.0612886
0.329913
0.390811
0.364443
0.0869415
0.0925694
0.0319476
0.303325
0.265244
0.0875872
0.159923
0.0781781
0.0463248
0.0904975
0.888338
0.433447
0.141919
0.0343769
0.976612
0.231214
0.306211
0.353352
0.0330154
0.649127
0.182987
0.374489
0.106215
0.0374996
0.157159
0.0294798
0.0702706
0.442498
0.0820723
0.0107554
0.577349
0.373098
0.0830605
0.0666805
0.119216
0.118755
0.0812331
0.0223052
0.0122843
0.0667359
0.0642962
0.0178241
0.0315144
0.0544023
0.18635
0.181091
0.239912
0.0517727
0.930929
0.0285341
0.0712912
0.0197847
0.586614
0.171937
0.172938
0.0889545
0.260486
0.884636
0.882967
0.95252
0.62762
0.311067
0.823925
0.857937
0.583715
0.739554
0.644661
0.768331
0.0577055
0.0887366
0.636088
0.372743
0.0641973
0.737643
0.627606
0.0244591
0.0515835
0.0342868
0.636948
0.629532
0.0745307
0.244907
0.311845
0.157491
0.124797
0.0141095
0.379397
0.0230592
0.95473
0.720267
0.187934
0.056131
0.0584964
0.138373
0.218724
0.198884
0.125316
0.375274
0.133512
0.0117893
0.0698711
0.0263988
0.0213087
0.64589
0.522644
0.252209
0.106785
0.168258
0.0204654
0.016825
0.0555096
0.0239626
0.154032
0.108426
0.674815
0.730838
0.244794
0.425744
0.0728481
0.0160252
0.0933012
0.133595
0.0824992
0.0545865
0.0319332
0.0605697
0.00245469
0.0134219
0.0366854
0.0278665
0.398698
0.557795
0.0246886
0.0886521
0.0109584
0.0411035
0.0238895
0.274062
0.162717
0.0871363
0.219726
0.370761
0.0440963
0.0742889
0.245263
0.0171846
0.136989
0.0174099
0.0295694
0.688611
0.0585394
0.0154819
0.942503
0.0557052
0.711441
0.0676598
0.642965
0.11219
0.580516
0.426739
0.212614
0.372329
0.135387
0.895908
0.373135
0.0500178
0.353052
0.941978
0.441205
0.0656803
0.393711
0.0171969
0.137896
0.156968
0.134573
0.0163834
0.487375
0.0448476
0.191248
0.245006
0.112835
0.186061
0.0518035
0.00873356
0.306608
0.59759
0.434898
0.248084
0.253779
0.573577
0.0246717
0.119241
0.316586
0.0926702
0.381823
0.095201
0.0249902
0.00973958
0.0170021
0.0893356
0.134225
0.0210998
0.107281
0.0362169
0.0265324
0.0497003
0.076929
0.133727
0.147065
0.076872
0.0130671
0.0953747
0.00884427
0.0526253
0.109257
0.0360118
0.0197374
0.197699
0.497595
0.0164511
0.806761
0.0699149
0.116111
0.96833
0.0682552
0.879511
0.0165926
0.970052
0.632222
0.395194
0.512769
0.0604815
0.0358815
0.0400343
0.030033
0.141539
0.227458
0.0308649
0.0525861
0.0824648
0.868671
0.658192
0.158292
0.015696
0.0499302
0.851794
0.0488664
0.0973276
0.0317866
0.0859445
0.710308
0.94336
0.0505975
0.582193
0.922957
0.686508
0.254964
0.2441
0.633481
0.107174
0.043297
0.0290784
0.14419
0.0427835
0.0342857
0.0573172
0.1325
0.00644623
0.351635
0.577948
0.00945912
0.0828929
0.394011
0.169863
0.038821
0.181487
0.706082
0.43262
0.328296
0.894923
0.0127027
0.0304512
0.0714481
0.227155
0.832549
0.0183951
0.0326184
0.955924
0.296837
0.0503568
0.0312946
0.0865256
0.0378685
0.185688
0.298274
0.0227198
0.189335
0.0689049
0.0258999
0.501992
0.303084
0.106979
0.027065
0.0228762
0.124187
0.947337
0.143627
0.0578232
0.0619678
0.0402903
0.0617313
0.0992422
0.026694
0.076778
0.188826
0.054508
0.0392508
0.118554
0.307197
0.290039
0.176216
0.128327
0.0855977
0.464507
0.0767717
0.0150874
0.0104635
0.993522
0.961516
0.288096
0.0975593
0.07178
0.182042
0.0105511
0.444667
0.0127489
0.0332727
0.242764
0.0447093
0.0777331
0.0424518
0.0190515
0.0591332
0.129926
0.0645605
0.0134511
0.0358939
0.0959557
0.0981496
0.0374064
0.936424
0.807534
0.849935
0.107284
0.0293125
0.279945
0.961281
0.933979
0.0465867
0.0980128
0.0350046
0.856838
0.0143699
0.0430552
0.134162
0.0311273
0.0887038
0.00495641
0.0152225
0.0162497
0.112672
0.31213
0.139261
0.0195495
0.0308368
0.567128
0.083496
0.865438
0.913131
0.0554187
0.0329184
0.0595047
0.0290405
0.0429618
0.530718
0.319149
0.0159533
0.0196744
0.024777
0.0252274
0.850131
0.912949
0.652088
0.98833
0.122785
0.0509513
0.00975597
0.0721119
0.893944
0.969575
0.94574
0.541644
0.755966
0.0217267
0.029474
0.921334
0.00877766
0.0607478
0.0606268
0.908478
0.0308905
0.0131265
0.0450353
0.0134591
0.105533
0.0212325
0.04658
0.00869309
0.0160259
0.908096
0.0399833
0.699418
0.0401733
0.921738
0.975936
0.695317
0.834004
0.473329
0.120435
0.394301
0.129552
0.398661
0.077901
0.181693
0.485299
0.887138
0.213917
0.221931
0.149982
0.0221449
0.932252
0.0282544
0.405045
0.110584
0.924278
0.811194
0.995368
0.984073
0.987178
0.985443
0.255022
0.441761
0.0512613
0.342305
0.0609155
0.160396
0.470156
0.0626852
0.123295
0.0412316
0.0385146
0.392609
0.155653
0.0894907
0.266241
0.165549
0.0417623
0.0225438
0.023279
0.0923885
0.137234
0.149219
0.0693736
0.0294322
0.0413332
0.0631768
0.114657
0.21727
0.0436566
0.0774877
0.0228705
0.225274
0.456792
0.0271288
0.0275011
0.0675671
0.174043
0.0276133
0.185193
0.561388
0.0177361
0.180447
0.947696
0.969192
0.222455
0.0223066
0.10251
0.19385
0.334444
0.0278357
0.117443
0.906801
0.0580957
0.0627968
0.512469
0.389195
0.0251835
0.015814
0.032741
0.202508
0.0796523
0.0160732
0.61868
0.56764
0.111802
0.0294497
0.294192
0.196843
0.0823386
0.0155327
0.01324
0.036546
0.0154801
0.027568
0.049923
0.0523965
0.135049
0.0434223
0.0409526
0.0821962
0.0508638
0.0648239
0.0164792
0.1184
0.0274238
0.116299
0.013278
0.0469597
0.00415064
0.0469143
0.0497957
0.104439
0.0199746
0.163816
0.0439085
0.724957
0.043289
0.0520724
0.0205421
0.119504
0.0356601
0.00803445
0.00877366
0.0388008
0.0298752
0.940494
0.0825688
0.513207
0.404913
0.274384
0.0331174
0.389325
0.105853
0.389448
0.0632551
0.501609
0.112075
0.239885
0.66956
0.116077
0.010985
0.304379
0.200946
0.0808802
0.15805
0.036484
0.0992722
0.190567
0.0373336
0.0211824
0.0106872
0.0233329
0.0202042
0.361009
0.901677
0.879641
0.38119
0.239811
0.140417
0.0396209
0.0650699
0.175564
0.0142869
0.098228
0.0946696
0.019741
0.698106
0.0119205
0.0132606
0.929277
0.0426966
0.036723
0.0347033
0.0355547
0.0825366
0.0158552
0.0619388
0.0567188
0.0387473
0.07311
0.296421
0.0658311
0.015811
0.0380429
0.0051766
0.183958
0.0198142
0.274793
0.0121287
0.0481684
0.207309
0.046167
0.00264745
0.0341037
0.166219
0.116348
0.0665007
0.591955
0.048579
0.0372757
0.206531
0.335307
0.900492
0.258992
0.0987835
0.0332427
0.531391
0.252503
0.202055
0.0426661
0.020256
0.191372
0.0895871
0.00756761
0.0681294
0.0611547
0.263975
0.0322032
0.0391337
0.0550374
0.0350868
0.126408
0.193333
0.0312368
0.0273028
0.0844373
0.0383305
0.0873989
0.038047
0.0224757
0.0595023
0.16216
0.314729
0.0871959
0.165936
0.181322
0.114458
0.114449
0.0735551
0.109594
0.101062
0.414938
0.309572
0.0345377
0.0441845
0.168473
0.00998572
0.0254495
0.115653
0.0857178
0.128151
0.0794872
0.0698112
0.0262403
0.0505308
0.0412513
0.00358855
0.0199511
0.167047
0.0630496
0.0311316
0.985244
0.927844
0.982276
0.0235666
0.107254
0.0494757
0.239811
0.274408
0.0678026
0.365315
0.255336
0.674864
0.234163
0.204785
0.0611656
0.692031
0.864607
0.348244
0.0381929
0.0499929
0.0926837
0.0299661
0.0644174
0.658532
0.274523
0.0437165
0.0570604
0.221568
0.0418062
0.0228888
0.307453
0.0595005
0.0563305
0.237157
0.274556
0.447271
0.116298
0.37404
0.023924
0.197398
0.103372
0.0164766
0.152966
0.246895
0.0470628
0.250042
0.339119
0.0352332
0.962122
0.356823
0.0809786
0.746006
0.0846091
0.511732
0.943663
0.364804
0.0381608
0.555384
0.0570892
0.537308
0.19089
0.278081
0.0753696
0.0629335
0.0509406
0.08625
0.0733113
0.0775451
0.0885401
0.0090371
0.0242766
0.188633
0.0408572
0.0309571
0.0532697
0.0217585
0.14984
0.469944
0.192351
0.0529585
0.4039
0.429799
0.0509305
0.0238521
0.590226
0.0686368
0.240649
0.125562
0.207038
0.0776999
0.591352
0.0428907
0.0264132
0.0244946
0.210159
0.0428059
0.0392597
0.0158713
0.22727
0.0491024
0.314833
0.734708
0.10259
0.0310884
0.211765
0.0338386
0.0383951
0.0954904
0.0186353
0.199064
0.119696
0.820934
0.184875
0.322744
0.722962
0.592847
0.436177
0.544738
0.102883
0.107076
0.721322
0.881989
0.667937
0.020939
0.0602364
0.099806
0.0612836
0.0134188
0.0603299
0.249836
0.308225
0.0364988
0.863962
0.277879
0.247418
0.318832
0.0290987
0.323185
0.0662582
0.240323
0.130641
0.768208
0.0866822
0.150131
0.185278
0.607094
0.555954
0.0683954
0.0925196
0.198495
0.252083
0.033926
0.120504
0.185394
0.101115
0.0400938
0.0725711
0.385923
0.0122543
0.207376
0.667169
0.0422193
0.0159789
0.0976006
0.307782
0.33859
0.180813
0.111514
0.276644
0.172477
0.12774
0.753801
0.146137
0.101056
0.0503176
0.0256708
0.0998257
0.0814456
0.103376
0.365237
0.24275
0.13155
0.0999211
0.103004
0.178507
0.225413
0.13621
0.0233859
0.055928
0.119928
0.243454
0.0564113
0.0841681
0.0720369
0.0561051
0.037226
0.141024
0.0420413
0.00856206
0.148578
0.100609
0.236252
0.104871
0.310777
0.020882
0.103782
0.830736
0.215082
0.0737203
0.503352
0.0306343
0.0195912
0.0286609
0.210267
0.115863
0.00787716
0.634224
0.0295011
0.0291779
0.0165053
0.0231593
0.0882386
0.290477
0.050592
0.451482
0.709192
0.0436154
0.415859
0.0703884
0.161287
0.0384787
0.0977039
0.17591
0.0261839
0.239377
0.040482
0.150848
0.773934
0.0304134
0.0808159
0.333376
0.0400611
0.701585
0.297214
0.207748
0.244837
0.0762419
0.009738
0.364705
0.0429961
0.0303832
0.0558731
0.0335296
0.0224083
0.039949
0.083075
0.130445
0.020652
0.0283504
0.353362
0.295532
0.381498
0.0926607
0.0998837
0.0242911
0.117041
0.0713202
0.34
0.058769
0.159756
0.0390446
0.0564136
0.0239054
0.0729135
0.0221609
0.113164
0.044233
0.12605
0.240123
0.56486
0.0534066
0.095688
0.0647554
0.0570105
0.0223062
0.0276459
0.063469
0.136826
0.0107795
0.280935
0.637324
0.246129
0.150741
0.0257872
0.0177078
0.22834
0.0603747
0.0754607
0.320371
0.0786436
0.140789
0.102359
0.0248998
0.139424
0.122864
0.0347229
0.0157538
0.124964
0.116127
0.156092
0.396946
0.58592
0.059067
0.131079
0.288629
0.23503
0.0605954
0.0204254
0.0235197
0.117308
0.0279043
0.0160327
0.129398
0.0348997
0.0361381
0.0137588
0.0115006
0.0330214
0.0289947
0.102502
0.290519
0.104774
0.0238821
0.0863955
0.272305
0.287907
0.0859709
0.0139379
0.113463
0.0818586
0.083082
0.0270158
0.0686827
0.12285
0.211848
0.0738243
0.152872
0.077839
0.118795
0.0992115
0.105076
0.278237
0.137422
0.400257
0.0212487
0.495765
0.0276137
0.0770259
0.463808
0.125771
0.0779469
0.0997756
0.175281
0.150967
0.0857171
0.0948812
0.0281942
0.0313547
0.0306918
0.113486
0.10349
0.40801
0.0940418
0.00726585
0.0609326
0.0575566
0.0249301
0.011689
0.0401829
0.12775
0.39754
0.147829
0.0190533
0.292948
0.035376
0.604036
0.228978
0.642999
0.280966
0.358184
0.102664
0.505992
0.142556
0.0168509
0.0521228
0.0185096
0.0128937
0.388558
0.0509544
0.0881156
0.188688
0.466955
0.044975
0.0360784
0.114442
0.0484474
0.0912472
0.0212406
0.0342361
0.0261237
0.174216
0.83006
0.0384
0.0385798
0.0985433
0.207577
0.0274986
0.0404279
0.0466733
0.0761883
0.300838
0.152312
0.209701
0.306481
0.0365323
0.045221
0.053348
0.0421279
0.0225102
0.00900891
0.0133562
0.280737
0.0124241
0.11516
0.0384608
0.0212023
0.0489779
0.484112
0.324871
0.0536421
0.666098
0.0486186
0.0182557
0.0406886
0.107847
0.110624
0.100502
0.127995
0.396335
0.0546549
0.0203134
0.112384
0.0466398
0.0725972
0.274269
0.0205285
0.331468
0.0986967
0.138337
0.0159552
0.019004
0.0138727
0.0230877
0.029269
0.0984549
0.0441994
0.00985587
0.0222746
0.0163996
0.0556809
0.0561147
0.00785735
0.081008
0.0328409
0.0278644
0.0642814
0.401767
0.0371386
0.108771
0.0708461
0.137858
0.0291326
0.0760899
0.263166
0.058742
0.0763569
0.148076
0.00625325
0.0431691
0.0312258
0.1441
0.301777
0.485791
0.404782
0.0144561
0.0760064
0.186033
0.059769
0.103008
0.0515394
0.0490862
0.119392
0.347478
0.171367
0.0233709
0.0815394
0.116999
0.146746
0.0701581
0.100066
0.0364564
0.263017
0.114297
0.178783
0.148484
0.0495964
0.154165
0.0823722
0.0626146
0.630499
0.206929
0.43464
0.0373387
0.051866
0.196684
0.134246
0.0840486
0.0354868
0.0149199
0.0516912
0.0341357
0.0456623
0.577545
0.0153252
0.052898
0.025301
0.0285392
0.052471
0.0183683
0.127941
0.116825
0.086135
0.0599911
0.0372109
0.0412781
0.0817846
0.0432334
0.078431
0.190337
0.164262
0.0710646
0.0232109
0.0604527
0.0528596
0.0689633
0.0194722
0.015022
0.0514844
0.0960959
0.0393786
0.00719549
0.0174065
0.0237087
0.0141177
0.141979
0.0208451
0.0527891
0.0385824
0.0292501
0.649057
0.0486279
0.014023
0.0225364
0.133691
0.0922876
0.0335455
0.0184409
0.0472713
0.0910501
0.469585
0.0192479
0.0290927
0.0215954
0.125406
0.0773695
0.0585557
0.0779054
0.0728228
0.108691
0.195641
0.0719011
0.0189366
0.45889
0.005436
0.0362921
0.065237
0.188587
0.0184215
0.00546533
0.015081
0.230742
0.0947068
0.0376818
0.149311
0.0293087
0.0634439
0.102826
0.058003
0.0492884
0.0370743
0.0207134
0.0334028
0.00727937
0.0405141
0.0224041
0.0859815
0.0478457
0.0105937
0.0400461
0.0866581
0.0298648
0.0571653
0.0378986
0.0893986
0.148245
0.0275301
0.126977
0.0630784
0.0274888
0.0930026
0.228357
0.0855082
0.0427454
0.0520615
0.0485634
0.156811
0.199972
0.0202213
0.02867
0.0279591
0.0199758
0.101305
0.031554
0.0455793
0.0102502
0.101385
0.208995
0.0359707
0.19449
0.0227605
0.124909
0.0796421
0.0677549
0.298544
0.073108
0.00965264
0.360645
0.0850268
0.304672
0.0281857
0.0785217
0.276466
0.259694
0.0787456
0.073708
0.29574
0.0547502
0.0662808
0.0373345
0.226149
0.2191
0.477564
0.0111447
0.0530345
0.0305011
0.0879289
0.119946
0.0641199
0.137133
0.0321517
0.0818371
0.462689
0.0180414
0.256343
0.0547205
0.0918619
0.146765
0.293904
0.0914306
0.0296607
0.156728
0.362769
0.0293659
0.0591567
0.070173
0.0222179
0.0801549
0.165454
0.257197
0.0512764
0.0484218
0.0837818
0.0350595
0.0264376
0.435094
0.102893
0.043628
0.0395292
0.00920298
0.0449061
0.0179319
0.143025
0.0429929
0.0270123
0.043213
0.00883979
0.126256
0.0757566
0.241063
0.0449427
0.152533
0.103575
0.0655355
0.0373161
0.0423075
0.0696138
0.0464368
0.0614636
0.010168
0.0471514
0.0500488
0.180518
0.130366
0.0666059
0.0252511
0.00968122
0.0312575
0.0152298
0.0191672
0.0954842
0.0908562
0.0211806
0.0187819
0.0153558
0.410865
0.0205269
0.579578
0.266507
0.03359
0.0163327
0.0204913
0.0301787
0.0533929
0.021806
0.063657
0.0198617
0.133918
0.0437196
0.0282342
0.00922553
0.0730808
0.202389
0.0503627
0.163669
0.0358345
0.182006
0.357585
0.41312
0.172216
0.130593
0.0165433
0.0107448
0.0722993
0.0639854
0.673968
0.059803
0.100468
0.0126124
0.0819988
0.155549
0.0378129
0.00819286
0.0618857
0.0307626
0.0121775
0.0555411
0.017686
0.613748
0.0848356
0.0273279
0.0253471
0.104345
0.0394671
0.0563109
0.064562
0.230717
0.186347
0.137494
0.0328306
0.0260613
0.0327318
0.0402056
0.0657215
0.0221666
0.0293755
0.0162297
0.0356422
0.0293731
0.0277634
0.0123692
0.369883
0.0162728
0.011611
0.0196299
0.103154
0.0114181
0.108373
0.00670093
0.0584096
0.0594118
0.044767
0.504267
0.291839
0.534601
0.0131494
0.0316523
0.0248191
0.0393723
0.016379
0.0872609
0.0783184
0.0895247
0.146621
0.152347
0.0100053
0.0434431
0.0441928
0.0125892
0.0476224
0.0994315
0.0325728
0.00945493
0.02943
0.0598493
0.0292604
0.0202802
0.054661
0.115775
0.234288
0.107611
0.0107039
0.0372339
0.146058
0.0879769
0.0441243
0.0322426
0.218782
0.0830916
0.635814
0.509583
0.0249054
0.285969
0.0306402
0.449575
0.276802
0.0469348
0.121025
0.0687435
0.112684
0.0412897
0.0157783
0.0351675
0.0302441
0.438465
0.0600877
0.0560699
0.0457173
0.0408803
0.0701196
0.0315211
0.406
0.500464
0.0174062
0.0128474
0.00832937
0.174144
0.320612
0.0991326
0.0386626
0.0194879
0.0270529
0.0321284
0.0366547
0.0240238
0.0746406
0.0347938
0.228624
0.20569
0.105289
0.00604566
0.0199841
0.0345188
0.0597938
0.0886733
0.556214
0.0172042
0.0360846
0.149796
0.0566259
0.0677851
0.128409
0.0409813
0.0930788
0.0381502
0.0153702
0.0231456
0.115594
0.0196854
0.0209487
0.0142194
0.368852
0.0385152
0.091932
0.00811401
0.0263289
0.0160909
0.253572
0.071518
0.0643247
0.126723
0.158518
0.0835749
0.0369644
0.021837
0.0396477
0.110063
0.213243
0.0261764
0.0542935
0.0271455
0.100669
0.181067
0.0157128
0.0401962
0.0692755
0.0207069
0.12777
0.0201537
0.168989
0.0253055
0.0324832
0.01431
0.0661664
0.0918626
0.0354238
0.0594497
0.299496
0.0188086
0.0625844
0.0289835
0.158391
0.0116881
0.0224603
0.00987537
0.0219672
0.043221
0.0481791
0.0361902
0.0253552
0.0338524
0.0328834
0.472905
0.116251
0.173489
0.0215343
0.057299
0.461237
0.0176001
0.0134183
0.142858
0.101693
0.00658659
0.0730643
0.0666576
0.0311522
0.0253581
0.0277741
0.0127636
0.0579681
0.0440656
0.148892
0.0592907
0.0664746
0.015809
0.0485489
0.0107311
0.0220934
0.0421482
0.143169
0.173488
0.0637619
0.0413695
0.0789517
0.0370343
0.0234508
0.0335088
0.071024
0.0278236
0.0210761
0.0040768
0.00498583
0.0343202
0.0214004
0.0771919
0.014945
0.025675
0.0945553
0.0626322
0.0421839
0.0230544
0.0358172
0.137584
0.0612375
0.13261
0.0220965
0.0366863
0.057197
0.0267581
0.0696109
0.0980225
0.0813
0.0665919
0.0360562
0.0346901
0.0227674
0.00485775
0.01573
0.28005
0.0228866
0.00582335
0.0991053
0.0157234
0.233468
0.133885
0.376976
0.122332
0.0637188
0.480954
0.0141993
0.043435
0.0323189
0.741084
0.0282924
0.0308106
0.0442795
0.127656
0.113644
0.0404221
0.0666573
0.287268
0.121122
0.0270032
0.0267117
0.146335
0.0550539
0.0157242
0.0753853
0.0463641
0.572162
0.0677846
0.0128859
0.223717
0.0355889
0.0694438
0.0219577
0.0323637
0.210966
0.0338967
0.152621
0.110021
0.0167169
0.0558236
0.142593
0.0264422
0.137641
0.0102325
0.067156
0.0296222
0.0358353
0.0637072
0.0398032
0.0263814
0.0103406
0.00924939
0.0891308
0.0275658
0.0179413
0.0234829
0.00801344
0.0314418
0.0785162
0.0966185
0.0573797
0.0228996
0.153159
0.356185
0.096633
0.0377007
0.020492
0.291325
0.00877278
0.0372158
0.0411051
0.0169193
0.0366178
0.0196172
0.0306775
0.0259543
0.0475205
0.0205684
0.0428349
0.0447064
0.048721
0.178079
0.0836127
0.0253064
0.450303
0.186629
0.0703485
0.0126536
0.0323594
0.0406052
0.344632
0.0283819
0.055142
0.0449375
0.166714
0.0681689
0.0530461
0.0227849
0.0641454
0.087273
0.020295
0.124408
0.102233
0.00795338
0.0204454
0.0251931
0.027608
0.0500379
0.13781
0.0390034
0.0665225
0.0271706
0.0206274
0.0307025
0.0737781
0.253924
0.0839867
0.0590855
0.0217098
0.0183949
0.0122273
0.110481
0.017086
0.0155133
0.066155
0.0311189
0.199307
0.0693122
0.0197388
0.051607
0.199403
0.0321479
0.187855
0.210013
0.03425
0.0249848
0.0598639
0.00868078
0.0632595
0.042167
0.021613
0.0492021
0.0276142
0.0428131
0.115838
0.0434971
0.0676676
0.0198272
0.0657149
0.0609535
0.110232
0.0889621
0.0147391
0.0344378
0.0942651
0.0735903
0.0996099
0.079486
0.00883444
0.0598102
0.0210838
0.0127578
0.106075
0.105001
0.0443306
0.114907
0.0572922
0.069662
0.0906503
0.0488062
0.0174973
0.0739049
0.0233443
0.0318741
0.048953
0.097116
0.0413412
0.103204
0.0987448
0.747387
0.14094
0.0416209
0.0829429
0.0739792
0.0124176
0.828517
0.0853961
0.0407679
0.0158898
0.17094
0.0460389
0.104316
0.0191821
0.0503059
0.0903323
0.0314753
0.0298285
0.0270982
0.135729
0.0389967
0.0554196
0.0317845
0.117913
0.0591204
0.0745033
0.0133773
0.0317134
0.0282606
0.0366832
0.0539868
0.0239114
0.0287245
0.0185096
0.109702
0.0484646
0.0663897
0.0706672
0.106601
0.0711223
0.00739128
0.0546811
0.15738
0.0347732
0.0506599
0.0131286
0.0459033
0.350037
0.0495746
0.0760488
0.174755
0.0895871
0.0483253
0.0431
0.0537012
0.0926986
0.0236804
0.156885
0.0673373
0.186183
0.17201
0.129737
0.188184
0.11417
0.468731
0.0441365
0.012648
0.0585613
0.0389764
0.290323
0.0690355
0.0723141
0.0670368
0.284861
0.0433064
0.0150245
0.228071
0.0664962
0.142831
0.203638
0.378926
0.0143839
0.0463297
0.0310324
0.0133886
0.112769
0.0146881
0.100626
0.0554427
0.0482769
0.039019
0.134589
0.0213579
0.0284096
0.736542
0.0126253
0.0287646
0.237459
0.177266
0.172287
0.644626
0.31969
0.0976954
0.0757948
0.0913894
0.0290172
0.0206512
0.114873
0.0625
0.0136331
0.0682278
0.0183275
0.00636862
0.0315167
0.0186765
0.0245314
0.0214043
0.0667465
0.0188209
0.0593851
0.0296777
0.0671943
0.0270124
0.0069944
0.0508115
0.263384
0.0218661
0.00813544
0.0490195
0.116441
0.0297008
0.0185402
0.197604
0.290173
0.56669
0.0388
0.0220099
0.057772
0.0395451
0.0476568
0.377502
0.144965
0.0331313
0.0297786
0.503471
0.0543052
0.0339293
0.147237
0.173049
0.0452109
0.080916
0.0456779
0.045842
0.14418
0.0391514
0.0489066
0.0216929
0.0264007
0.0610744
0.0232345
0.015896
0.0344229
0.0585556
0.0950188
0.0272846
0.014433
0.0588201
0.0684555
0.0529057
0.017273
0.0241492
0.03926
0.052357
0.0180703
0.0576214
0.165988
0.0702012
0.0295056
0.344886
0.0157324
0.145577
0.183178
0.00980141
0.0297037
0.0695385
0.025357
0.0762994
0.144728
0.0747299
0.0242057
0.214422
0.0716131
0.174562
0.0248496
0.233792
0.106988
0.650601
0.0478885
0.164558
0.0876277
0.0434271
0.266863
0.0169926
0.0961298
0.0174588
0.00928842
0.0794402
0.0201047
0.172224
0.27943
0.0411452
0.0728962
0.0653046
0.0569781
0.0806514
0.00583278
0.126519
0.028565
0.12804
0.103332
0.0223162
0.161841
0.0747934
0.0852229
0.0233994
0.247498
0.667144
0.0704705
0.0941226
0.120099
0.146836
0.093301
0.296199
0.0648252
0.361755
0.0135251
0.00698456
0.0526577
0.027968
0.299531
0.0381145
0.014455
0.0613092
0.0317124
0.0444329
0.00494167
0.0837769
0.035226
0.017991
0.0167935
0.0756542
0.0489329
0.035724
0.0218921
0.0568414
0.0156149
0.159859
0.056015
0.138454
0.0318188
0.0786101
0.270999
0.0155587
0.0336826
0.185048
0.0811773
0.0253089
0.053938
0.0347918
0.00885105
0.0833948
0.0292357
0.0134726
0.0543215
0.0417557
0.037956
0.0645676
0.696179
0.0385011
0.0237676
0.0233272
0.0171486
0.011121
0.14099
0.0496366
0.0542602
0.039255
0.0283414
0.0122805
0.0251022
0.0781102
0.0340476
0.0456553
0.123225
0.0384652
0.0296011
0.0920406
0.0623016
0.238294
0.0857413
0.0496671
0.297751
0.00957634
0.0303967
0.0498167
0.174347
0.16587
0.21072
0.129051
0.14552
0.0508369
0.0209141
0.0557653
0.0479803
0.484277
0.139124
0.0478246
0.214683
0.163264
0.0177367
0.0235864
0.175586
0.130858
0.0293499
0.0135241
0.0223862
0.137129
0.371741
0.0250941
0.137406
0.0802014
0.176938
0.0293049
0.171863
0.0667732
0.0849641
0.215386
0.0830746
0.207304
0.379321
0.0554425
0.152303
0.0417912
0.0326035
0.206458
0.012953
0.103887
0.175708
0.0067072
0.00818566
0.0264839
0.111177
0.00768308
0.0804161
0.241539
0.046098
0.0528981
0.0493203
0.0219837
0.0214782
0.0344583
0.046507
0.151893
0.0224135
0.0361969
0.137505
0.0803903
0.0273336
0.0226671
0.108529
0.0196475
0.0496272
0.0582672
0.201279
0.0507856
0.222351
0.0125653
0.0308707
0.137627
0.138263
0.0529807
0.0836848
0.186801
0.134844
0.025568
0.0385044
0.0457247
0.00771918
0.169486
0.0215415
0.0246885
0.0194854
0.0325011
0.103064
0.0391878
0.0436192
0.0402375
0.0140525
0.0116814
0.0495882
0.176416
0.231366
0.0399967
0.0798103
0.013439
0.00903626
0.0561516
0.0473279
0.0134313
0.0397616
0.101447
0.0214424
0.0133607
0.0190897
0.031829
0.0161011
0.0531859
0.0242427
0.0328719
0.0239524
0.0534073
0.0324191
0.0530823
0.00711537
0.224648
0.274234
0.23356
0.11819
0.135832
0.0866338
0.208535
0.0446848
0.0101677
0.00412129
0.0408059
0.199241
0.0902254
0.151117
0.335343
0.203441
0.0267865
0.0702282
0.175029
0.126331
0.165864
0.118356
0.0228149
0.221146
0.137748
0.107275
0.0550189
0.0245209
0.111358
0.12094
0.0409561
0.0728156
0.0647551
0.0314401
0.0986224
0.0197898
0.208314
0.165715
0.0398075
0.326548
0.0870902
0.0599093
0.0553411
0.11876
0.164216
0.144766
0.0571839
0.025185
0.0611367
0.311073
0.375285
0.0386861
0.294275
0.268585
0.0853433
0.410783
0.0473709
0.248152
0.0916276
0.059675
0.0435948
0.0998038
0.0557696
0.0184098
0.120558
0.195336
0.0851434
0.0767418
0.128931
0.0777452
0.0814697
0.114499
0.466468
0.175477
0.11362
0.0403372
0.0505578
0.0235075
0.0391458
0.0289331
0.0279164
0.0924775
0.284117
0.702065
0.219272
0.361569
0.471064
0.965792
0.885631
0.523985
0.34576
0.827001
0.922118
0.66356
0.525217
0.464643
0.636525
0.231853
0.185443
0.968873
0.522692
0.233388
0.390031
0.452098
0.621789
0.421473
0.455851
0.837366
0.197089
0.0923333
0.122064
0.301636
0.244625
0.0990838
0.98434
0.987592
0.990463
0.11423
0.024229
0.719267
0.379987
0.87804
0.802815
0.985812
0.097892
0.0627448
0.927267
0.703491
0.661454
0.667095
0.536867
0.17097
0.383674
0.359421
0.673973
0.177279
0.908121
0.944899
0.503277
0.48522
0.921117
0.102494
0.125054
0.551113
0.189345
0.231184
0.809658
0.793574
0.686621
0.0543058
0.218139
0.0778409
0.378184
0.962352
0.988919
0.390919
0.903246
0.431671
0.367624
0.818079
0.463558
0.886205
0.612418
0.853823
0.988896
0.07763
0.608811
0.857305
0.613524
0.211447
0.0509936
0.0880773
0.106879
0.0112953
0.0175481
0.983863
0.564376
0.539599
0.337074
0.753589
0.951756
0.421633
0.221355
0.72696
0.937505
0.972362
0.983438
0.975856
0.546789
0.163466
0.830271
0.964792
0.844797
0.990653
0.435947
0.868147
0.740219
0.819803
0.16867
0.492683
0.678439
0.32964
0.822937
0.946629
0.884876
0.859126
0.202989
0.0488094
0.231536
0.771118
0.113865
0.0416193
0.0395293
0.0354754
0.0528454
0.0488571
0.143162
0.115333
0.28288
0.292015
0.275993
0.924698
0.924698
0.479953
0.257719
0.388098
0.464397
0.179949
0.0632741
0.0954312
0.404065
0.807266
0.331727
0.0887333
0.105328
0.494683
0.332346
0.493652
0.587183
0.386038
0.044862
0.668934
0.0751991
0.878074
0.792749
0.230962
0.0400691
0.678157
0.567897
0.438142
0.295986
0.601735
0.613267
0.940445
0.965893
0.682991
0.736202
0.0522495
0.849748
0.458193
0.882786
0.486553
0.337183
0.0700196
0.260052
0.159398
0.878958
0.424605
0.492377
0.286704
0.175265
0.887097
0.898872
0.962819
0.666181
0.407137
0.868035
0.162591
0.249404
0.149708
0.0356969
0.0617224
0.685128
0.144689
0.710831
0.988219
0.128701
0.916349
0.235123
0.0923213
0.576504
0.531722
0.75522
0.670327
0.0707448
0.656507
0.416087
0.90054
0.0219523
0.08108
0.598495
0.201788
0.969555
0.971621
0.839599
0.137778
0.0480322
0.932631
0.961745
0.40798
0.68274
0.640657
0.24783
0.965013
0.710958
0.655643
0.0402827
0.390403
0.977555
0.348928
0.588391
0.570118
0.669581
0.536111
0.69649
0.536464
0.313697
0.751885
0.835473
0.759929
0.53483
0.88183
0.959948
0.925955
0.67065
0.970104
0.554754
0.285778
0.962184
0.516436
0.795733
0.789581
0.499211
0.587762
0.378148
0.130668
0.0914405
0.380344
0.0380466
0.642291
0.592489
0.971613
0.701364
0.278871
0.481453
0.18461
0.895473
0.907502
0.806925
0.146197
0.385991
0.311545
0.466037
0.284923
0.332477
0.0690435
0.96981
0.901572
0.85285
0.823183
0.0486356
0.454202
0.561662
0.748934
0.617609
0.388449
0.916322
0.995593
0.985782
0.162324
0.49062
0.241864
0.740609
0.945584
0.936082
0.548893
0.196088
0.717065
0.711286
0.731488
0.925377
0.947689
0.98634
0.923274
0.826014
0.263536
0.421348
0.93933
0.823066
0.274997
0.95114
0.947083
0.916849
0.119865
0.529023
0.818458
0.0784844
0.923889
0.891941
0.962114
0.960491
0.504107
0.371233
0.826052
0.182106
0.512114
0.242887
0.959014
0.0778895
0.314372
0.225957
0.200107
0.360207
0.212655
0.610246
0.639598
0.426568
0.632337
0.385578
0.262874
0.847127
0.0715543
0.28195
0.144734
0.152158
0.0811086
0.562506
0.455068
0.313286
0.415009
0.889075
0.960558
0.675
0.870592
