0.377472
0.13187
0.255574
0.145737
0.671194
0.632418
0.0971667
0.470032
0.392959
0.65696
0.0254067
0.167279
0.226225
0.691634
0.123009
0.895003
0.72065
0.185444
0.218292
0.100956
0.365537
0.402744
0.192795
0.117668
0.496033
0.0421386
0.299821
0.176455
0.367374
0.603805
0.850492
0.777148
0.167002
0.321254
0.667505
0.124178
0.933909
0.493578
0.117219
0.909778
0.694867
0.440398
0.595608
0.268694
0.688975
0.851938
0.773373
0.416666
0.785392
0.536489
0.689234
0.401273
0.0537532
0.368104
0.568126
0.351673
0.483997
0.34913
0.23776
0.599976
0.328115
0.944587
0.884685
0.735177
0.10418
0.140812
0.0753682
0.55591
0.172771
0.547567
0.607616
0.678617
0.690939
0.652193
0.185347
0.229808
0.0288374
0.0768741
0.932836
0.0548072
0.0375206
0.295925
0.486504
0.304193
0.602611
0.385908
0.353801
0.970215
0.0843249
0.14874
0.381649
0.0920783
0.348414
0.814493
0.335127
0.569923
0.357589
0.204307
0.96495
0.0617566
0.249808
0.102891
0.210137
0.0359531
0.0526494
0.277237
0.770926
0.43327
0.653246
0.465959
0.899149
0.626233
0.19852
0.0802133
0.521071
0.147068
0.815259
0.0386866
0.0495705
0.051955
0.0233117
0.621276
0.0250408
0.838461
0.542415
0.928195
0.94756
0.926053
0.962034
0.695592
0.0989597
0.152866
0.0698698
0.328718
0.302393
0.675092
0.496069
0.342755
0.536818
0.101489
0.110901
0.0426092
0.0407364
0.953676
0.126211
0.777926
0.0694659
0.269751
0.803091
0.222624
0.664326
0.302815
0.950659
0.8405
0.173832
0.353267
0.0925569
0.191151
0.219464
0.200034
0.319565
0.584761
0.0868976
0.0702919
0.466547
0.0549616
0.754459
0.595855
0.941701
0.326156
0.329054
0.303562
0.524191
0.529024
0.0521409
0.17337
0.140239
0.0994488
0.366784
0.39986
0.47958
0.875947
0.932942
0.0161429
0.457188
0.873463
0.905422
0.54153
0.050536
0.100194
0.384235
0.0246945
0.781384
0.414191
0.185493
0.377679
0.10053
0.0645246
0.840156
0.961833
0.0264674
0.109032
0.0207745
0.327792
0.93987
0.0676041
0.0709969
0.0636963
0.162058
0.0509293
0.169226
0.107597
0.903812
0.0442925
0.127102
0.0422867
0.0545753
0.213869
0.669929
0.228232
0.0732378
0.71204
0.0552015
0.739597
0.315573
0.971498
0.742421
0.253154
0.754666
0.668466
0.236383
0.129275
0.620366
0.159233
0.367177
0.642054
0.0582985
0.79186
0.0444535
0.170624
0.111504
0.0559491
0.0295358
0.16906
0.438826
0.715202
0.993271
0.981494
0.52277
0.500402
0.738261
0.435665
0.0493423
0.266077
0.323316
0.0860369
0.0666665
0.12002
0.0804189
0.0983933
0.0962726
0.198702
0.355933
0.912098
0.489681
0.0833821
0.924614
0.113393
0.795347
0.228885
0.195566
0.0691956
0.0571918
0.0385707
0.159745
0.0914301
0.108365
0.622216
0.047763
0.427812
0.937564
0.685415
0.655449
0.786605
0.332135
0.484198
0.489358
0.0526189
0.112057
0.793411
0.444754
0.211393
0.703232
0.31532
0.0624305
0.584764
0.788175
0.101133
0.700557
0.455113
0.182557
0.0852277
0.428126
0.173359
0.597633
0.189202
0.0933137
0.258914
0.752553
0.833398
0.220071
0.0446656
0.379646
0.0321935
0.28814
0.378813
0.192927
0.23601
0.903527
0.360562
0.606141
0.0957277
0.24502
0.455914
0.0885112
0.813071
0.249943
0.0665905
0.0947965
0.951613
0.144226
0.0503056
0.412431
0.596949
0.206317
0.0204558
0.96704
0.88252
0.251584
0.0827258
0.862551
0.685895
0.926962
0.94205
0.332322
0.221566
0.0701626
0.0397573
0.0506178
0.0578913
0.71964
0.431932
0.563687
0.252955
0.249337
0.244248
0.0543874
0.850027
0.224757
0.90176
0.151348
0.205606
0.932985
0.283735
0.949886
0.848959
0.554588
0.729112
0.126269
0.0269191
0.368857
0.518111
0.611709
0.168575
0.63316
0.348867
0.445075
0.913559
0.103403
0.398406
0.023096
0.245566
0.211706
0.616923
0.955275
0.170803
0.87162
0.389708
0.112058
0.375698
0.240546
0.0147458
0.00975903
0.0308549
0.775864
0.86821
0.461965
0.428059
0.276202
0.5717
0.338744
0.0580542
0.675817
0.252081
0.177922
0.907304
0.421378
0.169726
0.894635
0.438259
0.196554
0.0631194
0.862503
0.658576
0.127881
0.282442
0.0716379
0.754344
0.930622
0.572738
0.28507
0.248238
0.397688
0.484932
0.0255946
0.068362
0.633788
0.400078
0.973173
0.577024
0.108377
0.100789
0.0162358
0.0902749
0.204269
0.123364
0.642137
0.392586
0.982994
0.884036
0.0173986
0.0333771
0.290314
0.141507
0.374629
0.32122
0.741698
0.0651013
0.285134
0.323386
0.34102
0.0440902
0.210499
0.791065
0.665962
0.411761
0.428064
0.0163149
0.204714
0.135834
0.14604
0.316143
0.690382
0.357513
0.485057
0.649946
0.358187
0.22825
0.0851041
0.720135
0.456972
0.417208
0.755619
0.677263
0.514973
0.619845
0.391325
0.545066
0.138356
0.0493023
0.039043
0.902855
0.160836
0.0334488
0.188573
0.219072
0.181906
0.186893
0.1131
0.150043
0.134807
0.525629
0.0639334
0.0583906
0.112074
0.418226
0.186199
0.221689
0.0583658
0.630337
0.666978
0.622895
0.148606
0.582167
0.191478
0.373444
0.289761
0.128024
0.11451
0.0873031
0.579981
0.286996
0.313961
0.101642
0.123036
0.0545188
0.656265
0.0462595
0.12866
0.144156
0.776272
0.352322
0.917328
0.894218
0.0835018
0.159369
0.10744
0.812904
0.671693
0.676004
0.321058
0.122316
0.766072
0.619948
0.545126
0.50602
0.444865
0.330474
0.172801
0.300982
0.198682
0.343738
0.179794
0.445457
0.885399
0.775691
0.480173
0.0857489
0.380422
0.652655
0.522391
0.486549
0.031293
0.213505
0.175784
0.41425
0.086206
0.777882
0.865764
0.045911
0.73144
0.431304
0.588245
0.0670228
0.0379971
0.0229285
0.847194
0.0507994
0.483616
0.218251
0.0631994
0.958126
0.0349296
0.761513
0.207202
0.538784
0.951804
0.357196
0.0557324
0.0389581
0.122059
0.858761
0.388818
0.14985
0.319346
0.238351
0.713425
0.0429922
0.635654
0.128233
0.0309469
0.723264
0.0991563
0.0612452
0.375903
0.0116097
0.0824345
0.0980443
0.255996
0.668973
0.101929
0.615259
0.391746
0.147779
0.0262955
0.13076
0.357838
0.256757
0.112506
0.291891
0.227375
0.0651929
0.332594
0.785631
0.907065
0.761503
0.0378336
0.0313802
0.103815
0.0182901
0.0934084
0.0417175
0.965622
0.343467
0.653234
0.242057
0.526689
0.167048
0.132141
0.0179866
0.05751
0.123006
0.807615
0.854269
0.129914
0.772865
0.6722
0.22087
0.475231
0.118108
0.243874
0.943405
0.685325
0.959
0.368613
0.830184
0.439328
0.654298
0.91526
0.835499
0.887391
0.179017
0.118189
0.834411
0.449641
0.261101
0.050173
0.10587
0.567664
0.558851
0.475012
0.0740822
0.380705
0.094135
0.0731282
0.0648319
0.280223
0.480325
0.320216
0.182117
0.233112
0.218218
0.4873
0.100007
0.347454
0.644928
0.039043
0.12138
0.0384426
0.543784
0.288551
0.528739
0.263317
0.351478
0.0606038
0.0478927
0.588102
0.457325
0.822403
0.691809
0.0165784
0.13748
0.531442
0.418843
0.326622
0.220705
0.0321068
0.0416136
0.0691503
0.928427
0.342802
0.703035
0.125275
0.0410275
0.245514
0.382498
0.230274
0.248627
0.857024
0.136259
0.815126
0.143812
0.198253
0.826757
0.885451
0.904079
0.387685
0.25655
0.142865
0.60553
0.11066
0.655129
0.0486635
0.0436841
0.141284
0.866278
0.428213
0.698061
0.327631
0.646021
0.119408
0.0525199
0.038666
0.446491
0.0593065
0.404448
0.332402
0.139145
0.0939838
0.20174
0.247604
0.493822
0.445046
0.645852
0.467948
0.584428
0.1802
0.407881
0.537739
0.0816958
0.623061
0.175529
0.267382
0.825649
0.643364
0.0182729
0.369764
0.452638
0.074932
0.846931
0.114315
0.0552476
0.428152
0.589772
0.926439
0.800178
0.236955
0.785412
0.045374
0.543128
0.154549
0.453939
0.426857
0.422938
0.224694
0.955855
0.196671
0.161593
0.0930304
0.105959
0.108456
0.0816555
0.214989
0.812491
0.12343
0.0398917
0.0452449
0.294501
0.321691
0.0947436
0.650722
0.383427
0.192261
0.861517
0.156333
0.1017
0.312565
0.407123
0.040054
0.0937862
0.214584
0.727045
0.130314
0.306008
0.496711
0.0101784
0.0151126
0.258142
0.64831
0.0439277
0.223521
0.0612076
0.043819
0.132056
0.051967
0.0431469
0.312301
0.290576
0.313932
0.213999
0.239422
0.187309
0.295488
0.339297
0.044416
0.765052
0.0386743
0.319057
0.128407
0.153677
0.0265151
0.569127
0.187144
0.507989
0.62203
0.180465
0.272787
0.0733133
0.0124408
0.912887
0.817009
0.0570893
0.0549631
0.20337
0.0344527
0.539029
0.953552
0.139974
0.648808
0.281884
0.342628
0.0356024
0.965429
0.467023
0.458697
0.148717
0.788024
0.0574642
0.0284315
0.877542
0.0465418
0.852123
0.415334
0.595045
0.0260469
0.0241423
0.295653
0.428407
0.333803
0.0365579
0.749855
0.396543
0.0314738
0.0758327
0.0363031
0.827498
0.935747
0.265045
0.258639
0.0492729
0.177656
0.815965
0.537605
0.154459
0.237586
0.0122403
0.873649
0.148142
0.148955
0.138461
0.0414016
0.0231655
0.0777323
0.907594
0.0637533
0.208111
0.45796
0.873288
0.123155
0.269602
0.0485068
0.100036
0.238144
0.0944612
0.195958
0.117043
0.389849
0.059481
0.273437
0.0176541
0.0267328
0.044937
0.0135484
0.00892318
0.036621
0.0422635
0.392077
0.154182
0.777871
0.160463
0.94547
0.957825
0.90772
0.760305
0.619935
0.0997215
0.104122
0.0673164
0.0705629
0.0383443
0.351747
0.846107
0.354691
0.276535
0.187492
0.506912
0.0814699
0.215014
0.284683
0.957097
0.908443
0.973653
0.964109
0.507625
0.0566678
0.0342096
0.0757191
0.946347
0.176473
0.0817345
0.0502026
0.0439788
0.118053
0.047569
0.0422156
0.0379267
0.374909
0.293469
0.161486
0.398239
0.973297
0.974244
0.972976
0.919147
0.967538
0.408253
0.120547
0.0595985
0.281083
0.0754119
0.0624359
0.112719
0.92534
0.746408
0.0256586
0.565014
0.0331432
0.0355403
0.107861
0.00904186
0.969
0.91014
0.0868896
0.969531
0.947954
0.844129
0.169657
0.688223
0.549116
0.214101
0.162726
0.865545
0.0161829
0.962841
0.0306526
0.052338
0.281447
0.458528
0.0441312
0.864211
0.72576
0.440502
0.137822
0.747993
0.921121
0.866322
0.268808
0.880341
0.286586
0.37442
0.185282
0.904066
0.157852
0.220227
0.876643
0.950351
0.904392
0.710088
0.096667
0.661698
0.0983616
0.379132
0.572669
0.0633551
0.176197
0.700616
0.141007
0.666787
0.0485318
0.102133
0.120481
0.9319
0.176974
0.704698
0.514458
0.37745
0.195142
0.283802
0.767097
0.290459
0.200458
0.893389
0.929812
0.392938
0.244695
0.0739109
0.374242
0.233961
0.134158
0.481264
0.420147
0.228411
0.497016
0.103149
0.473588
0.221114
0.338936
0.550977
0.557835
0.883149
0.946961
0.599161
0.24812
0.0964811
0.959142
0.563655
0.561347
0.0841072
0.620725
0.72179
0.448546
0.320296
0.432979
0.306387
0.945754
0.958837
0.926261
0.829483
0.96076
0.160594
0.282864
0.18462
0.506054
0.615239
0.0712473
0.220314
0.159302
0.407542
0.16552
0.202776
0.647463
0.464601
0.369913
0.34577
0.165476
0.876726
0.152991
0.302227
0.415123
0.392529
0.0407133
0.160337
0.565154
0.0241083
0.723231
0.0369888
0.231012
0.142036
0.86927
0.135096
0.908282
0.435487
0.0543057
0.00966626
0.701001
0.0333818
0.0465083
0.0241393
0.129976
0.110076
0.0672699
0.284364
0.107684
0.0290042
0.111847
0.0677723
0.0426029
0.049005
0.0634238
0.0456084
0.13096
0.0475667
0.00857451
0.142699
0.0657385
0.0799922
0.0561044
0.232268
0.366277
0.14575
0.321771
0.109331
0.0318632
0.341175
0.289368
0.0374231
0.0435518
0.0588797
0.804002
0.111718
0.15222
0.148983
0.0544781
0.0431033
0.073525
0.324976
0.0714929
0.0762225
0.030611
0.0461462
0.103697
0.394417
0.398109
0.157362
0.0747334
0.0793009
0.042935
0.0736349
0.0365914
0.424863
0.231321
0.124472
0.183536
0.305177
0.0404308
0.761725
0.0594336
0.0278276
0.0576167
0.760895
0.0501151
0.401987
0.198929
0.131963
0.0412362
0.0272168
0.134862
0.0526114
0.407153
0.0835354
0.416925
0.435437
0.714981
0.222522
0.808345
0.0298299
0.0764265
0.272702
0.43464
0.0743424
0.702549
0.918746
0.408648
0.428159
0.0868901
0.0804288
0.0980669
0.0657302
0.0225791
0.218532
0.0842427
0.284003
0.0535505
0.103921
0.0571213
0.178686
0.00919926
0.0268663
0.122546
0.049748
0.0359919
0.0523499
0.0459805
0.011131
0.0879736
0.254152
0.064048
0.0221951
0.718956
0.423272
0.406391
0.140692
0.160154
0.156364
0.0585637
0.134718
0.420238
0.0301027
0.0577343
0.0741305
0.0300489
0.0726945
0.0386307
0.0516827
0.0400943
0.10518
0.0291327
0.466283
0.619082
0.0698706
0.0371792
0.500321
0.0501289
0.0200681
0.149427
0.126076
0.177728
0.160701
0.188347
0.0819265
0.338649
0.113759
0.0738221
0.0594637
0.265227
0.220588
0.0873062
0.401318
0.0589867
0.350318
0.0499819
0.0431946
0.0520548
0.13628
0.161241
0.252043
0.161559
0.158899
0.11263
0.0162658
0.0321452
0.0430778
0.12405
0.0710097
0.115738
0.149214
0.123864
0.143562
0.0874517
0.110584
0.121365
0.0841664
0.186201
0.18027
0.227083
0.129365
0.127982
0.0959929
0.0658585
0.0920355
0.130517
0.166516
0.283137
0.0303961
0.0921981
0.846567
0.0644329
0.133984
0.109488
0.13967
0.107998
0.0711984
0.122791
0.140629
0.316592
0.117355
0.272131
0.421738
0.0521354
0.400227
0.152782
0.081354
0.0359219
0.265827
0.0208344
0.0938289
0.119782
0.0425883
0.198821
0.0555977
0.161877
0.19774
0.0572943
0.173783
0.287666
0.0838301
0.186862
0.240437
0.0704318
0.0568188
0.0101993
0.0195762
0.146507
0.165179
0.0357622
0.0228141
0.0319523
0.265892
0.0292274
0.0703946
0.0910174
0.0549047
0.199768
0.239295
0.163688
0.384245
0.0475172
0.148883
0.0958218
0.0486171
0.263743
0.0990756
0.127958
0.0502899
0.126505
0.0284435
0.046734
0.0450877
0.346923
0.0749294
0.0402133
0.0831597
0.291918
0.611695
0.636032
0.153767
0.133629
0.407416
0.28363
0.950976
0.03315
0.0918028
0.134119
0.716176
0.640078
0.166914
0.184854
0.311997
0.0288441
0.380316
0.529986
0.0540952
0.020271
0.0277592
0.607897
0.553041
0.260479
0.268001
0.0818705
0.0513415
0.352563
0.0458216
0.0625833
0.444735
0.412513
0.127844
0.0481666
0.105224
0.153172
0.290241
0.062558
0.113622
0.0404787
0.385378
0.403869
0.434696
0.0546648
0.0731287
0.270804
0.0461923
0.122806
0.11206
0.0317907
0.0360724
0.110939
0.0490426
0.0301598
0.021127
0.066736
0.314555
0.395673
0.0962409
0.962527
0.955249
0.763906
0.0445698
0.788168
0.888604
0.0464806
0.024235
0.614751
0.158166
0.0841691
0.0588104
0.0190015
0.384626
0.110305
0.0553224
0.235117
0.101887
0.154844
0.0458252
0.0857315
0.987514
0.945438
0.228222
0.50283
0.0750226
0.248679
0.194026
0.130612
0.0518327
0.138559
0.417299
0.321541
0.316485
0.369827
0.0524082
0.365264
0.0688418
0.4906
0.0810337
0.718163
0.0668645
0.0483775
0.0865901
0.0434159
0.551652
0.0639157
0.0865582
0.226786
0.0534917
0.0627912
0.0379719
0.216934
0.120348
0.0165812
0.0734012
0.289868
0.306267
0.120484
0.654897
0.176841
0.275623
0.0495326
0.0183515
0.0324842
0.0777882
0.115486
0.0501156
0.0197385
0.053834
0.0905968
0.0772062
0.126274
0.0670347
0.765064
0.030434
0.302577
0.161186
0.214305
0.0814644
0.0185111
0.0483794
0.795646
0.0267469
0.59715
0.606834
0.915394
0.063838
0.0641945
0.0282685
0.023827
0.029788
0.0430275
0.0424917
0.174964
0.0974934
0.39666
0.0888406
0.142075
0.0667321
0.0228118
0.58617
0.2963
0.366807
0.143297
0.167899
0.0547199
0.0406391
0.0243659
0.134867
0.0386308
0.617224
0.5816
0.0204054
0.0919966
0.267117
0.00880831
0.0338983
0.261228
0.0750977
0.0874051
0.222263
0.0933252
0.15015
0.0491016
0.0365038
0.156302
0.0160684
0.0485896
0.0251519
0.0871721
0.0101275
0.0652184
0.119052
0.104286
0.127386
0.10591
0.0667741
0.241481
0.145918
0.0194245
0.118423
0.561074
0.0316948
0.037653
0.0483412
0.177768
0.0772414
0.186097
0.0410376
0.0432382
0.0504196
0.620589
0.919303
0.787318
0.191152
0.0250332
0.62543
0.0173715
0.0850345
0.0428721
0.121452
0.877491
0.0271548
0.0839747
0.0490402
0.121496
0.0466399
0.0832949
0.0681955
0.111868
0.605064
0.299341
0.386967
0.139619
0.115472
0.208869
0.667521
0.0434717
0.0610485
0.684072
0.42544
0.755746
0.460425
0.0880041
0.964626
0.1066
0.229951
0.0104372
0.315879
0.0900386
0.366081
0.657101
0.174534
0.205674
0.0330454
0.126314
0.0988801
0.214027
0.12371
0.10606
0.0602027
0.021998
0.0557122
0.0439186
0.0304788
0.861047
0.0629583
0.0406744
0.0853497
0.055897
0.0195291
0.175053
0.138887
0.667845
0.0488643
0.0775071
0.805527
0.0459823
0.247066
0.851544
0.0799056
0.0580874
0.134119
0.110627
0.0838592
0.110544
0.0171565
0.0171607
0.049749
0.348807
0.257041
0.724455
0.667924
0.567815
0.177076
0.0274173
0.130975
0.0293467
0.0151389
0.0240776
0.134895
0.109606
0.342614
0.356909
0.161707
0.0418311
0.0116344
0.15826
0.0200252
0.126968
0.0448559
0.0452741
0.0305038
0.0276987
0.0895683
0.072232
0.0505846
0.226718
0.0744114
0.019044
0.0460254
0.0387255
0.91395
0.804504
0.197335
0.0916715
0.0908741
0.155232
0.0717246
0.0970675
0.0421444
0.0829957
0.687548
0.11931
0.0322538
0.0192321
0.103517
0.0249201
0.039946
0.111533
0.0970976
0.0521458
0.75558
0.245025
0.0750874
0.0975073
0.0627182
0.0360305
0.189448
0.197905
0.0276168
0.0328312
0.130073
0.0657789
0.101326
0.0809584
0.0960082
0.0959422
0.176246
0.0462503
0.0443845
0.0300047
0.608887
0.202461
0.424357
0.262222
0.25127
0.0365756
0.0228131
0.0413414
0.0395052
0.248988
0.0907036
0.224322
0.155844
0.0399524
0.0725065
0.0159748
0.0362022
0.0427187
0.0483194
0.123449
0.809084
0.0350098
0.246655
0.0192019
0.636186
0.178817
0.00860164
0.312055
0.170727
0.582414
0.0481737
0.42849
0.125952
0.0348038
0.0327083
0.117084
0.0809099
0.0495078
0.0059418
0.064949
0.0547477
0.0742241
0.0611691
0.857462
0.433365
0.787
0.0279721
0.0932219
0.0151481
0.112738
0.0295681
0.0242055
0.0961768
0.0201767
0.122864
0.100605
0.113926
0.0162837
0.225139
0.0464931
0.115934
0.302795
0.139338
0.783477
0.879432
0.223173
0.0483522
0.097533
0.10412
0.174331
0.0260025
0.431428
0.0566785
0.144304
0.0171238
0.0269124
0.0969012
0.0501301
0.143193
0.0416106
0.0610716
0.392661
0.0622587
0.0606285
0.113659
0.146849
0.296969
0.0510629
0.0112933
0.178274
0.3364
0.051981
0.107227
0.232943
0.0450685
0.057059
0.223276
0.079694
0.0600927
0.0375557
0.0764465
0.0874683
0.0130642
0.103786
0.0314152
0.331598
0.100486
0.0574302
0.0992312
0.202995
0.259194
0.030243
0.337534
0.155107
0.0948091
0.0843078
0.165037
0.259577
0.0223543
0.044801
0.0676698
0.0740868
0.0637119
0.0282353
0.130244
0.192135
0.113759
0.0476311
0.0126125
0.0415971
0.0700392
0.0346933
0.886553
0.579758
0.664214
0.0646485
0.555699
0.683943
0.0305596
0.12148
0.0252612
0.0320803
0.0154236
0.0625148
0.261051
0.096639
0.0860377
0.0322333
0.0968781
0.597882
0.3078
0.11394
0.994014
0.929587
0.101929
0.0176326
0.0334736
0.0736064
0.799006
0.0586707
0.319597
0.0489749
0.0754469
0.215911
0.146639
0.0317166
0.288643
0.957786
0.07821
0.623487
0.786152
0.598661
0.085682
0.0455171
0.0421138
0.0995761
0.200895
0.0591054
0.0719489
0.113832
0.420499
0.147505
0.0187549
0.0234805
0.0929238
0.233352
0.0233863
0.0172311
0.0979677
0.188863
0.236245
0.0191608
0.0869647
0.949596
0.0869568
0.0574738
0.251478
0.144573
0.197663
0.0948256
0.934937
0.0814873
0.0340839
0.0343521
0.0787225
0.0291835
0.0314155
0.0923708
0.228735
0.163238
0.202054
0.736787
0.0258373
0.112822
0.247634
0.469041
0.0680455
0.354805
0.020575
0.238834
0.0291544
0.0236868
0.118294
0.0920266
0.0734475
0.197913
0.0270294
0.467017
0.501906
0.100015
0.216739
0.0368053
0.0511231
0.0363118
0.0208324
0.0577644
0.030148
0.0462627
0.0447219
0.0976163
0.0553327
0.0634061
0.17494
0.106292
0.0767248
0.177715
0.0545545
0.0437951
0.0455516
0.0234165
0.137485
0.0303897
0.0561294
0.332525
0.291401
0.129317
0.360272
0.350678
0.05532
0.0507155
0.101937
0.0407987
0.114186
0.787885
0.200476
0.079563
0.230556
0.287245
0.0862875
0.043518
0.147016
0.353672
0.0559229
0.119374
0.0577161
0.431658
0.23649
0.836319
0.159582
0.156487
0.102709
0.0578252
0.263665
0.109948
0.245394
0.0582253
0.657363
0.15537
0.0539072
0.150611
0.0400029
0.177602
0.024919
0.0874775
0.160528
0.265031
0.032742
0.0229947
0.037246
0.631414
0.429417
0.0937875
0.381734
0.283612
0.0198381
0.280679
0.109988
0.340517
0.05064
0.247253
0.134196
0.127324
0.225458
0.0873277
0.0157128
0.0783918
0.117021
0.228883
0.292453
0.546699
0.508559
0.326511
0.0193132
0.0662907
0.0333358
0.0845387
0.442037
0.0310792
0.0859152
0.0511216
0.141666
0.14713
0.218451
0.369678
0.134239
0.166168
0.0448925
0.0925568
0.940635
0.90665
0.262997
0.0430747
0.0384969
0.206994
0.209093
0.0516985
0.420943
0.178509
0.0368087
0.0461672
0.0516128
0.119393
0.065168
0.0971568
0.074012
0.023654
0.143411
0.0624578
0.400672
0.0803892
0.231036
0.10625
0.232697
0.389626
0.257987
0.0858207
0.0595065
0.135118
0.121783
0.982637
0.988251
0.890519
0.0178414
0.757723
0.0589288
0.0269449
0.0222951
0.183445
0.150895
0.0340425
0.108057
0.128973
0.103222
0.0452032
0.0684464
0.0165427
0.513252
0.152101
0.0231561
0.217823
0.17259
0.0311135
0.0591381
0.194173
0.0512233
0.0954067
0.210896
0.766158
0.0447495
0.196036
0.0548247
0.0274638
0.208674
0.113932
0.61396
0.0607349
0.031314
0.0958491
0.155786
0.0240958
0.379626
0.0884043
0.059516
0.116295
0.159257
0.0340082
0.26776
0.121692
0.0096633
0.0444672
0.0499955
0.0327614
0.228001
0.125206
0.040128
0.0276423
0.310387
0.181289
0.161544
0.24486
0.0218246
0.0141626
0.082186
0.0995653
0.0748256
0.0952833
0.227152
0.0451731
0.167692
0.0132318
0.143753
0.904378
0.88108
0.679012
0.236113
0.0418852
0.0351515
0.0853493
0.686905
0.14276
0.134912
0.144448
0.0687765
0.100428
0.0234394
0.108723
0.975918
0.0565901
0.0358818
0.0409185
0.781165
0.648942
0.0354249
0.45036
0.33591
0.364806
0.133926
0.329164
0.0319834
0.316175
0.261626
0.4706
0.284642
0.0276372
0.0893808
0.117112
0.284346
0.0604026
0.139192
0.435141
0.33106
0.0912976
0.328213
0.574513
0.405007
0.119441
0.110575
0.0530771
0.40367
0.31071
0.11819
0.193052
0.115072
0.0595355
0.102274
0.780578
0.257941
0.117198
0.0426753
0.958802
0.226658
0.442093
0.355226
0.0419024
0.60998
0.146118
0.385904
0.126467
0.0600292
0.235473
0.0352185
0.11427
0.445272
0.110885
0.0218535
0.474648
0.266763
0.0923633
0.0509269
0.111831
0.272696
0.0754507
0.0245467
0.0151168
0.05631
0.0821795
0.0279755
0.0345005
0.0824052
0.236524
0.171736
0.179044
0.060551
0.835827
0.0481223
0.0912577
0.0292657
0.483482
0.135929
0.178523
0.121286
0.221562
0.862075
0.808822
0.946359
0.602689
0.409814
0.774133
0.877868
0.637026
0.787473
0.577704
0.703396
0.114701
0.104281
0.545726
0.305586
0.0776019
0.685306
0.490225
0.028791
0.0482754
0.086453
0.645785
0.509841
0.102732
0.255838
0.286953
0.194163
0.151179
0.0197466
0.294608
0.0328686
0.924683
0.738893
0.219193
0.0867841
0.0559046
0.190521
0.230055
0.152004
0.126981
0.391898
0.147506
0.0116463
0.0723727
0.0547227
0.0738653
0.715802
0.48791
0.199136
0.136126
0.237894
0.0421094
0.0307631
0.0691667
0.0306569
0.194875
0.111328
0.59487
0.621605
0.192898
0.249627
0.104528
0.0243627
0.104722
0.10393
0.103939
0.0542116
0.0287633
0.0504286
0.00726537
0.0271563
0.0540056
0.0499819
0.436501
0.467993
0.0292314
0.11233
0.015398
0.0608465
0.0254492
0.305114
0.113575
0.128497
0.302713
0.224919
0.0679544
0.0702276
0.184941
0.0213714
0.234827
0.0197941
0.0336309
0.695349
0.0991156
0.0277228
0.883162
0.0631213
0.746096
0.0880328
0.461701
0.149855
0.538107
0.385456
0.21073
0.392399
0.177808
0.743049
0.447794
0.043444
0.244356
0.781175
0.385809
0.105518
0.417189
0.0158374
0.230116
0.32426
0.145734
0.0262805
0.508772
0.057313
0.235682
0.236299
0.200801
0.22151
0.0460659
0.0168597
0.309887
0.781298
0.562256
0.408712
0.20871
0.519021
0.0237377
0.140052
0.452498
0.134492
0.455169
0.164844
0.0310657
0.0156347
0.0173544
0.110317
0.140224
0.0188414
0.102945
0.0348362
0.0208803
0.0495893
0.0668611
0.119439
0.245081
0.153324
0.0166393
0.0838344
0.0142543
0.0475041
0.125541
0.0363332
0.0314131
0.22643
0.57576
0.0254619
0.838188
0.0840467
0.117389
0.95586
0.0864316
0.767857
0.0320401
0.93253
0.598285
0.306153
0.573624
0.09032
0.0633782
0.0490698
0.0601313
0.13678
0.312925
0.043004
0.0644406
0.0984962
0.816006
0.639507
0.235442
0.032762
0.0848469
0.71193
0.0794661
0.114686
0.0355203
0.104696
0.493517
0.900985
0.0648296
0.598941
0.901339
0.643161
0.239626
0.209617
0.576192
0.100722
0.054561
0.0356863
0.153379
0.055495
0.0536742
0.0953512
0.125595
0.0125015
0.321311
0.441295
0.0161415
0.076703
0.493056
0.118262
0.0351623
0.213269
0.74805
0.326869
0.272148
0.820148
0.0135054
0.029076
0.102481
0.280555
0.849461
0.0258154
0.0720384
0.919099
0.31797
0.0550367
0.0592943
0.0816107
0.0470453
0.198817
0.223612
0.0328405
0.186104
0.135489
0.0400353
0.481666
0.274345
0.228296
0.0349875
0.0272733
0.120863
0.920129
0.124584
0.0994147
0.080839
0.0586375
0.0695353
0.103763
0.0324819
0.0870933
0.171775
0.0789982
0.0506358
0.119307
0.289368
0.343655
0.207867
0.151039
0.0856046
0.440516
0.0772821
0.0326791
0.02259
0.988083
0.964638
0.206932
0.0818299
0.101858
0.215142
0.0138119
0.261551
0.0277003
0.0482999
0.195097
0.0300926
0.0793129
0.0390488
0.0264719
0.0781362
0.188594
0.0377588
0.0187257
0.0482235
0.081483
0.1262
0.0663019
0.931229
0.700483
0.84954
0.1027
0.055456
0.236811
0.945828
0.925965
0.0453343
0.124481
0.0408623
0.548034
0.0191132
0.0625237
0.166483
0.0421544
0.087942
0.00890852
0.0304001
0.0313627
0.155665
0.317357
0.208485
0.0332295
0.0460429
0.49987
0.109306
0.86684
0.87261
0.0499981
0.0525869
0.100519
0.0475306
0.0435745
0.600417
0.289455
0.0243629
0.0250297
0.0211231
0.0367213
0.7045
0.84446
0.549539
0.983441
0.122392
0.0426816
0.0177146
0.10372
0.883291
0.959394
0.944164
0.513288
0.577025
0.0219791
0.042135
0.810661
0.0129366
0.0953633
0.0547273
0.858208
0.0393556
0.0211917
0.0995339
0.0266691
0.140396
0.0329091
0.0832389
0.0109166
0.0367737
0.892779
0.0523979
0.592627
0.0305469
0.900045
0.974676
0.804773
0.832431
0.493463
0.0973065
0.381062
0.140595
0.449071
0.0964937
0.158526
0.337818
0.848275
0.186491
0.21607
0.101503
0.0208802
0.86805
0.0503642
0.456927
0.11146
0.919398
0.809645
0.992585
0.973205
0.982994
0.971824
0.181567
0.399605
0.0686904
0.40249
0.0808163
0.150688
0.637451
0.0836746
0.235142
0.0392993
0.0658387
0.369557
0.213259
0.0949555
0.243159
0.206815
0.0474418
0.0374142
0.0445303
0.06377
0.110478
0.262967
0.0582208
0.0435194
0.0308831
0.0851088
0.0993557
0.363636
0.0538153
0.0909179
0.030318
0.193704
0.294604
0.0394232
0.0490827
0.106157
0.195738
0.0475649
0.142373
0.421712
0.0331353
0.274176
0.860264
0.944028
0.256573
0.0327799
0.0980533
0.25197
0.295995
0.0424446
0.143854
0.806562
0.0565042
0.0825172
0.490023
0.288503
0.0333796
0.0298299
0.0404596
0.198229
0.09901
0.0211389
0.473327
0.432536
0.130698
0.0404613
0.294384
0.240255
0.0935918
0.0317132
0.0225364
0.0345888
0.0405866
0.0603715
0.0587661
0.0910828
0.154693
0.0513475
0.040601
0.115336
0.0813083
0.0913604
0.0315977
0.0784636
0.0523262
0.105686
0.0126751
0.0265298
0.00609036
0.0614629
0.0818016
0.0764325
0.0308871
0.20273
0.0460612
0.538378
0.0735407
0.0391091
0.0189922
0.0916404
0.038381
0.0153296
0.0198802
0.0619851
0.0518949
0.920413
0.128962
0.409268
0.337094
0.223607
0.0440359
0.476398
0.0941234
0.284545
0.0924682
0.58396
0.16698
0.2131
0.495291
0.217573
0.0166579
0.448055
0.433245
0.126888
0.253161
0.0532617
0.0671175
0.16672
0.0684876
0.0261493
0.0121341
0.0371887
0.0350014
0.283181
0.927768
0.882805
0.404813
0.219893
0.212727
0.0701417
0.0817248
0.0986807
0.0192259
0.130821
0.111733
0.0276322
0.696806
0.0216042
0.0273351
0.901862
0.0674118
0.0285672
0.0476866
0.0336577
0.100374
0.0326624
0.0880802
0.0764018
0.0540315
0.101691
0.284005
0.0753781
0.0281056
0.0554756
0.0167944
0.133093
0.0208619
0.308396
0.0167278
0.0752945
0.215084
0.0710657
0.00501859
0.0558954
0.120949
0.136497
0.0868088
0.458594
0.0473149
0.0426914
0.18615
0.196576
0.836783
0.338753
0.124132
0.0329351
0.637923
0.295569
0.154624
0.0602817
0.0201905
0.204899
0.122201
0.0159276
0.076703
0.0542538
0.335054
0.0506854
0.0410423
0.128201
0.0316877
0.16118
0.270089
0.0354196
0.0408919
0.0663358
0.0260248
0.0906572
0.0518067
0.0365206
0.0814082
0.144382
0.395395
0.117808
0.20177
0.188694
0.146971
0.13552
0.0918366
0.0978764
0.127971
0.386554
0.31357
0.0433445
0.0408689
0.160067
0.0198546
0.0449514
0.144282
0.122445
0.164982
0.100386
0.114466
0.0430741
0.0666301
0.0458922
0.00632578
0.0276417
0.213827
0.0746315
0.0481271
0.974173
0.871623
0.973293
0.0411457
0.0964897
0.0611012
0.212837
0.290212
0.092216
0.298815
0.253417
0.639434
0.284639
0.246554
0.0666294
0.583821
0.839668
0.311867
0.0480368
0.0718709
0.124629
0.0676105
0.0777567
0.604859
0.205297
0.039464
0.0572986
0.16714
0.056004
0.0300223
0.269718
0.0740248
0.0921191
0.326105
0.253772
0.444556
0.172476
0.291708
0.0429603
0.192161
0.12036
0.0371593
0.185937
0.207444
0.057886
0.195543
0.320401
0.0296024
0.946096
0.336169
0.099584
0.780934
0.0678411
0.431755
0.930632
0.325169
0.0485579
0.63348
0.0541819
0.39032
0.169334
0.206901
0.0833449
0.0592049
0.0753222
0.121878
0.12118
0.102784
0.149488
0.0176627
0.0227219
0.141175
0.0515535
0.0355588
0.0679319
0.0269541
0.118388
0.411085
0.223223
0.0702163
0.360747
0.319439
0.0396833
0.0297847
0.572873
0.0673249
0.256067
0.161258
0.246144
0.0925255
0.453745
0.0376539
0.0419553
0.0365087
0.200077
0.0377255
0.0411854
0.0284105
0.292499
0.0727814
0.334612
0.526356
0.0821282
0.0638666
0.173516
0.0735799
0.0392245
0.103938
0.046932
0.150933
0.0950809
0.70098
0.248363
0.348355
0.788882
0.568141
0.517892
0.4975
0.117662
0.0805965
0.719743
0.693835
0.625651
0.0216241
0.0970688
0.0983632
0.0483906
0.0206251
0.0551793
0.235779
0.39657
0.0558415
0.843839
0.241517
0.191878
0.33916
0.0440293
0.245436
0.066528
0.295753
0.166099
0.500753
0.126475
0.177853
0.240779
0.511958
0.607887
0.0940224
0.0770376
0.320674
0.158914
0.0671101
0.114828
0.144255
0.118395
0.103604
0.0769346
0.444311
0.0232721
0.151591
0.656198
0.0769994
0.0146366
0.153459
0.329454
0.289178
0.175324
0.173862
0.300006
0.172729
0.17816
0.720422
0.130111
0.130455
0.0412392
0.0381896
0.16008
0.14523
0.139259
0.338279
0.166728
0.155236
0.116926
0.0967691
0.197423
0.269451
0.147989
0.0337519
0.0816562
0.150508
0.180072
0.0610347
0.161321
0.12664
0.0803755
0.0624411
0.145713
0.0509729
0.0127298
0.127067
0.0909964
0.14957
0.104401
0.401081
0.0292123
0.125492
0.88368
0.329505
0.109226
0.328105
0.0421678
0.0261073
0.0472898
0.222391
0.135015
0.0142343
0.580742
0.0567466
0.0387303
0.0185297
0.0551794
0.0943154
0.39019
0.0914422
0.363421
0.582476
0.056796
0.284498
0.141437
0.202754
0.0449824
0.122453
0.255103
0.0501917
0.302312
0.0849228
0.124777
0.658586
0.0466101
0.0774161
0.476401
0.0643638
0.662983
0.384845
0.238118
0.200603
0.0670198
0.0169208
0.353315
0.0517216
0.0400549
0.0973221
0.0634475
0.0404346
0.0709174
0.0458107
0.157512
0.0353282
0.0462086
0.391173
0.234753
0.420177
0.128941
0.144715
0.0847912
0.105376
0.125873
0.241186
0.0829101
0.244493
0.049779
0.0994533
0.0338189
0.0860944
0.018702
0.106735
0.0481026
0.151478
0.243967
0.529054
0.0570157
0.107878
0.10874
0.0753467
0.0291418
0.0289432
0.0820235
0.249622
0.0201312
0.297566
0.659631
0.435071
0.146773
0.0338901
0.0242317
0.297579
0.0627727
0.129366
0.306332
0.132296
0.281856
0.161602
0.0375636
0.118844
0.106932
0.0478095
0.0436827
0.0944354
0.181203
0.168725
0.261403
0.538264
0.116096
0.170496
0.298964
0.257963
0.142072
0.0509984
0.0340331
0.0870139
0.0299244
0.0274739
0.153289
0.052268
0.0495558
0.0200365
0.0175741
0.0383581
0.0401497
0.0935416
0.372785
0.210112
0.0401544
0.0947975
0.307152
0.267967
0.106938
0.0142791
0.102434
0.111351
0.0679811
0.0351456
0.0755447
0.140245
0.306702
0.0935869
0.179075
0.0899583
0.105962
0.0849819
0.139813
0.292389
0.239485
0.299855
0.0321075
0.376145
0.0458273
0.0721768
0.540317
0.171076
0.0877868
0.147532
0.202319
0.162119
0.110289
0.118041
0.0301677
0.0302765
0.0401306
0.188775
0.0922248
0.63301
0.111711
0.0123576
0.0919531
0.0789146
0.0243706
0.0239475
0.0527297
0.150883
0.59829
0.146193
0.0235746
0.320127
0.0680413
0.559289
0.246249
0.688604
0.188132
0.323298
0.2019
0.331123
0.217538
0.0356256
0.0609346
0.0271547
0.0165451
0.27184
0.0915444
0.11898
0.187858
0.507572
0.04352
0.0519208
0.0908896
0.0508132
0.0926664
0.0380196
0.0395931
0.027916
0.173313
0.785803
0.0350801
0.045471
0.108259
0.285623
0.050775
0.0341996
0.0635492
0.0907552
0.316799
0.267131
0.30663
0.328579
0.0408656
0.0777241
0.0907658
0.0424935
0.0440076
0.0228053
0.0211416
0.253644
0.0195059
0.111027
0.114749
0.0254259
0.0453439
0.459272
0.312905
0.0607396
0.663081
0.055201
0.0324714
0.0331843
0.129701
0.10022
0.172152
0.19246
0.324118
0.0713057
0.0168034
0.12494
0.0333308
0.0675153
0.285066
0.0341803
0.345648
0.095373
0.157058
0.0318553
0.0295491
0.018234
0.0517743
0.0391564
0.203813
0.0434625
0.00925449
0.0367096
0.0333591
0.084502
0.0990094
0.0161196
0.10196
0.028814
0.0342043
0.102286
0.5105
0.0325771
0.18324
0.0701065
0.136148
0.0448192
0.0969809
0.385424
0.071054
0.116176
0.127869
0.015766
0.0503878
0.0485681
0.146707
0.364741
0.385262
0.408425
0.0289035
0.107909
0.302113
0.126929
0.141148
0.0587028
0.0829928
0.159891
0.536265
0.174453
0.0398837
0.104379
0.11372
0.124833
0.134142
0.147208
0.0516813
0.26105
0.137241
0.26202
0.115474
0.0544877
0.170855
0.117941
0.1154
0.450225
0.237903
0.355087
0.0542188
0.0787625
0.205184
0.171444
0.104088
0.0417799
0.0319719
0.0653457
0.034956
0.0612831
0.483949
0.0149488
0.0483411
0.0364592
0.0378099
0.0722687
0.0273226
0.108531
0.131697
0.131373
0.0993718
0.0384263
0.0468965
0.0920449
0.0407714
0.0935556
0.172559
0.191655
0.0860773
0.0375478
0.0494264
0.0508986
0.0594559
0.0444898
0.0157755
0.034535
0.126818
0.0516281
0.0138725
0.0304277
0.0369578
0.0181375
0.143464
0.0334353
0.0915211
0.0608158
0.0464913
0.579548
0.0618246
0.0241784
0.0329922
0.183562
0.0685806
0.0596999
0.0299164
0.0644956
0.144099
0.662001
0.0239724
0.0536466
0.0188837
0.109257
0.0985332
0.0673653
0.0632989
0.0693266
0.108324
0.214017
0.121873
0.0204848
0.461095
0.0105123
0.0540803
0.0521085
0.206505
0.0225679
0.0114802
0.0268866
0.23226
0.111886
0.0350614
0.132589
0.0400441
0.0905575
0.105965
0.0723533
0.0561133
0.0346052
0.0472141
0.0580658
0.0147592
0.0456005
0.0186628
0.110544
0.0595215
0.0111961
0.0768791
0.0992937
0.0381665
0.0474577
0.0592724
0.161712
0.13566
0.0503785
0.157526
0.0594982
0.0322923
0.0936791
0.220411
0.0872502
0.0647255
0.0479237
0.0632376
0.194218
0.231143
0.0236738
0.0277042
0.0413772
0.0328479
0.108325
0.0388076
0.0511679
0.0153627
0.120037
0.15767
0.0548247
0.112722
0.0345357
0.0903794
0.0930136
0.0390361
0.254813
0.0718337
0.0108799
0.398371
0.0545285
0.405686
0.0362053
0.104588
0.345564
0.195174
0.0857799
0.0479654
0.215964
0.0801656
0.112566
0.0507428
0.305149
0.191193
0.425951
0.0124678
0.0539726
0.0455874
0.097178
0.114458
0.10034
0.138545
0.0479235
0.0945224
0.397767
0.0327019
0.201644
0.0779321
0.122613
0.164453
0.295545
0.106698
0.044646
0.22057
0.261801
0.0369049
0.0697571
0.0579965
0.0360302
0.166159
0.217056
0.243536
0.0713874
0.0800636
0.107763
0.0441666
0.0415748
0.660176
0.167812
0.0533818
0.0679095
0.0383721
0.0613982
0.0275546
0.126064
0.0430232
0.0309144
0.0476987
0.0106964
0.114726
0.113414
0.189087
0.0894335
0.182595
0.0968644
0.0903936
0.0243922
0.0844928
0.10229
0.0580681
0.0880806
0.0205837
0.0357356
0.0773078
0.165265
0.138402
0.0450808
0.0515821
0.0150511
0.0268112
0.0432689
0.0272775
0.0919309
0.111697
0.0469259
0.0227428
0.029344
0.403533
0.0305776
0.570311
0.25956
0.0449907
0.0250307
0.0293
0.0343151
0.0627469
0.0349496
0.121727
0.0285882
0.120664
0.0760138
0.0742504
0.0192222
0.141545
0.272319
0.0555179
0.189144
0.0395682
0.171134
0.315871
0.357583
0.178133
0.0733062
0.0257931
0.0155291
0.0863136
0.0956197
0.663178
0.0861636
0.154773
0.0140786
0.119293
0.203555
0.0668112
0.0154626
0.0595606
0.0692391
0.0279758
0.0439672
0.0295526
0.438145
0.0757796
0.0542852
0.036726
0.121709
0.0457503
0.0600176
0.0928798
0.197023
0.193554
0.112617
0.0548209
0.0560989
0.036781
0.0388135
0.0673752
0.0366443
0.0492235
0.0245638
0.0545321
0.044016
0.0329393
0.0246228
0.372093
0.0295954
0.0221996
0.0641607
0.114518
0.0178498
0.121187
0.0195233
0.0819264
0.0619269
0.0885946
0.543453
0.385469
0.440264
0.0169831
0.0535749
0.0236998
0.0396708
0.0317693
0.106125
0.114818
0.0991785
0.190396
0.189176
0.0103195
0.036192
0.0491648
0.0224604
0.0573361
0.0816311
0.0483649
0.0190811
0.0488189
0.084574
0.0434449
0.0364216
0.0557997
0.136147
0.208191
0.0997046
0.0120809
0.0680232
0.183688
0.0944083
0.0349238
0.0308819
0.167872
0.132304
0.447337
0.433204
0.042185
0.255117
0.0408053
0.520302
0.225682
0.0459483
0.134911
0.0487001
0.0868318
0.0641634
0.0257172
0.0371239
0.0440775
0.275193
0.0784993
0.115964
0.0499339
0.0987386
0.0792895
0.0358401
0.369914
0.446026
0.0260996
0.0188914
0.0202874
0.246662
0.331434
0.169072
0.0421674
0.0319402
0.0336055
0.0412461
0.049306
0.0322574
0.129127
0.0429184
0.182706
0.298844
0.101326
0.0125585
0.0463244
0.0529842
0.0777553
0.118841
0.379242
0.0190185
0.0630953
0.150179
0.0790044
0.0904623
0.11131
0.0499868
0.078985
0.0687877
0.0302108
0.026919
0.0729855
0.020618
0.0268286
0.0238151
0.300438
0.0290175
0.112014
0.0125871
0.040361
0.0291121
0.301522
0.122737
0.0744814
0.105215
0.193417
0.128871
0.0726865
0.0553732
0.065443
0.151161
0.184206
0.0262255
0.083387
0.0433606
0.102796
0.205686
0.035662
0.0788757
0.0703793
0.0248625
0.146128
0.04891
0.232341
0.0387385
0.0530307
0.0168144
0.115409
0.130038
0.043568
0.0812767
0.392172
0.0261509
0.0457505
0.0325583
0.104284
0.0228105
0.0372846
0.0164257
0.0385112
0.0525357
0.0496313
0.0346111
0.0279258
0.0520704
0.0630937
0.364441
0.115289
0.181536
0.0323812
0.0704622
0.326125
0.0326934
0.0176287
0.131081
0.136799
0.0142586
0.0678198
0.131597
0.0266826
0.0296651
0.0320682
0.0224292
0.0669205
0.0953173
0.19083
0.0900071
0.0940222
0.0311201
0.0742162
0.0138183
0.0344318
0.0535067
0.16853
0.292832
0.0815089
0.075616
0.0815706
0.0620463
0.031527
0.0394589
0.0604045
0.0379029
0.0367648
0.0114171
0.0116071
0.0462856
0.0255356
0.114398
0.0234907
0.0369525
0.0968492
0.118675
0.0498346
0.0423413
0.0722215
0.185306
0.054032
0.147679
0.029591
0.0554421
0.0543431
0.0508922
0.0748431
0.101173
0.104802
0.0653173
0.0499831
0.0333161
0.039091
0.00759294
0.0192175
0.187325
0.0275977
0.0177792
0.0738437
0.0235724
0.171245
0.188945
0.299346
0.157786
0.102026
0.259709
0.0214558
0.0440833
0.0373461
0.6295
0.0642967
0.0520875
0.0528234
0.158668
0.11498
0.0736905
0.0767968
0.22656
0.123584
0.0426914
0.0228728
0.169349
0.0659363
0.0248712
0.108566
0.0564608
0.462824
0.15321
0.0316332
0.307879
0.0644715
0.121277
0.0219794
0.0712361
0.259857
0.0345761
0.127439
0.221264
0.0306596
0.0700149
0.147194
0.0400582
0.184347
0.0231402
0.0899791
0.0469775
0.0466459
0.0737428
0.0362311
0.0367334
0.0192144
0.0170665
0.0976726
0.0211595
0.0257795
0.0331169
0.0132851
0.0749062
0.133227
0.0745837
0.100542
0.0341358
0.140516
0.294053
0.1721
0.0251689
0.0249959
0.259328
0.0164129
0.0570092
0.0702337
0.0306574
0.0640642
0.0400146
0.0458426
0.0307084
0.0430979
0.0544647
0.0728804
0.0564649
0.0567803
0.227127
0.0792991
0.0265795
0.286358
0.268138
0.0655053
0.0260079
0.047914
0.0391138
0.221313
0.0221152
0.0745492
0.0458716
0.191052
0.079104
0.0414146
0.0422884
0.0794631
0.091823
0.0236854
0.148585
0.136917
0.018912
0.0285369
0.0483295
0.0457304
0.0900976
0.144103
0.0470112
0.0722227
0.0388285
0.0276578
0.0500033
0.0715494
0.282498
0.110296
0.0604426
0.0311571
0.0189524
0.0194262
0.105186
0.0189401
0.0225282
0.0841294
0.0448374
0.221902
0.0878384
0.0302719
0.0293499
0.136013
0.0400906
0.200136
0.161073
0.0520006
0.0392535
0.0726706
0.00970905
0.0629709
0.0425426
0.030312
0.0722739
0.0310187
0.060055
0.115356
0.0501393
0.0912103
0.0279574
0.0521642
0.0562814
0.0929144
0.102099
0.0152132
0.056939
0.0867974
0.0752883
0.0849617
0.124829
0.0133149
0.0605922
0.0267102
0.0145241
0.0904395
0.123651
0.0523142
0.1401
0.0554016
0.0848387
0.100915
0.0519719
0.0398318
0.0825711
0.0336603
0.057036
0.0607479
0.115849
0.0415
0.120388
0.134669
0.50193
0.197625
0.0495043
0.158503
0.105476
0.0164029
0.712852
0.116964
0.0666064
0.0253279
0.209199
0.0635625
0.145299
0.030857
0.0719087
0.103223
0.0478787
0.0698127
0.0692102
0.17447
0.0556721
0.0552731
0.045937
0.129293
0.0796482
0.0640553
0.025429
0.0378919
0.0323908
0.0425673
0.0629491
0.0346559
0.0309907
0.0376859
0.187927
0.0875738
0.0943875
0.0861369
0.119108
0.0936385
0.0142657
0.0507364
0.199427
0.0521183
0.0682466
0.0201798
0.067034
0.409568
0.0677877
0.135131
0.213722
0.170719
0.0580233
0.0726412
0.0525999
0.143645
0.029529
0.133774
0.0729145
0.192352
0.116405
0.113109
0.125948
0.0875599
0.405972
0.0525983
0.0177334
0.102902
0.0541613
0.216058
0.0720964
0.0995783
0.14215
0.380192
0.073706
0.013107
0.272478
0.11009
0.170464
0.123216
0.422664
0.0225208
0.0649171
0.0254333
0.0214366
0.13103
0.022737
0.132706
0.0693351
0.0645368
0.0640032
0.151807
0.0295043
0.0320991
0.819353
0.0110564
0.0335431
0.246287
0.150551
0.376404
0.700218
0.319019
0.171186
0.0901339
0.10625
0.0283404
0.0301786
0.147703
0.0859879
0.0291649
0.08247
0.0391002
0.0110221
0.0638457
0.0195447
0.0557807
0.0287262
0.0663119
0.031504
0.0636109
0.0393239
0.087167
0.0303218
0.0117506
0.0787553
0.35068
0.0344073
0.0133264
0.0502268
0.1593
0.0406034
0.0326246
0.171925
0.458469
0.452976
0.0300973
0.0290918
0.0739332
0.0679536
0.0548955
0.309696
0.1386
0.0452517
0.0325626
0.389225
0.123055
0.0285413
0.20673
0.267434
0.0462788
0.0648017
0.0647601
0.0714111
0.12272
0.0643591
0.0520167
0.0214208
0.0397203
0.0676334
0.0338112
0.0214054
0.0590608
0.0550714
0.0847263
0.035949
0.0297035
0.0730147
0.0511262
0.059195
0.0208883
0.0405167
0.032919
0.0454678
0.0257278
0.0669847
0.225561
0.103555
0.0399377
0.230368
0.0196494
0.14164
0.223675
0.0200542
0.0395368
0.0889794
0.0626225
0.121629
0.166373
0.0606716
0.0264468
0.162817
0.0867017
0.231046
0.0366996
0.284511
0.0775113
0.619649
0.0626863
0.17748
0.0977835
0.0552772
0.170959
0.0343786
0.0992392
0.0232803
0.0153966
0.141924
0.0400703
0.179768
0.246698
0.070566
0.115012
0.0498284
0.0745357
0.080313
0.00981626
0.116734
0.0439277
0.103172
0.104748
0.0353335
0.252097
0.0941855
0.0939505
0.0190324
0.258332
0.556104
0.0960093
0.100731
0.161244
0.0893878
0.151031
0.313882
0.0673352
0.424739
0.0191324
0.0113862
0.0672113
0.0435624
0.33566
0.0796214
0.0221444
0.0638269
0.0234321
0.0686026
0.00736641
0.0686229
0.0544885
0.0287182
0.0119002
0.100427
0.0889609
0.0534278
0.0337275
0.0811613
0.0292396
0.13098
0.0413443
0.100085
0.0582036
0.0754742
0.322342
0.0290946
0.0520952
0.22677
0.0607482
0.0354871
0.0676434
0.0451962
0.0173597
0.0876857
0.0359066
0.0453707
0.0740942
0.0664023
0.0504254
0.0571812
0.553853
0.0471237
0.0276798
0.0290982
0.0213862
0.0192704
0.107867
0.0506537
0.0729115
0.0625753
0.041416
0.033728
0.0512232
0.0594336
0.0516388
0.073287
0.131593
0.0535555
0.0361504
0.10644
0.0734695
0.245327
0.131812
0.0530677
0.374879
0.0172015
0.0554948
0.0515926
0.246101
0.257701
0.132992
0.140675
0.133889
0.0587591
0.0215223
0.0989591
0.058248
0.474241
0.147716
0.0928662
0.272703
0.224462
0.0251705
0.0472826
0.322327
0.145892
0.0462497
0.0214902
0.0326392
0.186769
0.40409
0.0294101
0.146208
0.0863947
0.168425
0.0516171
0.136136
0.0972978
0.0899596
0.207856
0.136399
0.164116
0.511243
0.0562842
0.240436
0.0450157
0.0633626
0.207865
0.0191544
0.151677
0.219129
0.00937858
0.00892816
0.040548
0.0911635
0.00908002
0.110129
0.134919
0.0725392
0.0975359
0.069243
0.0254586
0.0380656
0.0359761
0.0706588
0.170254
0.03791
0.0596249
0.224199
0.0762669
0.0343866
0.0292121
0.107529
0.0315403
0.0690959
0.0365172
0.218178
0.0362671
0.213236
0.0359737
0.0517495
0.19687
0.121344
0.0597063
0.122091
0.248974
0.0958178
0.0459466
0.0650086
0.0877012
0.0155735
0.273545
0.0504688
0.0452637
0.0481472
0.0479776
0.0804664
0.0303452
0.061421
0.0809492
0.0218524
0.0151133
0.0607452
0.154675
0.220092
0.0621771
0.0760911
0.0257443
0.00763905
0.0759962
0.069516
0.0139576
0.0396223
0.126218
0.0299015
0.0260577
0.0181982
0.0554693
0.0253293
0.0562447
0.0214728
0.0359386
0.0290411
0.0633085
0.0634992
0.068113
0.0121739
0.135668
0.309786
0.200974
0.144038
0.174048
0.10882
0.215138
0.0393999
0.0193389
0.00778812
0.0411659
0.212272
0.0831189
0.188903
0.214719
0.192868
0.0348228
0.124525
0.131322
0.0972824
0.130811
0.0873069
0.0363901
0.202818
0.130677
0.130162
0.0564849
0.0302088
0.0990554
0.121918
0.0458081
0.0797701
0.0498603
0.0434503
0.0931916
0.0316378
0.148649
0.145588
0.0743704
0.29484
0.0733285
0.103179
0.0946468
0.0819051
0.166459
0.238805
0.0613521
0.0394947
0.0526743
0.265048
0.398886
0.0502272
0.355711
0.301517
0.0885381
0.444385
0.0754311
0.31082
0.0958488
0.0983161
0.0797028
0.132967
0.0833225
0.0194508
0.152164
0.237761
0.0956107
0.0723701
0.129817
0.0490342
0.126301
0.189687
0.49864
0.155898
0.100093
0.0515884
0.0662917
0.0341825
0.0419218
0.026263
0.0633594
0.0969284
0.547441
0.708413
0.214983
0.35304
0.391444
0.9623
0.862963
0.485264
0.381531
0.749221
0.8795
0.719971
0.634585
0.381606
0.580966
0.206155
0.170784
0.940821
0.488913
0.292547
0.40332
0.421637
0.495122
0.35731
0.385228
0.778257
0.156886
0.198027
0.206678
0.344815
0.292925
0.182809
0.969944
0.981863
0.9873
0.112222
0.0411889
0.643851
0.461998
0.839532
0.674696
0.984866
0.116882
0.109333
0.914237
0.716645
0.748794
0.695551
0.567558
0.274708
0.292969
0.331028
0.673478
0.195553
0.867339
0.870069
0.417776
0.553692
0.876553
0.131253
0.141111
0.578873
0.240891
0.30878
0.781647
0.850132
0.552449
0.0758485
0.182004
0.109262
0.325267
0.90597
0.971553
0.415212
0.880616
0.40963
0.271022
0.841541
0.484194
0.753423
0.444739
0.77267
0.983871
0.0985506
0.638265
0.79917
0.49625
0.230258
0.0931331
0.0941871
0.151265
0.026039
0.0205991
0.955701
0.524437
0.481246
0.284973
0.739303
0.9681
0.419722
0.189478
0.540198
0.924412
0.958217
0.970212
0.96446
0.50253
0.116806
0.784858
0.951724
0.825354
0.982792
0.585222
0.850153
0.833427
0.647869
0.223763
0.473364
0.75301
0.45464
0.68631
0.931631
0.84017
0.886207
0.233613
0.0543199
0.246491
0.796936
0.115575
0.055674
0.0893374
0.0498294
0.068739
0.0453529
0.118858
0.0941345
0.26762
0.288207
0.236486
0.865759
0.865759
0.370843
0.246202
0.38238
0.516143
0.167617
0.0952748
0.0950942
0.40958
0.810385
0.364458
0.138807
0.147898
0.537928
0.307862
0.416071
0.623275
0.381718
0.0568892
0.729179
0.148534
0.659081
0.776605
0.170612
0.0362919
0.79283
0.432395
0.325036
0.402881
0.667273
0.609379
0.901406
0.948491
0.633976
0.684207
0.0701542
0.701468
0.321687
0.848025
0.41534
0.386929
0.0901061
0.250469
0.14852
0.790645
0.275255
0.427941
0.368721
0.220538
0.725459
0.86425
0.928263
0.516067
0.473086
0.786719
0.257903
0.365924
0.205784
0.039685
0.0701046
0.541967
0.118366
0.769537
0.987297
0.179676
0.905006
0.35125
0.135366
0.440427
0.404741
0.560586
0.582671
0.0621757
0.413278
0.361298
0.751388
0.053458
0.0872884
0.465802
0.161035
0.961194
0.947046
0.766468
0.152625
0.0578753
0.874761
0.941061
0.302679
0.636072
0.668638
0.399891
0.959015
0.546672
0.699795
0.0856682
0.491368
0.969158
0.48441
0.585724
0.518263
0.468491
0.578749
0.718004
0.603716
0.339473
0.752052
0.844497
0.702379
0.595778
0.809161
0.917343
0.930049
0.745633
0.944439
0.508766
0.341379
0.939793
0.519052
0.697643
0.698761
0.495032
0.532817
0.442447
0.118785
0.115604
0.344551
0.0672808
0.6097
0.545227
0.949197
0.807697
0.4282
0.488179
0.280781
0.796631
0.780519
0.632809
0.107806
0.34445
0.276309
0.471938
0.365201
0.354668
0.093114
0.966276
0.88119
0.873242
0.728659
0.0534281
0.348953
0.476662
0.791502
0.515768
0.336321
0.792635
0.990973
0.975021
0.201342
0.430207
0.410165
0.748028
0.938727
0.898207
0.547997
0.179437
0.624103
0.681655
0.675062
0.919553
0.943248
0.976264
0.884552
0.733353
0.281971
0.493947
0.912613
0.837271
0.333627
0.883392
0.846226
0.900701
0.152354
0.563388
0.6899
0.156435
0.899259
0.745996
0.948565
0.948773
0.513521
0.260997
0.795224
0.182419
0.428483
0.199192
0.933148
0.084763
0.288506
0.260401
0.29206
0.215271
0.206303
0.471258
0.561732
0.36197
0.46224
0.472725
0.20515
0.772073
0.115435
0.206538
0.14432
0.149385
0.0898125
0.487085
0.260707
0.283444
0.44713
0.862408
0.961634
0.801523
0.870092
