0.366891
0.1478
0.270134
0.111609
0.705147
0.382838
0.143359
0.230547
0.289553
0.627762
0.0304242
0.160501
0.239813
0.804009
0.136457
0.916759
0.78104
0.193751
0.402287
0.076401
0.281968
0.481656
0.154014
0.0864666
0.573944
0.037096
0.286145
0.184268
0.286853
0.430256
0.851348
0.847273
0.153004
0.305693
0.701531
0.112297
0.91948
0.613312
0.151648
0.897698
0.847018
0.533442
0.617773
0.254311
0.614686
0.908505
0.817151
0.471795
0.812647
0.624687
0.650992
0.355651
0.0522801
0.496303
0.520133
0.433154
0.524607
0.470519
0.0928871
0.6942
0.373386
0.966653
0.851945
0.835882
0.0956769
0.14939
0.0444466
0.634432
0.251413
0.630094
0.744249
0.808973
0.615417
0.660396
0.143435
0.254878
0.0249327
0.071142
0.93216
0.0358124
0.0444904
0.304578
0.558152
0.277243
0.696048
0.400516
0.467958
0.98227
0.114224
0.108981
0.304703
0.080376
0.415945
0.80314
0.3996
0.679457
0.416588
0.270448
0.963798
0.0951071
0.365767
0.128204
0.210479
0.0377779
0.0527509
0.245345
0.569121
0.365716
0.821104
0.737653
0.909276
0.706784
0.224118
0.0702402
0.596749
0.185532
0.840434
0.0595346
0.0622018
0.07293
0.0394717
0.536725
0.0258534
0.871808
0.359981
0.941771
0.955788
0.943172
0.966691
0.741007
0.0872174
0.132323
0.0786013
0.328249
0.209837
0.568913
0.428728
0.368194
0.518047
0.124153
0.129369
0.0546896
0.0367274
0.958967
0.129743
0.914608
0.0780578
0.368513
0.920101
0.211354
0.673763
0.260006
0.934849
0.85654
0.211598
0.576319
0.0786835
0.150444
0.157372
0.139934
0.284261
0.657808
0.0787951
0.058938
0.44565
0.0331683
0.804139
0.636765
0.922847
0.428699
0.237272
0.273627
0.409099
0.451799
0.0497611
0.122681
0.0842643
0.0684993
0.386976
0.594812
0.44991
0.901349
0.963056
0.0137545
0.303366
0.886573
0.956097
0.613493
0.0562338
0.100028
0.29009
0.0312157
0.800728
0.433092
0.164348
0.306298
0.129344
0.068368
0.856054
0.979295
0.0365129
0.139049
0.0184786
0.367997
0.928995
0.0722517
0.108544
0.119478
0.196459
0.0733972
0.122975
0.098588
0.935568
0.0567512
0.136751
0.0309807
0.0348286
0.241436
0.805603
0.213656
0.0416357
0.62944
0.0636055
0.852783
0.361219
0.977659
0.799562
0.337277
0.856843
0.624841
0.235515
0.124271
0.691822
0.162351
0.350538
0.44239
0.0577402
0.845549
0.0367492
0.101484
0.0822874
0.0650325
0.0262837
0.151371
0.529193
0.691327
0.992581
0.976009
0.559472
0.468281
0.829265
0.458246
0.0631908
0.242944
0.292329
0.142726
0.0533949
0.11434
0.0624714
0.139786
0.0814548
0.194872
0.361644
0.927193
0.485782
0.0666522
0.856439
0.236834
0.829258
0.269544
0.267087
0.0777154
0.0529081
0.0410791
0.2424
0.0907077
0.117933
0.677746
0.0593765
0.403961
0.957081
0.596382
0.771001
0.750654
0.393634
0.616212
0.472339
0.0541703
0.194052
0.913054
0.62294
0.235286
0.750125
0.253467
0.107603
0.563566
0.912891
0.0745745
0.657432
0.288285
0.276497
0.0805593
0.52612
0.17098
0.692205
0.108584
0.0700429
0.237193
0.704586
0.830515
0.159525
0.0362261
0.407374
0.05488
0.441285
0.289662
0.21478
0.246209
0.916127
0.313288
0.531975
0.117393
0.239467
0.416631
0.0831728
0.884303
0.271487
0.0459976
0.0943713
0.963488
0.0794758
0.0511508
0.450866
0.492364
0.258515
0.0358927
0.958272
0.868104
0.181339
0.0534267
0.849431
0.737376
0.916754
0.949047
0.327711
0.19629
0.0826404
0.0280609
0.0358385
0.0583159
0.501963
0.339107
0.260353
0.175428
0.263576
0.192962
0.0348014
0.866807
0.198237
0.914399
0.148268
0.172351
0.952743
0.286543
0.942252
0.857303
0.686265
0.573504
0.101939
0.0306524
0.491433
0.588504
0.570313
0.153079
0.729012
0.335598
0.452379
0.942072
0.120101
0.294215
0.0265798
0.268585
0.187829
0.724717
0.954182
0.239416
0.851135
0.455073
0.0803883
0.530732
0.241467
0.0148579
0.0123002
0.0357442
0.860196
0.897358
0.489237
0.391767
0.376807
0.662268
0.270018
0.0683631
0.735354
0.181949
0.199385
0.93794
0.419655
0.244849
0.938353
0.394032
0.133517
0.0739973
0.869927
0.698432
0.138178
0.305699
0.0577221
0.842818
0.8956
0.631563
0.332361
0.134704
0.592308
0.601034
0.0380663
0.0502198
0.530728
0.435908
0.984906
0.463726
0.114324
0.169562
0.0238925
0.0922939
0.345008
0.108989
0.560066
0.526296
0.980845
0.895139
0.0144432
0.0489528
0.268221
0.138181
0.443459
0.302669
0.718533
0.0637219
0.242334
0.344528
0.247166
0.0649589
0.219495
0.824687
0.698554
0.567298
0.429545
0.0258098
0.194913
0.114615
0.149211
0.272098
0.81512
0.31052
0.486613
0.698893
0.324539
0.162846
0.113242
0.858856
0.331611
0.42254
0.56135
0.812365
0.634484
0.635718
0.407327
0.678706
0.170693
0.0752577
0.0302003
0.913653
0.105735
0.0318346
0.119469
0.166894
0.235781
0.172839
0.0888844
0.217059
0.144727
0.75495
0.0600354
0.0549149
0.107423
0.653624
0.2298
0.261721
0.0737315
0.63529
0.675793
0.75879
0.135242
0.493056
0.23093
0.353087
0.322767
0.121967
0.135402
0.0980793
0.549847
0.346325
0.290635
0.0741583
0.121996
0.0507533
0.720067
0.0418552
0.087546
0.112856
0.817446
0.225947
0.944749
0.946828
0.0766214
0.145352
0.147351
0.849771
0.769127
0.832255
0.221119
0.175154
0.834617
0.793448
0.412723
0.474207
0.520767
0.423207
0.16304
0.413888
0.158673
0.270204
0.214289
0.474063
0.930395
0.850019
0.333665
0.0585531
0.290968
0.829027
0.37698
0.69662
0.0280135
0.249282
0.187815
0.353128
0.0705216
0.878242
0.869473
0.0476703
0.687965
0.340522
0.624618
0.0537614
0.0315068
0.0238114
0.87356
0.0596021
0.372418
0.195949
0.068455
0.931674
0.0333816
0.754067
0.377115
0.532635
0.951992
0.389556
0.0633292
0.0385937
0.0950459
0.897614
0.30753
0.219787
0.283249
0.297945
0.717993
0.0386336
0.734914
0.0551661
0.0256469
0.769385
0.089432
0.0619397
0.254711
0.0256756
0.0635292
0.0651424
0.240761
0.618068
0.105923
0.594663
0.34677
0.102439
0.0233654
0.104867
0.340399
0.387389
0.210403
0.242462
0.188827
0.0492507
0.396006
0.776912
0.89069
0.831916
0.031031
0.0251255
0.13961
0.0181705
0.080356
0.0417353
0.967876
0.367027
0.697444
0.223051
0.525861
0.102745
0.147882
0.0255025
0.0698231
0.184475
0.658792
0.70387
0.181696
0.863965
0.450829
0.190336
0.55806
0.14493
0.238058
0.97181
0.463326
0.962511
0.361608
0.890067
0.341347
0.687106
0.923609
0.900299
0.923618
0.278679
0.136975
0.745363
0.486119
0.409638
0.0589277
0.108393
0.608103
0.52177
0.476629
0.0488959
0.308443
0.067803
0.0681734
0.072515
0.356997
0.441788
0.400582
0.139246
0.173596
0.152753
0.495331
0.0811219
0.362809
0.748206
0.0358493
0.140968
0.0333264
0.374883
0.297011
0.707032
0.17398
0.351369
0.0514828
0.0458241
0.610621
0.610672
0.889376
0.619685
0.0136696
0.169285
0.717985
0.582481
0.342895
0.344484
0.0407561
0.0398535
0.0514374
0.913271
0.565723
0.765193
0.141009
0.0327366
0.26424
0.442248
0.353369
0.209083
0.910413
0.141844
0.944413
0.28869
0.347808
0.869758
0.931146
0.924168
0.595844
0.252259
0.0951017
0.655882
0.15002
0.836493
0.0412239
0.0339156
0.139344
0.874641
0.401157
0.786763
0.244063
0.491797
0.121588
0.0668009
0.0370848
0.46238
0.0530059
0.321166
0.470538
0.0916761
0.0640929
0.194426
0.257626
0.553582
0.555717
0.723633
0.383129
0.742514
0.135063
0.376467
0.685027
0.113403
0.77556
0.15914
0.275734
0.921428
0.574791
0.0167937
0.382373
0.443979
0.0819023
0.726712
0.143816
0.0713983
0.429014
0.481806
0.89029
0.802849
0.194033
0.909348
0.0853847
0.571028
0.102136
0.36401
0.333113
0.402459
0.226353
0.964356
0.161373
0.219754
0.0788851
0.0913185
0.166171
0.0492109
0.162386
0.808087
0.159746
0.0416075
0.0598999
0.226211
0.16901
0.0851387
0.619065
0.381286
0.141734
0.882026
0.153301
0.0721745
0.258435
0.495749
0.040744
0.105259
0.151258
0.830498
0.153734
0.230734
0.530399
0.0126277
0.0153347
0.383079
0.579397
0.0390207
0.177763
0.0704242
0.0399976
0.227866
0.069503
0.0501451
0.304814
0.331377
0.328423
0.136366
0.146055
0.196573
0.219779
0.312006
0.0510071
0.885148
0.0284986
0.321841
0.18058
0.0975485
0.0412652
0.414497
0.176382
0.703731
0.572855
0.203548
0.234707
0.0780153
0.0199946
0.938171
0.685382
0.0699785
0.0428532
0.185712
0.0267053
0.716129
0.965545
0.108601
0.784382
0.277786
0.296216
0.0377683
0.969365
0.507176
0.447856
0.157341
0.766402
0.0453328
0.0299543
0.856879
0.0474719
0.876834
0.410362
0.65226
0.0324237
0.0231643
0.349699
0.475478
0.295762
0.0368264
0.752057
0.419963
0.0159759
0.0788486
0.0421676
0.8578
0.932729
0.26936
0.217291
0.0616542
0.139728
0.88145
0.484781
0.119753
0.321207
0.0184731
0.754858
0.106231
0.091208
0.148634
0.0428733
0.0265311
0.0719943
0.867887
0.0916575
0.1428
0.521533
0.918966
0.134963
0.262887
0.0311328
0.0907508
0.237898
0.0765676
0.162585
0.114255
0.319121
0.0500964
0.200821
0.0189847
0.02431
0.0246625
0.0105926
0.00958238
0.0312772
0.0397072
0.553633
0.131442
0.542784
0.164378
0.936667
0.949305
0.935077
0.805156
0.403527
0.0814046
0.0773788
0.0517392
0.0855338
0.0336392
0.25051
0.885147
0.264024
0.298827
0.139828
0.398132
0.0654771
0.144911
0.23084
0.956325
0.951818
0.966022
0.957119
0.383342
0.0811434
0.0365948
0.0575438
0.920565
0.141381
0.0725081
0.050267
0.0448351
0.0939112
0.0450137
0.0508694
0.0353305
0.293281
0.208482
0.122647
0.342134
0.973165
0.97518
0.961682
0.921604
0.961916
0.307318
0.0936682
0.0506673
0.306637
0.0738571
0.0564314
0.0862933
0.927947
0.771019
0.0344272
0.593102
0.0380566
0.0362339
0.106783
0.00999228
0.960804
0.936562
0.102249
0.973146
0.932229
0.921964
0.21461
0.775094
0.4294
0.200839
0.104884
0.843302
0.0117636
0.957778
0.0302031
0.0755498
0.297895
0.412213
0.0455541
0.94896
0.747197
0.341916
0.0886536
0.721587
0.949301
0.878326
0.246849
0.929128
0.222522
0.422463
0.116714
0.948917
0.278258
0.162916
0.904265
0.944662
0.901044
0.82273
0.10314
0.723746
0.110946
0.314213
0.603734
0.0501656
0.11578
0.386099
0.139005
0.574712
0.056215
0.132444
0.0939725
0.931213
0.144702
0.587626
0.573113
0.437668
0.184508
0.282127
0.844335
0.256433
0.17411
0.886927
0.866704
0.379614
0.263103
0.0784185
0.378426
0.17146
0.0956343
0.266727
0.368651
0.242873
0.322048
0.0947839
0.652354
0.249967
0.27184
0.551975
0.372242
0.870612
0.953374
0.561336
0.329987
0.0810178
0.955072
0.516836
0.633256
0.110453
0.553267
0.730107
0.395955
0.325021
0.410594
0.265514
0.950778
0.959479
0.863388
0.747707
0.969199
0.149539
0.193498
0.182346
0.543471
0.503369
0.0514193
0.169105
0.128762
0.601511
0.167523
0.285882
0.638939
0.547043
0.340465
0.395509
0.0977148
0.893484
0.118362
0.265816
0.419308
0.278678
0.0337069
0.154423
0.560431
0.0165801
0.675098
0.0282688
0.245091
0.132684
0.743964
0.138586
0.802167
0.536484
0.064345
0.011914
0.784949
0.0250756
0.0661265
0.020226
0.119579
0.0912281
0.0753287
0.323163
0.101321
0.0340098
0.0797686
0.0578993
0.0338794
0.0377744
0.0692319
0.0317857
0.109729
0.0375425
0.0106737
0.10505
0.0905038
0.107724
0.0554055
0.239394
0.307676
0.11597
0.325756
0.134874
0.0243581
0.357885
0.410423
0.0388428
0.0800736
0.0586064
0.691632
0.132387
0.198667
0.16558
0.045571
0.043094
0.131128
0.329458
0.0812401
0.0884512
0.03457
0.0700247
0.0831281
0.510226
0.451988
0.188147
0.0551726
0.0476671
0.0497603
0.0930595
0.0327507
0.475478
0.169192
0.0602933
0.108931
0.231326
0.0502306
0.842906
0.0652661
0.0327857
0.0462407
0.613934
0.0818795
0.377723
0.187668
0.115145
0.0385296
0.0323405
0.118843
0.0783254
0.444354
0.0784123
0.405151
0.364852
0.64448
0.222281
0.82538
0.0213259
0.110289
0.345498
0.463331
0.0962135
0.680451
0.947451
0.501474
0.599734
0.10117
0.0775217
0.118198
0.0709885
0.0214775
0.414362
0.110509
0.292257
0.0490938
0.0574168
0.0436392
0.170229
0.0105801
0.0326914
0.111565
0.0577154
0.0448893
0.0556292
0.0403214
0.0180963
0.104651
0.273656
0.0544742
0.0169976
0.646288
0.314888
0.252169
0.164466
0.156373
0.20183
0.0551066
0.157104
0.381852
0.0219824
0.063158
0.0968828
0.04756
0.0753879
0.0362488
0.0418641
0.0364003
0.112577
0.0356743
0.3915
0.640763
0.0687293
0.0442863
0.562801
0.0436023
0.0224372
0.144811
0.128504
0.219959
0.132063
0.196898
0.0810744
0.30733
0.121479
0.0746234
0.0838727
0.242384
0.288508
0.118652
0.342479
0.0741061
0.297224
0.029111
0.0272877
0.0528052
0.0999528
0.136925
0.191799
0.150547
0.128713
0.129224
0.019629
0.042186
0.0482258
0.0841678
0.0431669
0.115048
0.120844
0.0820007
0.131451
0.0773253
0.147501
0.118705
0.0756512
0.180576
0.149439
0.218762
0.1363
0.143814
0.121467
0.0552007
0.0841442
0.195749
0.197683
0.228623
0.028814
0.0915105
0.891525
0.10095
0.0815953
0.0736131
0.0987207
0.0979983
0.0765002
0.110364
0.11673
0.374112
0.117787
0.309537
0.447194
0.0808718
0.463053
0.225458
0.103161
0.0377122
0.425823
0.0194676
0.0815404
0.0995589
0.035004
0.120608
0.0460372
0.186764
0.230859
0.0334168
0.189226
0.237752
0.0622207
0.134608
0.311507
0.0991394
0.0413599
0.0142762
0.0204177
0.129812
0.190218
0.0346213
0.0248764
0.0261645
0.192054
0.0187369
0.0649146
0.0611389
0.0492495
0.144566
0.17403
0.214152
0.391968
0.0565883
0.128496
0.0970315
0.0333389
0.192887
0.0940992
0.161357
0.0507308
0.116667
0.0424388
0.061272
0.0456668
0.283309
0.0623065
0.051315
0.0746821
0.305796
0.755237
0.618059
0.224797
0.15451
0.38429
0.272544
0.947983
0.0304166
0.0962384
0.134455
0.601318
0.684013
0.214063
0.13876
0.452542
0.0250708
0.385185
0.561129
0.0552078
0.0172186
0.0216697
0.573251
0.58811
0.360365
0.321631
0.0943333
0.0675547
0.360857
0.0570247
0.0547768
0.422951
0.446019
0.10169
0.0429198
0.110162
0.251833
0.237111
0.0492187
0.141183
0.0382343
0.617093
0.289152
0.270469
0.0586505
0.0629056
0.195942
0.0310559
0.15488
0.0944038
0.0329343
0.0564974
0.0786751
0.0445769
0.025111
0.0231805
0.0831005
0.229369
0.269359
0.0940756
0.981166
0.968382
0.802274
0.0339511
0.757908
0.896876
0.0455582
0.023358
0.686975
0.113746
0.0729858
0.0577884
0.0226316
0.411245
0.0842886
0.0265006
0.247307
0.0625519
0.0680783
0.0215634
0.143409
0.987804
0.953428
0.150068
0.616125
0.0660844
0.196899
0.140862
0.15394
0.0413867
0.172184
0.404052
0.20715
0.24577
0.391721
0.0595839
0.378891
0.0740815
0.419624
0.0834538
0.595239
0.0524412
0.0432741
0.094211
0.0333131
0.554953
0.0500308
0.0850336
0.324909
0.0748161
0.073951
0.0267011
0.176649
0.124822
0.0193673
0.082963
0.23119
0.364649
0.146846
0.569193
0.207917
0.284096
0.0380638
0.0274494
0.0336085
0.0891443
0.151159
0.0486906
0.0234277
0.0604914
0.0972197
0.0598417
0.142067
0.0737722
0.874925
0.0270597
0.267474
0.198414
0.243757
0.0738495
0.0173903
0.0509403
0.855601
0.0172028
0.584959
0.565307
0.930385
0.0612896
0.0640864
0.0341722
0.0218525
0.0322419
0.0546438
0.0288223
0.167339
0.0558098
0.297205
0.0619941
0.134759
0.0856039
0.0485256
0.488378
0.341338
0.429681
0.129923
0.160465
0.0598701
0.0494616
0.014659
0.149448
0.0385473
0.752983
0.626889
0.0152344
0.0948843
0.317529
0.00906862
0.0351734
0.284186
0.0718572
0.0722612
0.243153
0.0840546
0.147768
0.0342033
0.0430214
0.0803005
0.0157517
0.0434261
0.0354962
0.0702295
0.00773441
0.0543641
0.0870694
0.14441
0.0867312
0.0748644
0.0635876
0.379806
0.152016
0.0152707
0.0630215
0.517253
0.0460826
0.0481712
0.0752608
0.252469
0.0652786
0.207232
0.0273805
0.0389506
0.0434524
0.609508
0.937879
0.6934
0.159421
0.0249448
0.462042
0.0213525
0.141643
0.0374209
0.135114
0.868122
0.0275661
0.0791016
0.0289712
0.0994655
0.0367807
0.0607519
0.0666784
0.113458
0.879378
0.363955
0.288016
0.134069
0.108356
0.26322
0.758144
0.0653914
0.0629134
0.800884
0.463639
0.819441
0.632524
0.0694628
0.951266
0.164832
0.187278
0.00978529
0.226931
0.100514
0.440875
0.687324
0.20894
0.219137
0.0302546
0.127629
0.157546
0.182969
0.137226
0.113886
0.0715198
0.0396827
0.0423906
0.0317673
0.0372432
0.854298
0.0644424
0.0397765
0.102801
0.0670228
0.0175999
0.25124
0.0880236
0.608637
0.0501608
0.094386
0.836396
0.041013
0.210768
0.899533
0.0857454
0.0472554
0.129463
0.13438
0.0628286
0.0957223
0.0240947
0.0197599
0.0828428
0.375853
0.240647
0.825468
0.62642
0.603994
0.13752
0.0415002
0.114907
0.028822
0.0145067
0.0242792
0.105079
0.15454
0.361655
0.440526
0.213816
0.044474
0.0154675
0.145668
0.0220477
0.172669
0.0320902
0.0342185
0.0152035
0.0247342
0.0920688
0.0689111
0.0509535
0.157375
0.141706
0.0249507
0.0478845
0.0467349
0.936191
0.850546
0.147792
0.113382
0.128351
0.148589
0.081148
0.103979
0.0378243
0.109277
0.734048
0.0931769
0.0311402
0.027535
0.0902744
0.0281304
0.0479059
0.145953
0.0568083
0.0457458
0.813655
0.214427
0.0586325
0.0794139
0.058631
0.042883
0.311272
0.178488
0.0186807
0.0265482
0.0990478
0.0443092
0.13733
0.0421975
0.105279
0.0682279
0.299326
0.100873
0.0554551
0.0325702
0.642073
0.258026
0.460128
0.37859
0.291985
0.0379026
0.0213484
0.0369122
0.0470987
0.181008
0.0791581
0.259097
0.195299
0.0359437
0.0919662
0.017471
0.0397526
0.0750486
0.0481347
0.14982
0.795918
0.0241054
0.314505
0.0185879
0.616711
0.125768
0.0145335
0.290813
0.152352
0.572048
0.0465698
0.472494
0.134518
0.0598622
0.0294627
0.149471
0.0954104
0.0492401
0.00758796
0.0576897
0.0386973
0.0889153
0.0619796
0.894815
0.391148
0.876529
0.0271348
0.181372
0.0246643
0.157339
0.0284851
0.0195505
0.0764362
0.0207901
0.0961321
0.133374
0.097781
0.0127145
0.231676
0.0472329
0.162763
0.22319
0.348679
0.721931
0.842457
0.159599
0.0424578
0.0627819
0.0983961
0.115302
0.0639277
0.469276
0.0341959
0.199805
0.0222427
0.035508
0.103256
0.0507315
0.117272
0.0484111
0.0639103
0.439827
0.0657886
0.0667931
0.104145
0.144621
0.277069
0.0613744
0.0160959
0.136185
0.227942
0.0492383
0.116848
0.266611
0.0512463
0.0626474
0.191794
0.0955268
0.0537762
0.0383982
0.0927996
0.050554
0.017543
0.0971355
0.0349479
0.403702
0.121484
0.0452072
0.051267
0.289306
0.177783
0.0378526
0.293554
0.169134
0.0544657
0.0633493
0.13258
0.280526
0.0258806
0.0751076
0.073179
0.0585029
0.0909779
0.0431802
0.131537
0.124992
0.107365
0.0577986
0.0151722
0.0613995
0.0802583
0.0427943
0.807553
0.503548
0.555768
0.0601626
0.578542
0.625611
0.0204541
0.13291
0.0218076
0.0214243
0.0170903
0.0625053
0.246922
0.070516
0.109677
0.0268647
0.0955808
0.526056
0.413046
0.120499
0.994363
0.944699
0.102732
0.0158784
0.0242578
0.0498304
0.824709
0.110141
0.447626
0.0604734
0.0983638
0.235522
0.126757
0.0332095
0.307079
0.958773
0.0700967
0.664542
0.794911
0.817174
0.0525108
0.0409026
0.0456634
0.0840082
0.121298
0.0666163
0.0457543
0.0794198
0.41989
0.229978
0.0243341
0.0187666
0.11732
0.335224
0.0313971
0.0167064
0.0996158
0.156165
0.167928
0.0169049
0.124464
0.963121
0.094057
0.0554928
0.189625
0.1096
0.151044
0.0544733
0.922447
0.0887057
0.0404097
0.049304
0.0564957
0.042138
0.0418842
0.0791714
0.198922
0.151141
0.243155
0.700051
0.0203218
0.15724
0.305888
0.470613
0.0606106
0.25555
0.023106
0.289552
0.0284435
0.034597
0.112074
0.117237
0.0656337
0.163088
0.0242096
0.550116
0.513901
0.0896918
0.178521
0.0426702
0.0790513
0.0217981
0.0370882
0.068236
0.0504836
0.0486979
0.0809454
0.0966185
0.0408103
0.0727961
0.234297
0.145771
0.138951
0.0893399
0.0407385
0.0562425
0.0426489
0.0173035
0.148594
0.0306211
0.0447133
0.34606
0.225128
0.131197
0.443364
0.393724
0.0665454
0.0652838
0.0870588
0.0492355
0.118092
0.822576
0.309313
0.0692896
0.172007
0.261747
0.0924441
0.0330989
0.120759
0.469462
0.0478518
0.100616
0.0665068
0.540617
0.258448
0.925098
0.198936
0.138835
0.0749209
0.0839465
0.25734
0.109489
0.21371
0.0553433
0.75218
0.106858
0.055952
0.164885
0.0326267
0.181141
0.0305989
0.0548864
0.107564
0.195101
0.0350805
0.0318607
0.0294443
0.642563
0.337967
0.109049
0.301446
0.145374
0.032776
0.357369
0.0991261
0.274721
0.0485885
0.238393
0.199425
0.168927
0.260818
0.130875
0.0235782
0.0616918
0.12678
0.307569
0.425595
0.566462
0.463976
0.31015
0.0264762
0.054548
0.0269013
0.114309
0.377336
0.0349286
0.0568061
0.0401621
0.119137
0.116943
0.171484
0.366491
0.0798323
0.158613
0.0423141
0.080172
0.960344
0.867095
0.236685
0.0425699
0.0260716
0.192777
0.209419
0.0500317
0.495902
0.108701
0.0335886
0.0541165
0.0592543
0.107991
0.0677588
0.114738
0.0875909
0.0226837
0.153778
0.0442034
0.394906
0.0906317
0.289649
0.0778401
0.29823
0.376921
0.212994
0.119364
0.0617037
0.0896898
0.0754644
0.980865
0.990304
0.936062
0.0245499
0.806494
0.0622878
0.0228658
0.023491
0.164262
0.147352
0.031063
0.0879396
0.119823
0.0762172
0.0371403
0.0585645
0.0222632
0.603127
0.187969
0.0284092
0.157001
0.167516
0.0438707
0.0661325
0.191107
0.0428673
0.0927504
0.134199
0.555995
0.0518182
0.2959
0.0366052
0.0280448
0.106088
0.108581
0.542196
0.062567
0.0552123
0.110897
0.153341
0.0259211
0.421477
0.0971387
0.0720555
0.115362
0.110874
0.0341672
0.270874
0.14511
0.0155852
0.051816
0.0640269
0.030559
0.239946
0.106077
0.0322828
0.0379844
0.278183
0.170521
0.16131
0.27387
0.0293983
0.0121458
0.0787314
0.0820142
0.0766902
0.0728689
0.237642
0.0321159
0.165137
0.0149422
0.130568
0.849981
0.904089
0.678707
0.223819
0.0330159
0.033885
0.0800081
0.621704
0.132958
0.138532
0.138042
0.0795412
0.0959923
0.0255741
0.104203
0.979708
0.07083
0.0546247
0.0341213
0.809076
0.767077
0.0435127
0.616046
0.255493
0.268992
0.176568
0.255499
0.0230443
0.420513
0.155294
0.453636
0.313516
0.0256897
0.0908656
0.0818276
0.256875
0.132325
0.131532
0.623689
0.354039
0.0727358
0.420233
0.467016
0.343374
0.102187
0.116543
0.0399741
0.309814
0.253521
0.0877586
0.171827
0.102181
0.0529539
0.0996198
0.838776
0.37439
0.123434
0.0378688
0.962965
0.234634
0.272263
0.345536
0.0530382
0.669725
0.20201
0.339176
0.103641
0.0446745
0.174948
0.0387558
0.0734318
0.419165
0.109989
0.0164425
0.545236
0.338663
0.0871487
0.0730972
0.124883
0.152341
0.0982044
0.0302493
0.0178726
0.080655
0.074647
0.0243345
0.0461463
0.0819235
0.206037
0.202912
0.241675
0.0578952
0.898694
0.0376183
0.0889797
0.0280434
0.566024
0.187638
0.177539
0.103226
0.25804
0.870934
0.858689
0.939575
0.598453
0.360138
0.854731
0.872604
0.644752
0.773467
0.602837
0.779347
0.0657476
0.10284
0.607743
0.376362
0.0702011
0.709433
0.608679
0.033573
0.0773874
0.0559897
0.603281
0.65664
0.0867109
0.268575
0.269651
0.154329
0.156045
0.0227084
0.397774
0.0253385
0.932309
0.668719
0.203015
0.0675661
0.0703063
0.136869
0.197485
0.183376
0.173088
0.359011
0.122848
0.0183234
0.0747565
0.0365942
0.0340533
0.691429
0.472631
0.216414
0.132405
0.185681
0.0305619
0.0233798
0.0587906
0.0284699
0.173943
0.125659
0.620297
0.742074
0.24698
0.394211
0.0866496
0.0241153
0.0981728
0.128401
0.106599
0.0721425
0.0370978
0.0726062
0.0053539
0.0188968
0.0459462
0.0417452
0.401504
0.543879
0.0300585
0.125132
0.0146789
0.0516055
0.0334535
0.284545
0.154254
0.117112
0.254501
0.403302
0.049838
0.0734583
0.256595
0.0234183
0.155825
0.0206948
0.0322567
0.644036
0.0784584
0.020929
0.918383
0.077644
0.69355
0.0811937
0.672107
0.130519
0.565499
0.425562
0.205891
0.278137
0.185792
0.862326
0.384368
0.062291
0.371495
0.934028
0.493872
0.0949299
0.375842
0.0186339
0.155447
0.161299
0.140248
0.0210085
0.4427
0.0546101
0.228674
0.251857
0.125265
0.190793
0.0656677
0.0145831
0.292543
0.595108
0.440169
0.264736
0.236762
0.508152
0.0276308
0.11825
0.305414
0.099615
0.399543
0.133378
0.0293929
0.0168364
0.0215175
0.100064
0.148809
0.0278732
0.121366
0.0451347
0.0306226
0.0569685
0.0844793
0.122861
0.154694
0.086436
0.0185462
0.0943272
0.0125128
0.0781145
0.14274
0.0416934
0.0277021
0.26489
0.519481
0.0240551
0.797366
0.0911323
0.152844
0.957068
0.101294
0.833629
0.0291242
0.958164
0.609572
0.383318
0.571407
0.0765027
0.0558631
0.0553091
0.0450584
0.141002
0.239255
0.041024
0.0771846
0.113595
0.86256
0.639957
0.189873
0.0205729
0.0680639
0.816036
0.053207
0.104892
0.0417809
0.116113
0.693281
0.923206
0.0593091
0.582159
0.907977
0.673677
0.264408
0.258824
0.596559
0.120968
0.0425399
0.0342589
0.157777
0.0598444
0.0564807
0.0723981
0.122871
0.0126391
0.343265
0.612486
0.0128838
0.0771866
0.35333
0.154972
0.0592301
0.242778
0.718063
0.465446
0.318998
0.877859
0.0174085
0.0319188
0.0949074
0.197543
0.815193
0.0294051
0.049691
0.941726
0.305681
0.0599999
0.0402383
0.107021
0.0458402
0.206479
0.303228
0.0311097
0.210844
0.0924277
0.0325334
0.46555
0.298616
0.125659
0.0447156
0.0310866
0.126907
0.92375
0.136792
0.0579861
0.0785689
0.043243
0.0639388
0.120737
0.0293498
0.0835172
0.175836
0.0675593
0.0489425
0.14702
0.341067
0.333829
0.176011
0.125282
0.0813701
0.463706
0.0860638
0.0258593
0.0166835
0.989398
0.952251
0.288351
0.102931
0.0852436
0.197616
0.0129489
0.430684
0.0180481
0.0485182
0.288178
0.043037
0.0667775
0.0366463
0.0324295
0.0894399
0.184926
0.067266
0.0187794
0.0493483
0.0942859
0.10383
0.0507421
0.908044
0.808156
0.845412
0.117587
0.0487824
0.327956
0.954675
0.932449
0.0565036
0.108448
0.0390461
0.831399
0.0168547
0.0509259
0.154732
0.0372804
0.0933616
0.00967635
0.0223864
0.0252125
0.128235
0.303479
0.157572
0.0234017
0.0407583
0.525815
0.0917048
0.853677
0.904882
0.0684362
0.0447199
0.0818793
0.0440543
0.0610938
0.504814
0.304411
0.0247447
0.0354688
0.0320123
0.0439491
0.810172
0.882886
0.630343
0.981011
0.123748
0.0585359
0.0158915
0.100664
0.868398
0.966098
0.934619
0.528793
0.71167
0.0308768
0.0421949
0.911748
0.0173699
0.082954
0.0639515
0.901659
0.0336132
0.0201693
0.0557321
0.0199962
0.118863
0.0272844
0.0540214
0.016758
0.0286417
0.87809
0.0594054
0.626088
0.0438882
0.908053
0.968008
0.70326
0.796173
0.43402
0.110791
0.422621
0.162887
0.394043
0.0911125
0.195934
0.454539
0.883553
0.279582
0.178482
0.181811
0.0287881
0.905159
0.0393343
0.444407
0.125932
0.916241
0.82006
0.991908
0.975758
0.980845
0.977177
0.238575
0.367255
0.0701625
0.371336
0.0653044
0.197533
0.483844
0.0842407
0.184901
0.0478361
0.0503008
0.438893
0.181059
0.132468
0.286998
0.229003
0.041706
0.0304026
0.0347893
0.0885511
0.115364
0.19948
0.084509
0.0432774
0.0437324
0.0711932
0.136126
0.237738
0.0689966
0.0801832
0.0348289
0.238641
0.375335
0.0355812
0.0408649
0.0934835
0.1395
0.0359035
0.185439
0.552807
0.0256664
0.20916
0.931925
0.956889
0.211199
0.0339195
0.128431
0.217569
0.355933
0.0524707
0.141213
0.874625
0.0623481
0.0621481
0.495244
0.350057
0.0391464
0.0306656
0.0392725
0.184672
0.0815174
0.0242809
0.572967
0.527136
0.114599
0.0365673
0.291146
0.216029
0.106353
0.019687
0.0195089
0.043394
0.0255195
0.0450719
0.0507424
0.0795126
0.175919
0.0583392
0.0461922
0.094086
0.0622604
0.0702584
0.0251782
0.124819
0.036217
0.134469
0.0179609
0.0613458
0.00818024
0.0496787
0.0700523
0.0927265
0.0309227
0.183751
0.0518166
0.642248
0.0659482
0.0794708
0.0265473
0.156174
0.0396138
0.0141037
0.0137641
0.0542928
0.0402642
0.920165
0.0956138
0.541206
0.38308
0.268148
0.0468609
0.351162
0.110473
0.361196
0.0830785
0.42629
0.143662
0.282462
0.696285
0.137174
0.0157948
0.283791
0.240004
0.117742
0.176946
0.048314
0.0975954
0.202795
0.0489904
0.0297879
0.0126014
0.0352831
0.0260368
0.308912
0.899947
0.872124
0.340451
0.223089
0.15743
0.0606939
0.0878638
0.151095
0.0249228
0.125342
0.103697
0.029835
0.644376
0.0229515
0.0241847
0.920475
0.0536458
0.0489225
0.0465458
0.0464334
0.0735167
0.0246194
0.0657304
0.0676149
0.0476591
0.0791066
0.30906
0.097495
0.0261392
0.0497072
0.010414
0.175324
0.0276204
0.300822
0.0187583
0.0543987
0.237411
0.0661045
0.0053999
0.0435907
0.124851
0.115697
0.0864136
0.554378
0.0568217
0.0380979
0.182681
0.304409
0.856077
0.265182
0.107661
0.0345027
0.544942
0.25771
0.196474
0.0576091
0.0287483
0.237142
0.111005
0.0137177
0.0638135
0.0558578
0.308029
0.0384632
0.0514411
0.0709595
0.0526019
0.135117
0.245829
0.0372839
0.0356633
0.0894656
0.0462524
0.106742
0.0603661
0.0277245
0.0702742
0.151253
0.329782
0.100352
0.150078
0.135965
0.129517
0.135395
0.0990198
0.134972
0.102086
0.35042
0.25609
0.0382597
0.0466719
0.187503
0.01706
0.0324439
0.120258
0.0801733
0.157821
0.106822
0.0914465
0.0354213
0.0585252
0.0580056
0.00637681
0.0221727
0.168843
0.0936201
0.0419932
0.977535
0.909756
0.975877
0.0332556
0.126159
0.0537775
0.257059
0.304188
0.0673433
0.340715
0.269173
0.668209
0.240209
0.229211
0.0723822
0.632456
0.847187
0.330208
0.0416719
0.0872851
0.110956
0.0412321
0.0766491
0.598489
0.257149
0.0470655
0.0615554
0.205358
0.0626546
0.036589
0.257992
0.0750695
0.0734126
0.248889
0.281795
0.392017
0.139527
0.285205
0.037233
0.220658
0.130142
0.0272366
0.177973
0.245442
0.0557841
0.237262
0.350981
0.0285307
0.9447
0.3303
0.10279
0.659848
0.114685
0.499518
0.930935
0.34829
0.0503241
0.586477
0.0658454
0.525031
0.214548
0.288812
0.0846344
0.0629792
0.0665283
0.0980391
0.0920192
0.0907328
0.108744
0.014722
0.0375029
0.184377
0.0508577
0.0474759
0.0686334
0.0319456
0.14181
0.450508
0.261702
0.0682939
0.379531
0.402005
0.0591427
0.0354696
0.523403
0.0688268
0.246151
0.121009
0.197668
0.0946321
0.569586
0.0596507
0.0431508
0.0367523
0.221772
0.0534522
0.0468292
0.0275682
0.247826
0.062357
0.329914
0.638718
0.100921
0.0398976
0.233825
0.0483058
0.0328028
0.119757
0.0282559
0.190367
0.113686
0.805476
0.231258
0.345959
0.747783
0.549593
0.430108
0.488723
0.0997088
0.117125
0.701596
0.8575
0.605258
0.0414572
0.0776225
0.12068
0.073542
0.0234215
0.0630704
0.262108
0.383989
0.0517819
0.848085
0.25414
0.249587
0.421782
0.0423964
0.301751
0.0809362
0.244794
0.166342
0.71318
0.100533
0.173726
0.23344
0.588328
0.53297
0.080025
0.0889269
0.243252
0.244653
0.0450647
0.125684
0.180782
0.122541
0.0595267
0.0728319
0.406753
0.0243383
0.220308
0.676746
0.0736742
0.0246216
0.152659
0.389227
0.348502
0.200306
0.130904
0.294802
0.210056
0.165224
0.726459
0.151041
0.120894
0.0742979
0.0313801
0.122475
0.116779
0.122718
0.380308
0.194767
0.160347
0.117789
0.121319
0.197792
0.324572
0.135471
0.0367577
0.0757726
0.135063
0.255758
0.0756006
0.101136
0.102106
0.0835981
0.045714
0.143467
0.0425863
0.0176605
0.141904
0.104265
0.25276
0.111366
0.310746
0.0282013
0.14192
0.846884
0.253008
0.0779904
0.415798
0.0353331
0.0264075
0.0369439
0.261993
0.146952
0.0119328
0.580943
0.0422439
0.0352731
0.0220242
0.0328266
0.138262
0.341459
0.0746186
0.470524
0.701053
0.0515243
0.3736
0.114512
0.208382
0.0472974
0.103859
0.199372
0.036866
0.246502
0.0775167
0.169841
0.723336
0.0451652
0.102891
0.368503
0.0579055
0.684519
0.280156
0.222818
0.235193
0.0821907
0.0170101
0.349158
0.0602936
0.0486668
0.0832246
0.0375242
0.0427379
0.0602869
0.0971189
0.137078
0.0307022
0.0387641
0.359711
0.278004
0.328584
0.107895
0.126385
0.0349301
0.152834
0.092356
0.285567
0.0843271
0.216922
0.0526218
0.0635149
0.0346451
0.0955865
0.0260201
0.130062
0.0662076
0.142364
0.235006
0.505194
0.0631704
0.0985886
0.0781203
0.0724111
0.0287056
0.0345539
0.0729279
0.166544
0.0168198
0.287276
0.665104
0.306228
0.172024
0.0296209
0.0274049
0.247092
0.0744459
0.10037
0.346216
0.0950017
0.18259
0.120188
0.0329882
0.150657
0.146774
0.0434609
0.0242697
0.165603
0.159905
0.181406
0.357882
0.503745
0.0734933
0.156743
0.297543
0.29493
0.0689298
0.0401586
0.030263
0.11177
0.0391624
0.0203162
0.146305
0.0543464
0.052384
0.016329
0.0195915
0.0372941
0.0369108
0.100316
0.375812
0.126657
0.0330235
0.0937755
0.262509
0.327026
0.124823
0.0170912
0.129618
0.106747
0.102712
0.037555
0.0860023
0.121606
0.239074
0.0859768
0.1793
0.0927935
0.117722
0.126214
0.122582
0.315133
0.17946
0.387264
0.0306145
0.46662
0.0469286
0.095588
0.486045
0.103592
0.0864926
0.133645
0.20171
0.139167
0.120154
0.108327
0.0388376
0.0441569
0.0376381
0.152779
0.131023
0.424408
0.0985158
0.0149385
0.0774029
0.0756275
0.0364052
0.0156271
0.0432789
0.140407
0.425943
0.170622
0.0256024
0.300107
0.0587722
0.593999
0.276411
0.627331
0.28674
0.363796
0.140441
0.479491
0.160539
0.0268834
0.0647183
0.0318426
0.0194788
0.377441
0.0548684
0.0918391
0.170297
0.510985
0.0480056
0.0490026
0.120992
0.0648547
0.122559
0.0363542
0.038026
0.0370303
0.201938
0.791388
0.0423884
0.0399887
0.100436
0.225255
0.038247
0.0475037
0.067316
0.100667
0.314453
0.214928
0.218677
0.350444
0.0397112
0.0709436
0.0663533
0.0441842
0.0332269
0.0158074
0.018989
0.231057
0.0179081
0.127015
0.056598
0.0270776
0.0537187
0.470756
0.341558
0.0718153
0.601041
0.0586226
0.0293436
0.047535
0.107846
0.103345
0.13259
0.164216
0.434346
0.0616693
0.0258381
0.151185
0.0565091
0.0967902
0.258818
0.0294098
0.268558
0.122857
0.153643
0.0246809
0.0243142
0.0194805
0.0291027
0.0343159
0.109891
0.0463248
0.0123183
0.0321074
0.0219967
0.0615196
0.0901809
0.0114113
0.081018
0.0403289
0.038427
0.0690215
0.417921
0.0486063
0.14245
0.105035
0.115694
0.0420054
0.0996487
0.237959
0.0752552
0.0988913
0.171425
0.0124952
0.0545971
0.0332603
0.169205
0.285646
0.503892
0.477037
0.0284598
0.130506
0.238811
0.0856783
0.134662
0.0727673
0.0724252
0.115926
0.338442
0.191655
0.0353439
0.105361
0.148537
0.140373
0.115889
0.143336
0.0515483
0.280453
0.115405
0.201687
0.18349
0.0631922
0.139227
0.09295
0.0920598
0.69034
0.216501
0.396028
0.0398574
0.0903141
0.202923
0.142134
0.109813
0.0457316
0.0206643
0.061595
0.0446939
0.059292
0.496377
0.0210527
0.0646484
0.0302146
0.0332109
0.0650832
0.0261836
0.137071
0.131554
0.115968
0.0657188
0.0436831
0.051583
0.0793779
0.0568389
0.0850477
0.216537
0.191961
0.0697977
0.0305662
0.0654205
0.0580786
0.0768673
0.0352485
0.018638
0.0620432
0.117842
0.0536078
0.0122977
0.0253573
0.031199
0.0199663
0.191029
0.0315109
0.0692943
0.0555402
0.0432203
0.664431
0.0511515
0.0189901
0.0293586
0.126291
0.119412
0.0417599
0.0275073
0.0516309
0.121469
0.490755
0.0237204
0.0379597
0.027396
0.118561
0.0886804
0.0746904
0.083527
0.0790985
0.107887
0.215371
0.0987536
0.0227208
0.416142
0.012952
0.0490476
0.0755298
0.204538
0.0244457
0.0121199
0.0246826
0.238548
0.0985902
0.0470758
0.166091
0.0323273
0.0789685
0.108136
0.0605603
0.0545116
0.0420921
0.0292
0.0519062
0.0119862
0.0533437
0.0240733
0.109336
0.0565144
0.014235
0.049878
0.104788
0.0387053
0.0604953
0.0666801
0.110053
0.128799
0.0392341
0.142207
0.0628218
0.0342744
0.104518
0.194802
0.0877903
0.0601049
0.0554625
0.0735946
0.156016
0.188032
0.0268723
0.0325495
0.0381399
0.0319753
0.103263
0.0333126
0.0635846
0.0186137
0.109109
0.210456
0.044732
0.21139
0.0346551
0.171112
0.0734631
0.055447
0.260601
0.0771879
0.0125798
0.403332
0.0907344
0.304104
0.0399357
0.0778598
0.249963
0.233361
0.0877501
0.077971
0.250765
0.0697972
0.0725073
0.0450733
0.179413
0.181639
0.418638
0.0142071
0.0548201
0.0385591
0.108446
0.0840109
0.092216
0.145446
0.0512183
0.0971757
0.473631
0.0305665
0.239111
0.0665447
0.118645
0.198922
0.280663
0.103801
0.0482185
0.164591
0.329268
0.036272
0.0566318
0.0791346
0.0314675
0.121869
0.1755
0.320984
0.0738684
0.0662616
0.0879129
0.0617331
0.0355619
0.440449
0.143811
0.0544585
0.0391495
0.0168369
0.0600932
0.0274411
0.157309
0.0498511
0.0354532
0.0583091
0.0129356
0.143916
0.0892984
0.202074
0.0639841
0.147186
0.096694
0.0679859
0.0374084
0.0602669
0.102261
0.0495094
0.0554047
0.0146012
0.0436431
0.0597603
0.207935
0.137235
0.0731609
0.0320328
0.0139761
0.036532
0.0200154
0.0192377
0.0976661
0.100787
0.0250132
0.0281215
0.0234619
0.421508
0.0261175
0.552629
0.242657
0.0334794
0.0257087
0.030533
0.0366132
0.058743
0.0275924
0.0822931
0.020831
0.121879
0.0562974
0.0402219
0.0154145
0.0850464
0.209858
0.063273
0.178345
0.047841
0.183356
0.276393
0.390835
0.184359
0.156942
0.0189627
0.0163987
0.0787651
0.0871554
0.660396
0.0622554
0.119768
0.0144561
0.119845
0.236395
0.0489618
0.014785
0.0736317
0.0482782
0.0207616
0.0822154
0.0297291
0.575984
0.0837003
0.0390554
0.0347416
0.114612
0.0560135
0.063285
0.0751334
0.237346
0.188581
0.144933
0.0470149
0.0347419
0.0518294
0.0635104
0.0847707
0.0329639
0.0395027
0.0284753
0.0528994
0.038551
0.0347469
0.0195474
0.398905
0.0234407
0.0163636
0.0313948
0.116553
0.0177885
0.1219
0.0112175
0.0614525
0.0659183
0.0537036
0.494122
0.283292
0.50846
0.0208144
0.0436252
0.0279241
0.0501134
0.0260797
0.121972
0.0930207
0.0935574
0.150516
0.193758
0.0157211
0.0488602
0.0547094
0.0203134
0.0541552
0.0924529
0.0444827
0.0152003
0.0398797
0.073697
0.0354206
0.0256389
0.0652116
0.129425
0.242261
0.114313
0.0133951
0.0452484
0.174259
0.116618
0.0468612
0.0364612
0.210553
0.0783185
0.552547
0.480785
0.0337696
0.320426
0.0470685
0.485688
0.220458
0.0525888
0.128158
0.0888519
0.13537
0.0694562
0.0269601
0.0350502
0.0387208
0.407046
0.0712232
0.0744782
0.0469079
0.0696441
0.0818216
0.0436836
0.444953
0.415014
0.0214054
0.0176203
0.0119706
0.17649
0.352913
0.128147
0.049942
0.0373565
0.032361
0.0428752
0.0442253
0.0330808
0.099731
0.0439252
0.218247
0.216029
0.104118
0.00920238
0.0263734
0.0509299
0.0810354
0.106492
0.525391
0.0216576
0.0476332
0.139711
0.0535367
0.101625
0.138895
0.0433344
0.087857
0.0541043
0.0235983
0.0289777
0.108601
0.0240121
0.0316351
0.0211773
0.334447
0.0387397
0.0893693
0.0136561
0.0316832
0.0223777
0.299588
0.103648
0.0851498
0.138355
0.165472
0.105221
0.0506254
0.0270144
0.041837
0.153708
0.236484
0.0287
0.0593397
0.0347707
0.108844
0.162354
0.0248518
0.0476559
0.0625772
0.0268947
0.135227
0.0254287
0.162181
0.0339124
0.0486095
0.0173198
0.0663378
0.0877823
0.044059
0.0797655
0.330588
0.0317238
0.0638141
0.0365575
0.175767
0.020206
0.0332539
0.017239
0.0277455
0.0492047
0.0531398
0.0481671
0.0276034
0.053377
0.0393789
0.432059
0.131438
0.188283
0.0297882
0.0788628
0.416445
0.0229496
0.0178729
0.150074
0.110565
0.0115839
0.0857428
0.0870493
0.0424675
0.0318858
0.0380475
0.0220678
0.0760548
0.0714459
0.18889
0.0872907
0.106631
0.0249347
0.0715995
0.0177396
0.030665
0.0550064
0.178051
0.197908
0.07867
0.0494324
0.0876244
0.0550855
0.0260631
0.041051
0.0979177
0.0452384
0.0331423
0.00679823
0.00660741
0.0417754
0.0330349
0.101565
0.022613
0.0385042
0.10809
0.0921152
0.0549332
0.0349971
0.0428278
0.175213
0.0679305
0.147741
0.0271707
0.0461812
0.0799752
0.0344105
0.0709594
0.105375
0.100748
0.0763855
0.0482743
0.0357213
0.031535
0.00760679
0.0213894
0.270094
0.0385444
0.0097891
0.145579
0.025242
0.172492
0.14586
0.340155
0.166802
0.0667525
0.447418
0.0205698
0.0518246
0.0441453
0.723157
0.0323322
0.0445162
0.0548675
0.147297
0.121505
0.0602356
0.082318
0.291718
0.148416
0.0382797
0.0362273
0.147386
0.0499753
0.0259643
0.0758966
0.0654059
0.532234
0.0983852
0.0231152
0.227601
0.0384715
0.107747
0.0304601
0.0540954
0.203611
0.0414968
0.169384
0.155482
0.0256998
0.080535
0.168096
0.042406
0.125959
0.0181117
0.0894187
0.0386812
0.0437332
0.0619845
0.0460752
0.0403779
0.0133788
0.0133631
0.090568
0.0293767
0.0280673
0.0354475
0.0144453
0.0439516
0.100296
0.100939
0.0632854
0.0345465
0.149626
0.360649
0.109847
0.0423895
0.0274413
0.287739
0.0122958
0.0460533
0.0523202
0.02865
0.0491404
0.0263781
0.0486568
0.0259413
0.0547622
0.0321926
0.0514697
0.057246
0.056282
0.181034
0.0748979
0.0371221
0.45408
0.193029
0.0745161
0.0195533
0.0454345
0.045559
0.296716
0.0315658
0.060152
0.0537809
0.202433
0.0778936
0.0620934
0.0290443
0.0591482
0.0932792
0.028653
0.147859
0.107324
0.0127128
0.0246535
0.031711
0.0365895
0.0831475
0.149426
0.042343
0.068408
0.0354894
0.0268801
0.0371054
0.0864044
0.250442
0.0847735
0.0730044
0.0303871
0.0203134
0.0170966
0.130022
0.0290148
0.0191894
0.0849274
0.0438665
0.221056
0.0957345
0.0287457
0.0482532
0.210866
0.0371947
0.20081
0.264887
0.0554134
0.0342273
0.0829231
0.0133106
0.0828501
0.0660581
0.0253325
0.0619989
0.0312695
0.0451829
0.1367
0.0591584
0.0977262
0.030079
0.0718394
0.0575362
0.133238
0.10186
0.0198348
0.0533234
0.133645
0.0905883
0.10781
0.0756773
0.0114201
0.06834
0.0278843
0.0197839
0.0980143
0.12763
0.0515369
0.119905
0.0556322
0.0799909
0.12208
0.053068
0.026203
0.0746043
0.0296037
0.0561893
0.0478726
0.111903
0.0472012
0.112042
0.131914
0.693454
0.186898
0.0546769
0.10283
0.0905583
0.0180872
0.826376
0.10769
0.0552011
0.0230307
0.169806
0.0632602
0.100354
0.0232529
0.0727117
0.107981
0.0421425
0.0456464
0.0371718
0.150268
0.0580006
0.0712752
0.0357517
0.102838
0.0565299
0.072745
0.0202238
0.0385932
0.0377654
0.0398646
0.0700811
0.0339168
0.0370022
0.0262529
0.115693
0.0710903
0.0792051
0.0873217
0.101328
0.0932029
0.0138798
0.069894
0.221688
0.0397259
0.0578023
0.0185177
0.072008
0.336378
0.0626271
0.0781493
0.212664
0.102117
0.0563122
0.0548851
0.0569512
0.129013
0.0288622
0.133902
0.0710801
0.191086
0.175733
0.156706
0.202909
0.108202
0.480435
0.0449828
0.018308
0.0878201
0.0535764
0.316122
0.0689981
0.0737463
0.0780747
0.265467
0.0525365
0.0175532
0.216688
0.0777471
0.147419
0.15187
0.375666
0.0211739
0.0553907
0.0388903
0.02263
0.124912
0.023857
0.113256
0.0732232
0.061507
0.0555165
0.145578
0.0330322
0.0407293
0.701565
0.0197878
0.0387276
0.27308
0.165525
0.230697
0.644223
0.323173
0.10184
0.0985283
0.0971834
0.0380679
0.0296386
0.134532
0.086983
0.0186844
0.0701044
0.0267516
0.0121091
0.0433976
0.0259459
0.035332
0.0273672
0.102368
0.025068
0.0682695
0.038691
0.0746442
0.0299029
0.0120206
0.0594693
0.30144
0.0380225
0.0141565
0.0618462
0.108
0.0350286
0.0260865
0.173
0.302473
0.546017
0.0430084
0.0327589
0.060391
0.0532594
0.0609791
0.387369
0.138748
0.0345647
0.0465505
0.519214
0.0784627
0.0370679
0.155783
0.172024
0.0518074
0.0762455
0.0554754
0.0541296
0.142322
0.0489546
0.0603708
0.0313057
0.031794
0.0562165
0.0325183
0.0214764
0.054185
0.0696666
0.112039
0.0336666
0.0210956
0.0803948
0.0750123
0.0631922
0.0254246
0.0373805
0.0448928
0.0614613
0.0211995
0.0655198
0.205059
0.102126
0.036849
0.371549
0.0182039
0.145174
0.188869
0.015079
0.0417948
0.0774396
0.0308667
0.136528
0.156029
0.0905458
0.0305636
0.222788
0.114405
0.218256
0.0318512
0.22455
0.114652
0.64046
0.0652438
0.185446
0.105655
0.0526339
0.312987
0.0238491
0.0943587
0.0265572
0.013253
0.0821601
0.0323758
0.201487
0.256434
0.0570943
0.0910969
0.0828126
0.0586163
0.0854073
0.00967892
0.15642
0.0442309
0.13291
0.109556
0.0331135
0.198992
0.103263
0.0894092
0.0290905
0.239919
0.673682
0.0769514
0.0923095
0.126308
0.168279
0.113415
0.252438
0.0784305
0.374042
0.0193526
0.0100832
0.056336
0.0311892
0.293543
0.0625799
0.0212546
0.0731156
0.0477282
0.0565923
0.00892545
0.0943442
0.0436007
0.0220624
0.0234967
0.0962727
0.0682067
0.0489627
0.0273985
0.0684567
0.0189541
0.17959
0.0593959
0.120374
0.0484161
0.0864624
0.263643
0.0219472
0.0463219
0.21349
0.0793746
0.0371538
0.0629991
0.0387536
0.0131314
0.074483
0.0289189
0.0260588
0.0618839
0.0566578
0.0558311
0.0671913
0.687368
0.0520231
0.03226
0.0307592
0.0272534
0.0159563
0.146231
0.0635728
0.071878
0.0571761
0.0400028
0.0180476
0.0428379
0.0816457
0.0509473
0.0508966
0.11617
0.0480747
0.0433038
0.106575
0.0834057
0.261279
0.107146
0.0753883
0.345531
0.0121297
0.0396166
0.0585203
0.190922
0.176039
0.207597
0.131356
0.193422
0.0633281
0.0302172
0.0870697
0.0580113
0.500727
0.188999
0.082187
0.173474
0.162047
0.0256568
0.0374667
0.178012
0.163876
0.0392439
0.0209623
0.026577
0.145807
0.372259
0.0336569
0.125798
0.0969952
0.187949
0.029431
0.168244
0.080239
0.0926097
0.259025
0.105929
0.202751
0.371015
0.0672208
0.159476
0.0512773
0.0439491
0.176865
0.0215615
0.136988
0.163899
0.0142828
0.0139285
0.0363586
0.113384
0.0155215
0.110951
0.208518
0.0609259
0.0744895
0.0781412
0.0348265
0.0320624
0.0389079
0.0559145
0.163671
0.0253431
0.0503423
0.191085
0.0845125
0.0352035
0.0336478
0.115072
0.0239565
0.0649682
0.0643589
0.249619
0.0663206
0.254059
0.017706
0.0448788
0.146593
0.146978
0.0684594
0.116968
0.210123
0.177608
0.0382719
0.0580838
0.0522809
0.0150692
0.222056
0.0308298
0.0345714
0.0294944
0.0411428
0.135871
0.0479688
0.0598096
0.0586318
0.0212998
0.0188958
0.066131
0.180542
0.263633
0.0435755
0.10104
0.021053
0.0126267
0.0585248
0.054751
0.0177341
0.0501285
0.110874
0.0355013
0.0226086
0.023568
0.0501539
0.0228985
0.0605361
0.0286616
0.0381491
0.0309555
0.0704257
0.0434402
0.0774192
0.0116552
0.2338
0.276688
0.209751
0.145071
0.146411
0.0939574
0.237105
0.0465541
0.0205298
0.00726068
0.0507927
0.212991
0.0937541
0.13361
0.366749
0.221433
0.0402715
0.0955027
0.215392
0.106737
0.179727
0.123403
0.0352854
0.265259
0.140787
0.126514
0.058789
0.0325249
0.127605
0.121676
0.0496913
0.0855935
0.0648448
0.0436251
0.134451
0.0273282
0.207345
0.159679
0.0523772
0.340939
0.0729284
0.0603559
0.0718186
0.136099
0.188341
0.190396
0.0742986
0.0348656
0.0573803
0.326467
0.383722
0.0386172
0.293872
0.247266
0.119322
0.478591
0.0710014
0.247537
0.10593
0.0801491
0.0498031
0.100684
0.0654569
0.0252383
0.157431
0.199139
0.095286
0.0930298
0.162704
0.0893107
0.111973
0.160474
0.4669
0.177346
0.134687
0.0542485
0.0716958
0.0332345
0.0457387
0.0391957
0.0335625
0.137602
0.32558
0.690235
0.234973
0.373355
0.517368
0.961154
0.87864
0.546801
0.377736
0.824059
0.913089
0.656775
0.553048
0.325654
0.634706
0.236765
0.18633
0.960931
0.490498
0.27694
0.292699
0.389641
0.577007
0.467585
0.497413
0.815294
0.200029
0.122
0.131345
0.319039
0.281486
0.117116
0.979503
0.981439
0.985285
0.134928
0.0295386
0.662898
0.410964
0.848457
0.790282
0.980102
0.103063
0.0652619
0.901664
0.632947
0.686816
0.711473
0.600947
0.193274
0.402067
0.320937
0.64003
0.206086
0.883727
0.923178
0.494847
0.510673
0.919159
0.113789
0.133032
0.50754
0.196212
0.205051
0.741024
0.753924
0.632018
0.0670621
0.204353
0.0920786
0.410832
0.946078
0.983726
0.391942
0.884021
0.339173
0.32555
0.756798
0.449497
0.846316
0.61136
0.835814
0.985081
0.0911189
0.603138
0.869924
0.553232
0.188919
0.0589969
0.11136
0.138443
0.0191594
0.0257242
0.973397
0.555896
0.482562
0.285881
0.707433
0.931359
0.401085
0.216136
0.707724
0.924655
0.967206
0.972729
0.96565
0.503744
0.157106
0.807961
0.953057
0.818675
0.984456
0.447856
0.879892
0.694624
0.784448
0.199608
0.53015
0.580547
0.340278
0.786954
0.933766
0.884783
0.84961
0.241136
0.0522287
0.274535
0.761214
0.136582
0.0460624
0.0545028
0.0536194
0.0743027
0.0611203
0.169004
0.124819
0.276316
0.3101
0.256065
0.8962
0.8962
0.430606
0.255549
0.381234
0.494109
0.18509
0.0627835
0.099854
0.392574
0.766654
0.314478
0.123671
0.138456
0.402957
0.347956
0.448978
0.597523
0.388578
0.0643755
0.63196
0.0968188
0.843892
0.789291
0.216702
0.0401047
0.709079
0.535579
0.433239
0.282799
0.557869
0.590688
0.916548
0.946018
0.630166
0.728187
0.0657378
0.843183
0.487463
0.853922
0.480486
0.377202
0.0635828
0.246714
0.157691
0.865041
0.36873
0.470503
0.254031
0.197822
0.877035
0.894632
0.952893
0.67166
0.400975
0.851697
0.192735
0.275733
0.165768
0.0473278
0.0678979
0.622299
0.155236
0.626141
0.985704
0.133181
0.910853
0.282619
0.107481
0.477414
0.505963
0.728019
0.645205
0.0844016
0.649659
0.383214
0.881122
0.0283206
0.103036
0.54723
0.171431
0.957391
0.960487
0.837995
0.149029
0.0755255
0.914562
0.951487
0.394799
0.673921
0.629013
0.271403
0.952722
0.661096
0.607561
0.0655568
0.376674
0.967973
0.409977
0.598063
0.525291
0.54484
0.495339
0.703963
0.47639
0.282716
0.754463
0.830468
0.777241
0.51759
0.865691
0.957167
0.9127
0.710147
0.956719
0.51842
0.352529
0.94563
0.526442
0.75496
0.79817
0.50065
0.579572
0.392125
0.125559
0.102391
0.321719
0.0539133
0.584132
0.509022
0.958286
0.670082
0.277419
0.585644
0.251965
0.8707
0.874466
0.733441
0.176648
0.353011
0.29196
0.445888
0.284947
0.324921
0.11823
0.964478
0.880885
0.839638
0.801561
0.0700626
0.455476
0.546521
0.765252
0.598729
0.426339
0.901986
0.991848
0.980142
0.194724
0.462195
0.266927
0.698291
0.929132
0.914787
0.531394
0.168775
0.708348
0.656427
0.70771
0.923546
0.938178
0.982755
0.921365
0.806449
0.264927
0.450265
0.924884
0.832947
0.27415
0.930538
0.928506
0.905913
0.14503
0.472885
0.757598
0.114197
0.923632
0.875621
0.949492
0.947165
0.442262
0.395154
0.796713
0.202549
0.508456
0.251126
0.958524
0.0969227
0.292391
0.209842
0.204303
0.341574
0.212652
0.593078
0.550849
0.414352
0.629372
0.372347
0.285536
0.82427
0.0767129
0.254099
0.137986
0.171725
0.0915005
0.557316
0.434208
0.251112
0.477065
0.84944
0.944929
0.618908
0.846777
