0.352153909206
0.103944335133
0.377546685934
0.168309286237
0.739473837614
0.394165301323
0.0921192288399
0.253141361475
0.323457305133
0.682515823841
0.0206935259514
0.135203509033
0.18709147647
0.792593157291
0.12019534111
0.915749275684
0.807764178514
0.17478960678
0.380253580213
0.0536187373102
0.266196924448
0.536673930287
0.120869006962
0.0600716598332
0.51106146574
0.0293158842251
0.223861932755
0.1723495543
0.287232929468
0.468695360422
0.873457628489
0.853445971012
0.181667643785
0.272940023243
0.750429213047
0.0951841026545
0.951287806034
0.503336727619
0.0993281770498
0.938207119703
0.865588521957
0.535427105427
0.607468849421
0.25963986218
0.594005453587
0.915617239475
0.851121360064
0.469787380099
0.882017093897
0.560585448146
0.712047636509
0.305570930243
0.0468775670975
0.519312250614
0.555201977491
0.408091527224
0.500942158699
0.468473148346
0.121692273393
0.706440109015
0.361895096302
0.974496585131
0.876450043917
0.828814411163
0.0776580382138
0.145033854991
0.0412601049989
0.661180686951
0.23024276495
0.600346523523
0.731561458111
0.849422901869
0.65871450901
0.689937156439
0.229891537875
0.240214730799
0.0205267742276
0.0590575069189
0.94158642292
0.0228794069961
0.0306553022936
0.267920522392
0.498483911157
0.242240743339
0.669459581375
0.438401901722
0.446166148782
0.983297145367
0.0876766767353
0.115806751698
0.325129330158
0.0717971816659
0.314680895209
0.797729706764
0.415599671006
0.659549331665
0.39364053607
0.222457139194
0.969099336863
0.0899499647319
0.403896164894
0.10976234898
0.173137261719
0.0379471559078
0.0405005224049
0.201013223827
0.794360119104
0.372184956074
0.816405421495
0.674667042494
0.922594803572
0.604949039221
0.198745080829
0.0597272640094
0.585076278448
0.122879625857
0.8612447083
0.0351318648085
0.0326981026679
0.0464407231659
0.0203870031051
0.529163223505
0.0135972433724
0.871657466888
0.314770919085
0.951850128174
0.948733144999
0.944369393587
0.971524316072
0.700905716419
0.0895073406398
0.117170778662
0.0935239441693
0.29502928704
0.29444810003
0.686406695843
0.462744182348
0.379780516028
0.556073483825
0.0768579754978
0.130883385986
0.038431767188
0.0241305528209
0.96506511569
0.103296426684
0.910288673639
0.0590717531741
0.288048881292
0.928428977728
0.20924859345
0.708368831873
0.291401840746
0.951740479469
0.833688187599
0.197781959176
0.597784650326
0.0779373429716
0.210452914238
0.199985214323
0.217762328684
0.262583141029
0.641697394848
0.0899391677231
0.0550919275731
0.526006984711
0.0236021922901
0.774854123592
0.624522060156
0.942305129766
0.341576552391
0.275270816684
0.335128353536
0.592713344097
0.596999320388
0.0439805103466
0.121773455292
0.074772061035
0.0668420180678
0.365156173706
0.510880771279
0.483979287744
0.892498618364
0.968739306927
0.00883147874847
0.286532257497
0.902575623989
0.958737206459
0.560918608308
0.0637694381177
0.0695122528821
0.337362103164
0.0153277810663
0.815121734142
0.41551091969
0.167774503678
0.345610508323
0.116413580626
0.0651619814336
0.851137512922
0.984562379122
0.0162590499036
0.0920768596232
0.0103050651494
0.344374068081
0.95429199934
0.0533744990826
0.0819638878107
0.0652655638754
0.150116479397
0.0412456845865
0.102185218781
0.0650755580515
0.933665949106
0.0336804235354
0.146251241863
0.0249068098143
0.0320813432336
0.272895236313
0.731695574522
0.196910253167
0.0439145598561
0.661186343431
0.0406757101417
0.85141685009
0.321156772971
0.980361050367
0.787508690357
0.309522438049
0.805211263895
0.666874563694
0.220350909233
0.0928489297628
0.658732140064
0.148822192103
0.358521220088
0.4442299366
0.0503058318049
0.864155584574
0.0313580259681
0.0804304625839
0.0851565159857
0.0447548225522
0.020465959888
0.1478484869
0.501164722443
0.766021299362
0.996917706728
0.985557103157
0.588894510269
0.532290121913
0.883854460716
0.50938102901
0.056287740916
0.239208672941
0.254752452672
0.0937658496201
0.046837542206
0.0824294775724
0.0539598401636
0.117444363981
0.0780750185251
0.20522782132
0.342020705342
0.931550520658
0.546570688486
0.0551348626614
0.878227734566
0.169462899864
0.856967324018
0.170230321586
0.234182600677
0.0426287852228
0.033882429637
0.0260388039052
0.204240968823
0.0729882907122
0.096849912405
0.703378176689
0.0480268357322
0.462967741489
0.962032979727
0.602201908827
0.817568153143
0.817569774389
0.373315769434
0.627268666029
0.508093625307
0.0326564883813
0.118816173822
0.909207135439
0.637575250864
0.166967521608
0.801341640949
0.226759584248
0.0619052812457
0.516606214643
0.927841979265
0.0690563026816
0.679686993361
0.417702922225
0.213050125539
0.0763440173119
0.572065636516
0.188125646114
0.624516195059
0.142348729074
0.0700157765299
0.209259930253
0.735145443678
0.807373559475
0.125520394742
0.0253565827385
0.413705745339
0.0289241215214
0.50079626143
0.304288950562
0.192376706004
0.155733216554
0.957794702053
0.366954812407
0.5693485111
0.0939163099974
0.223079518974
0.472274538875
0.0630683545023
0.898111134768
0.278640581667
0.0378225205466
0.0684963967651
0.973557150364
0.0566124260426
0.0377032509074
0.444304528832
0.523409330845
0.249112729728
0.0286176525056
0.973405069113
0.885092228651
0.211385411024
0.0371554812416
0.85130611062
0.69955034256
0.916921013594
0.957567173243
0.302438305318
0.201127694547
0.0416999835521
0.0221064548008
0.0362261138856
0.0488123603165
0.599480143189
0.356737443805
0.33300435394
0.217558030784
0.217754253745
0.214908644557
0.0359565835446
0.858964270353
0.133975260705
0.923357057571
0.147036489844
0.154739136994
0.963643020391
0.252871614695
0.958436834812
0.86862885952
0.684021061659
0.654466128349
0.116116119921
0.015122269094
0.361660891771
0.609244930744
0.557297092676
0.163613209128
0.5949249506
0.395139887929
0.404989761114
0.948461008072
0.140816064179
0.400472614169
0.0172523597255
0.208237354457
0.175096155703
0.77178863287
0.970747882128
0.200289225578
0.883768028021
0.564738619328
0.0910263374448
0.573317167163
0.270293441415
0.00885088271461
0.00698144105263
0.022657112591
0.888342446089
0.9082875669
0.512011915445
0.375666251779
0.328925225139
0.680598402023
0.208030819148
0.0558270581067
0.777369588614
0.223391637206
0.120221916586
0.949120479822
0.422628542781
0.264967629313
0.950024867058
0.374696305394
0.150890763104
0.0291212419048
0.878481686115
0.682703179121
0.136101447046
0.329897627234
0.0467585984617
0.852718836069
0.924545997381
0.636905866861
0.328276307881
0.126139119267
0.534753802419
0.547353175282
0.0209610732272
0.0339680774137
0.537911605835
0.385258176923
0.987511366606
0.529709118605
0.0794496439397
0.134884082526
0.0104973194655
0.0697343580425
0.303393545747
0.124906101078
0.567284461856
0.545993533731
0.986622649431
0.929966747761
0.0126778455451
0.0263043198735
0.220774246752
0.149648161978
0.397128543258
0.295415057242
0.774882638454
0.0502791937441
0.186804813147
0.272534860671
0.247730177641
0.0495737884194
0.177147249132
0.826850539446
0.716042637825
0.566679477692
0.465201690793
0.0213627920486
0.169479454309
0.111303504556
0.154935561866
0.292767010629
0.771575427055
0.326899221539
0.472963130474
0.689094853401
0.25295163691
0.184267660975
0.101825219765
0.828016906977
0.390062969923
0.453016191721
0.61369137764
0.839487230778
0.67891882062
0.648431056738
0.390242817998
0.693110108376
0.138098163903
0.0626360941678
0.0288437265903
0.925752544403
0.106101614982
0.0232219478115
0.138875338435
0.184948801994
0.176417943835
0.13489856869
0.0989793151617
0.178095386922
0.14347415939
0.727193176746
0.0457772165537
0.0592221517116
0.100493595004
0.562252956629
0.181336055696
0.219511653483
0.0666576340795
0.670258301497
0.801445966959
0.706089770794
0.136908040941
0.606758952141
0.156023282558
0.389480981231
0.314685089886
0.120893713087
0.104374917597
0.0782901912928
0.505208992958
0.248208391666
0.286581772566
0.0589501302689
0.114893989265
0.0417507631704
0.744441217184
0.0333982426673
0.0758630577475
0.0850478574634
0.810638451576
0.277317987382
0.939167398214
0.934751039743
0.0568039633334
0.119854479283
0.103653816134
0.860051357746
0.788982909918
0.843496209383
0.239109362662
0.142013535649
0.843020272255
0.769004100561
0.379775846004
0.41169180423
0.568591022491
0.346162945032
0.184107677639
0.34212243408
0.206935561448
0.28079161644
0.142579101026
0.553851133585
0.937126433849
0.848352277279
0.356500414014
0.0400053350255
0.313214224577
0.783745217323
0.426371410489
0.729075521231
0.0183145285584
0.24444527477
0.195821499825
0.37650628984
0.0455560881644
0.862104797363
0.888087552786
0.0513879954815
0.745966744423
0.32926005125
0.587837892771
0.0365767685696
0.0239154379815
0.0137282677926
0.889399957657
0.0406747668982
0.401351583004
0.221470250189
0.0443999808282
0.948856443167
0.0191724802367
0.737800872326
0.261269916594
0.536333483458
0.945979565382
0.356885716319
0.0373004471883
0.0296441800892
0.0832351915538
0.930254167318
0.333489429951
0.220158962905
0.337000456452
0.238792422414
0.735609138012
0.0244024148211
0.768966108561
0.0780318070203
0.019340073783
0.847309356928
0.0819525301456
0.0538672287017
0.216483992338
0.0109525940847
0.0506897736341
0.0613384608179
0.25129339993
0.604641604424
0.0962337668985
0.604900541902
0.329548059404
0.135007809848
0.0187769216485
0.0859476383775
0.320710687339
0.275819273293
0.152458009869
0.254140350223
0.189070888609
0.0406320288777
0.368383449316
0.746336376667
0.907458126545
0.790434849262
0.0222959443927
0.0172317128628
0.106712756306
0.0108309017494
0.0670077573508
0.0302180632949
0.981399089098
0.297036887705
0.72913030386
0.179960286617
0.430826440454
0.0863339871168
0.122376682609
0.0110885226168
0.0576443064958
0.178610783815
0.76003818512
0.817146009207
0.148114512116
0.882298016548
0.441434448957
0.187199637294
0.605617636442
0.158432576805
0.217671082914
0.97970918417
0.575030916929
0.978406435251
0.356288972497
0.915548533201
0.369241771102
0.710686606169
0.949677592516
0.914617967606
0.92957906127
0.240259937942
0.0978702157736
0.843359166384
0.486619338393
0.343179932237
0.0429940704256
0.0874756619334
0.643300944567
0.445802038908
0.487500016391
0.0375329446048
0.292122638226
0.0647837359458
0.0410755064338
0.0410346956924
0.274660278857
0.442132419348
0.338639321923
0.132472383231
0.173327554762
0.128371985257
0.55818143487
0.054208708182
0.361164930463
0.717436683178
0.0291348407045
0.145289004594
0.0285819005221
0.368144881725
0.257135151327
0.720549279451
0.12749042958
0.420006844401
0.0571634575725
0.0467452201992
0.643251681328
0.567457431555
0.917468005419
0.667001020908
0.00761620346457
0.149507576972
0.633120191097
0.521217694879
0.329872252047
0.407140505314
0.0257754338905
0.0337103042752
0.0479132816195
0.933439040184
0.595901438594
0.817782330513
0.109795667231
0.0255383940414
0.225582846999
0.400565156341
0.429899474978
0.211740061641
0.935543209314
0.141673618555
0.94247584343
0.19756129384
0.318628413975
0.888314771652
0.935592371225
0.923933696747
0.612599253654
0.233633948863
0.104893538356
0.652187252045
0.0827313307673
0.808300828934
0.0362291468307
0.0245489630848
0.126013374329
0.895611131191
0.492180764675
0.793056833744
0.231909526885
0.495596402884
0.101709425449
0.0506033379585
0.0252955004573
0.418800836802
0.0393163334578
0.375466659665
0.467941391468
0.0937415368855
0.0649642325938
0.165251525491
0.187742270529
0.576672047377
0.557816627622
0.696393948793
0.381698435545
0.74151045084
0.122442724556
0.364812090993
0.756797248125
0.0783731076866
0.74880194664
0.137959580123
0.325495445728
0.912175428867
0.530395883322
0.0133902872913
0.282511627674
0.478124755621
0.0558521922678
0.761135870218
0.120758035779
0.0338034775108
0.439937016368
0.447498646379
0.931012862921
0.856309652328
0.176319174469
0.902890300751
0.0496045023203
0.617593502998
0.0942862324417
0.40634431839
0.304610595107
0.380561214685
0.230573125184
0.969425904751
0.132181623578
0.221486595273
0.0526507042348
0.0838997423649
0.140992487222
0.0366718612611
0.123735938221
0.850701141357
0.162033735216
0.036330100894
0.0390583852306
0.230842848122
0.162380605936
0.0764570105821
0.647340673208
0.412627694011
0.108622315526
0.909770679474
0.188652335107
0.0678814288229
0.296312247217
0.494095662236
0.0266286704689
0.0619624663144
0.181619331986
0.835040122271
0.100055576116
0.254568271339
0.354865527153
0.00786315333098
0.00909055601805
0.242341780663
0.620898970962
0.0332408897579
0.165151548386
0.0472920946777
0.0396917555481
0.185612916201
0.0437612989917
0.0311895305291
0.355171392858
0.336468881369
0.354646971822
0.142316243798
0.164454180002
0.190891161561
0.200546547771
0.274703174829
0.0341978427023
0.905568104982
0.0200324289501
0.333767813444
0.153940069675
0.111416470259
0.0294646440074
0.421940433979
0.176720419526
0.761182290316
0.653503155708
0.140975431353
0.192323678732
0.0600342776626
0.0105184745975
0.929440867901
0.735969531536
0.0592886716127
0.0486048229039
0.196466958523
0.0197000915185
0.614960670471
0.976057624817
0.0794580947608
0.83305850625
0.274614757299
0.31814930439
0.0306183076464
0.976329630613
0.327990522981
0.357205817103
0.143792611361
0.76106980443
0.0351536007598
0.0181346903555
0.892418324947
0.0537162877619
0.855768871307
0.400387489796
0.652439025044
0.0148096270859
0.016715381667
0.321546652913
0.50034891367
0.281408563256
0.0305812779814
0.79591807723
0.388445481658
0.0101514262147
0.0769218206406
0.0232341537252
0.849445766211
0.942093038559
0.19889048785
0.237981002033
0.0449232183397
0.128565839678
0.903770273924
0.545391380787
0.12947197929
0.219997428358
0.0097299895715
0.852731621265
0.128652759641
0.128199558705
0.0995944045484
0.0239433774725
0.0153327751905
0.0645887553692
0.899196612835
0.0622729413211
0.14002341181
0.561082908511
0.917827731371
0.165124831349
0.264004988968
0.0356914274395
0.116522596776
0.235181906819
0.0917544975877
0.197269366682
0.092618548125
0.348105582595
0.0311069885269
0.198792482913
0.0122688202653
0.0111533016898
0.034139300324
0.0072688142769
0.00538565032184
0.0298158150166
0.0247779069468
0.570945689082
0.106970737129
0.657589662075
0.145199594647
0.935539144278
0.963323605061
0.934265756607
0.787610858679
0.506756433845
0.0560766834766
0.0625042650849
0.0484160300344
0.0676999863237
0.0313805313781
0.219384379685
0.891314458847
0.27408324182
0.303253589571
0.120984061807
0.427818483114
0.0459332045168
0.131796487421
0.282419779897
0.963330280781
0.940610402822
0.973268133402
0.960967880487
0.386558747292
0.0708901729435
0.0365035885945
0.0338689088821
0.956675338745
0.102007962018
0.0443939123303
0.0403163164854
0.0311330266297
0.092398121208
0.043506186828
0.0320587476715
0.0295120844617
0.345618787408
0.186082336307
0.0937715247273
0.291695126891
0.985244083405
0.985437643528
0.971082121134
0.938128966093
0.975807237625
0.342834080756
0.0894812997431
0.0527019381523
0.259012943506
0.0709696494043
0.0488057997078
0.0883588448167
0.930630141497
0.77878947258
0.0244403654709
0.623931151628
0.0272542599589
0.0225710080005
0.073064905405
0.00549552361481
0.971651232243
0.931850230694
0.076857226342
0.976468324661
0.95841999054
0.920759189129
0.161793926358
0.794614857435
0.311051055789
0.185230523348
0.0841224744916
0.866765981913
0.00614647737239
0.964272367954
0.0242201835848
0.0692388493568
0.276272420585
0.538949939609
0.0286304298788
0.952466863394
0.770504325628
0.308243753016
0.0747905995697
0.690858209133
0.948079824448
0.894792795181
0.223785319924
0.919242078066
0.238527564704
0.458533430099
0.116380107403
0.940244013071
0.180414496362
0.161441494524
0.901638782024
0.940443736315
0.924938803911
0.856060057878
0.0677422385663
0.665255796909
0.0702093783766
0.331838646531
0.60652590096
0.0426700666547
0.15897263065
0.368942350149
0.113839051872
0.572903689742
0.0321230854839
0.108900030702
0.0974713169038
0.93715531826
0.154726593196
0.675696009398
0.497411996126
0.364970731735
0.176619949192
0.238668483496
0.792659008503
0.206578680128
0.1160137631
0.904214394093
0.926112371683
0.354019391537
0.228649796546
0.0540070291609
0.349997782707
0.131088320911
0.101293969899
0.329787136614
0.419603994489
0.217992717028
0.371955481172
0.0856042411178
0.654709887505
0.191961102188
0.244568805397
0.546852093935
0.340757375956
0.86982229948
0.957172209024
0.506324827671
0.349657863379
0.0913949683309
0.970368278027
0.541278624535
0.66897367835
0.0867561563849
0.560148820281
0.803078085184
0.429103931785
0.315271940827
0.463865885139
0.176924665272
0.945001721382
0.960373938084
0.866695564985
0.786045610905
0.97149938941
0.11211312227
0.195918634534
0.151867640764
0.509440222383
0.586827728152
0.0581565007567
0.192298496515
0.139135291427
0.60093048811
0.147039742768
0.23618850708
0.635582369566
0.486819049716
0.317951722443
0.410550323129
0.109010449797
0.93062967062
0.113601262122
0.247679916024
0.448806709051
0.303597564995
0.0260750139132
0.148200769722
0.541963320971
0.013518341165
0.722335243225
0.0307206444442
0.249390286207
0.152087367326
0.7800093472
0.141842061281
0.782051551342
0.545068946481
0.0516384601593
0.0101474530529
0.747142708302
0.0198746969923
0.0437261383981
0.018716276437
0.136735859513
0.10336298272
0.0652946148068
0.3722422719
0.100893624872
0.0311918523163
0.0742772728205
0.0532333076
0.0348169175908
0.0383792396635
0.0471396785229
0.0234294425696
0.11081873551
0.0269263932481
0.007167770667
0.0879245985299
0.0898682851344
0.12597187683
0.0449963804334
0.194317300618
0.337353560328
0.146951657534
0.38767837286
0.108923023939
0.0213001147844
0.43823337853
0.400640261173
0.0332077560946
0.0404258869588
0.0518803458661
0.740105193853
0.107443349063
0.171097716689
0.126212103665
0.0316434863955
0.0466267690063
0.0957061104476
0.369005826116
0.073598491773
0.0702344231308
0.0250970195979
0.0338401066139
0.0759540855885
0.544493734837
0.513292405009
0.216875907779
0.0506570905447
0.0392618676648
0.0346843773499
0.0676671817899
0.0249114230275
0.500215172768
0.137790556252
0.0847828567028
0.112864308059
0.289705087245
0.0366353079677
0.884524559975
0.0449441455305
0.025377567485
0.0524349316955
0.651233696938
0.0507320519537
0.448282909393
0.160158974677
0.105128847435
0.0348585410044
0.0328053144738
0.100610468537
0.0819192428142
0.402042603493
0.0852906554937
0.356708818674
0.301025770605
0.596691662073
0.178571220487
0.868752944469
0.0169614820741
0.0725827667862
0.280382119119
0.453828248382
0.0752364337444
0.785844630003
0.966675150394
0.600346577168
0.672986251116
0.084965807572
0.0683357845992
0.0889992132783
0.048615110293
0.0176886857487
0.360516932607
0.102671403438
0.230660717189
0.0307408647612
0.0765814378858
0.0514441009611
0.145289279521
0.00614696969278
0.0210975430906
0.111290020496
0.040031979233
0.0309985488653
0.0532826054841
0.0247152902186
0.00764371287078
0.115611498803
0.219884090126
0.0440935352817
0.0091304582078
0.719265246391
0.394260936975
0.294553937018
0.133927511424
0.134008874744
0.168732376397
0.034652540274
0.149082778394
0.365088120103
0.0227973887697
0.0407715346664
0.089918152988
0.0227273479104
0.0463299173862
0.036957307905
0.0520043330267
0.0307804368436
0.0945453464985
0.0253511966206
0.4436093539
0.636471033096
0.0644570596516
0.0238667206839
0.533930021524
0.0384533746168
0.0123744684272
0.144538733363
0.132880418748
0.145217868686
0.104435130209
0.17370556891
0.0812186647207
0.335142183304
0.0817708879709
0.0693504635245
0.0475904382765
0.315690944344
0.325140665472
0.0962141212076
0.500777158141
0.0484688436612
0.268088495731
0.0243688290939
0.022156656161
0.0294974086806
0.0937507785857
0.124863129854
0.222985158861
0.100948645175
0.111286954582
0.0721398614347
0.0161638883874
0.0352055460215
0.027751868777
0.132300245762
0.0366514571011
0.103077208623
0.118604411185
0.0706814013422
0.088125685975
0.0480716049671
0.0694571338594
0.111580718309
0.0598201040179
0.177703146636
0.128641454875
0.178095307946
0.104046036303
0.130471708626
0.110005650669
0.0474739434198
0.0742409911007
0.119812884182
0.154898059368
0.355500841141
0.0268779963255
0.0745810486376
0.905835002661
0.0698405630887
0.0717777058482
0.0802897367626
0.103277856857
0.102049379051
0.0534344263375
0.0906272739172
0.126611701399
0.283534295857
0.0914921332151
0.242530098557
0.448319554329
0.0479285215959
0.337088872492
0.20639757663
0.0741688739508
0.0303259713575
0.385040849447
0.0115197514184
0.0806389965117
0.117502143979
0.0378601452336
0.140852915496
0.0521636005491
0.135050034523
0.143602700531
0.0328374937177
0.140538040549
0.227425293624
0.0601643256843
0.119160110503
0.180240578949
0.0508011847734
0.039223129116
0.0073794902768
0.0111168156378
0.0881563767791
0.140198639035
0.036978321895
0.0165341866203
0.0218995656818
0.206947827339
0.0170138184913
0.0481379911304
0.0696204785258
0.0386784657836
0.139489940554
0.179313272238
0.147594484687
0.32579934597
0.0367258682847
0.136310895532
0.0853325411677
0.0364709038287
0.233732738346
0.0706625834107
0.148702242225
0.0511759717017
0.0868819069117
0.0231562780216
0.0516802515835
0.0327043958008
0.279080145061
0.0535903658718
0.0384418269619
0.0637321222574
0.258747877181
0.786520516872
0.548885124922
0.181785705686
0.154286901653
0.361500391364
0.287908613682
0.960122263432
0.0194133992307
0.0816894322634
0.11222884357
0.657092809677
0.694316798449
0.164655806869
0.111783088744
0.427332180738
0.022106802091
0.44294039607
0.532304039598
0.0251450911164
0.0125726383179
0.0186399172992
0.57990450561
0.643861508369
0.302606131136
0.301909892261
0.0704596597701
0.0490317035466
0.36868211031
0.032048795186
0.0384714169428
0.462000405788
0.49766869545
0.0881440348923
0.0415037252009
0.0912795938551
0.221817204356
0.246455006301
0.0299400884658
0.10670465976
0.0297650645487
0.531113019586
0.352196422219
0.390965551138
0.0537385944277
0.0456469608471
0.222163717449
0.0253158053383
0.0983221963048
0.0724327880889
0.0257122240961
0.0315184919164
0.0695869792253
0.0448788765818
0.0231564978138
0.015995267313
0.0572709798813
0.246894712746
0.321978342533
0.0963121421635
0.973564398289
0.957646232843
0.781142431498
0.0227861214429
0.793357884884
0.934282159805
0.0375123556703
0.0150846574921
0.682806801796
0.133459481597
0.0524447986856
0.0413048973307
0.0181550890207
0.322749522328
0.0961749561131
0.0370385695249
0.216007812321
0.072407309711
0.0900861755013
0.0262474484742
0.0874756634235
0.994803094864
0.973402571678
0.162239257991
0.604307872057
0.0738831672817
0.230482585728
0.120424494147
0.118942664564
0.0272261992097
0.136851788312
0.407034024596
0.171106420457
0.240633510053
0.46766795218
0.0482255566865
0.315727491677
0.054095653072
0.449218633771
0.0630998324603
0.635050702095
0.0438078479841
0.0339590607211
0.102148657292
0.0240756826475
0.550244420767
0.0455439727753
0.0781732857227
0.329806697369
0.0584321655333
0.0553682301193
0.0253085720353
0.187691570818
0.0948781181127
0.0100743350573
0.0568417306989
0.216998298466
0.288748648763
0.126561006159
0.58448934257
0.17961718142
0.316140583158
0.0288107460365
0.0192824713886
0.0238344481215
0.0672801803797
0.122310961038
0.0343973627314
0.0144854788668
0.035149346292
0.0693447567523
0.0642565060407
0.123304176703
0.0592523492873
0.894096159935
0.0220330763608
0.265593110025
0.207465401292
0.251333093643
0.0749282155186
0.0138488889672
0.0493264600635
0.809569227695
0.0142790554091
0.693141740561
0.612476837635
0.950190657377
0.0471330408007
0.0474852453917
0.0251802928746
0.0194035279565
0.0249042954296
0.0462166260928
0.0233882807195
0.20535363853
0.0577311061323
0.265640591085
0.0584063332528
0.122526905686
0.0622511370108
0.0217707882635
0.501489189267
0.278086684644
0.354658505321
0.082938021794
0.13262000829
0.0494528429583
0.0239286171272
0.0120148456655
0.135948133469
0.0235715961084
0.769836711884
0.654191279411
0.0109698788263
0.0893008098006
0.270520199835
0.00589298964478
0.0292305668816
0.312073972821
0.058968269825
0.0591511759907
0.256811615825
0.0830763079226
0.126933301985
0.0226763824001
0.0244772914797
0.0716845236719
0.0101971799508
0.0343738008291
0.0230445733294
0.0862589605153
0.00515766171739
0.035272478871
0.0809419892728
0.0952824492007
0.0763564821333
0.0690851371735
0.0620991695672
0.334654298425
0.130243871361
0.00924034598283
0.0601811297238
0.428556734324
0.0406885173172
0.0271238123998
0.0391140544787
0.168671470135
0.0685520876199
0.140291447192
0.0244794770144
0.0227915402502
0.0288125421852
0.59370828867
0.940156304836
0.742038226128
0.128325469792
0.0193474059924
0.543580907583
0.0159291096032
0.092572902143
0.0428090136498
0.126085616648
0.889392793179
0.0241812698543
0.0781812638044
0.0280356742442
0.0879805393517
0.0199954479933
0.0580071851611
0.0660504471511
0.109948959202
0.812685120106
0.333234271407
0.257985666394
0.0948592953384
0.0809905692935
0.335782697797
0.748660635948
0.0489370260388
0.053561026603
0.823289626837
0.3988258183
0.807820892334
0.619384694099
0.0520369887352
0.958410871029
0.117892192304
0.178368149698
0.00618554512039
0.244812515378
0.0874900311232
0.417819809914
0.696784120798
0.16629319042
0.20418253094
0.0223536539823
0.138725722581
0.122783141583
0.146877494454
0.11452338174
0.096936480701
0.0584625784308
0.0154952408746
0.0508218258619
0.0342199144885
0.019308543019
0.866060417891
0.0699653327465
0.0339977808297
0.0993189305067
0.0526567483321
0.0144194137305
0.239222852886
0.0697910219431
0.63440502286
0.0375961959362
0.0954725343734
0.856030726433
0.0306724432856
0.228235962987
0.876433712244
0.0653187822551
0.0350511685014
0.129459463805
0.0952626049519
0.0487194361165
0.087074855715
0.0126856687013
0.0132959534414
0.0446850534528
0.317206647992
0.196902711689
0.800702059269
0.688708901405
0.588301056623
0.162362492085
0.024216312822
0.084661969915
0.0181760832667
0.0129438088275
0.0178335938603
0.0996480599046
0.165037300438
0.444201174378
0.409729066491
0.200204494596
0.0295537800528
0.00794648909941
0.189893423021
0.010541551793
0.131527692825
0.0423635508865
0.024195472151
0.018590610195
0.0224607300013
0.083942681551
0.0547784179449
0.0416843067855
0.212947753072
0.0820249266922
0.0139797302894
0.0381016267464
0.0508757799864
0.930951344967
0.861419868469
0.138197597116
0.10296145156
0.077223174274
0.112800846994
0.0794597361237
0.0740592390299
0.0267249694094
0.113498117775
0.706907695532
0.0783456668258
0.0211049122736
0.0171604341827
0.0908850967884
0.0204831138253
0.030667412281
0.115429184586
0.0622784402221
0.0419219693169
0.785385072231
0.172415222973
0.0382368531078
0.0686602491885
0.0437267867848
0.0433739174157
0.266722208261
0.174226050824
0.0153382727876
0.0178217163309
0.0918253023177
0.0505278430879
0.0963963784277
0.0493891919032
0.0819284379482
0.0610445842147
0.284045897424
0.0511981839314
0.0367238836363
0.0246872391552
0.72253062129
0.310972209275
0.476665279269
0.346431997418
0.268183486164
0.0286892963573
0.0184742287733
0.035722146742
0.0333887010813
0.150709607452
0.0917026922107
0.256442534924
0.159603586793
0.0266823487356
0.0417005490512
0.0108078668825
0.0280075291172
0.0470075443387
0.0482144949958
0.144699412584
0.819252610207
0.0205259010196
0.187884604931
0.0141120706685
0.62289018929
0.108931620419
0.00815361407585
0.322830533981
0.119172480702
0.562571766973
0.0421348705888
0.499802932143
0.139122730494
0.0365352604538
0.0178730644286
0.0966108951718
0.0707820035517
0.0446603957564
0.00483541397844
0.0501731991768
0.0396240528673
0.0604658957571
0.0613140691072
0.909133815765
0.398673731089
0.893709003925
0.024984219484
0.120045535266
0.0104853729252
0.147829130292
0.0217342034914
0.0113206547685
0.0627767592669
0.00871274205856
0.103920126706
0.121271539479
0.0914098925889
0.00957052679732
0.228457321227
0.0226185770705
0.103766919672
0.18677444309
0.308933077753
0.755752038956
0.85608817935
0.19227090925
0.0406640324742
0.0722640689462
0.106097821891
0.134671483934
0.034370415099
0.47667838037
0.0299138270319
0.200929443538
0.0104901880492
0.0307432206348
0.0911349609494
0.036632437259
0.117931848764
0.0370229987428
0.0416808655486
0.43126938343
0.0425974644721
0.0619348440319
0.0857640855014
0.142161208391
0.249634256959
0.0492096953094
0.0118026650511
0.157495972514
0.287817338109
0.0421138871461
0.0992073141038
0.231070874631
0.0365300279111
0.0698759172112
0.177431771159
0.089774338156
0.037998136133
0.0312837308273
0.0606474157423
0.0641151238233
0.0126639963593
0.0680441651493
0.0251796267927
0.311143319309
0.126981575787
0.0303314819932
0.0818489983678
0.202799849212
0.174837501347
0.0299158321694
0.250778715312
0.122659625113
0.0493392080069
0.0587331291288
0.109527547657
0.232538808882
0.019091018755
0.0482861164957
0.0753246154636
0.0717996444553
0.0672836907208
0.0335085317492
0.11360322535
0.126779833436
0.105549975485
0.0579554583877
0.00698783393018
0.037705520913
0.0595225989819
0.027939862106
0.865534937382
0.575413048267
0.676036161184
0.0562136370689
0.6416023314
0.633301228285
0.0165444319136
0.132864825428
0.0146291559562
0.0166104520671
0.0117474578321
0.0592264350504
0.219243760407
0.0426378432661
0.114369359612
0.0232453370467
0.0687762569636
0.518766385317
0.342730364203
0.0801789741963
0.996503013372
0.949848681688
0.0788971051574
0.0130620995536
0.0185580132529
0.0577295668423
0.852976071835
0.0648476175964
0.424470749497
0.0366443352774
0.0703516367823
0.216833566129
0.093005374819
0.0228110564873
0.333551248908
0.965245556831
0.069013780728
0.687760835886
0.76686847806
0.764367693663
0.048073816672
0.0322023870423
0.0454727413133
0.0787103511393
0.153210923076
0.060560997203
0.0465836849064
0.0938842184842
0.420040908456
0.207233807445
0.0103403324261
0.0140259243082
0.0908766172826
0.256681866944
0.0217510840856
0.0150746105239
0.0730802431703
0.131187344342
0.19598319307
0.0110861543566
0.122457094491
0.972681903839
0.0644059203565
0.038229469955
0.143165130913
0.0671679873019
0.157539317012
0.0389541979879
0.942347228527
0.0715344049037
0.0274180170149
0.0222223142162
0.0450726181269
0.022834303882
0.0220400307328
0.0675339728594
0.216307300329
0.152518706024
0.166165228188
0.726107794046
0.0155717181973
0.102783774585
0.230446493626
0.538140568137
0.0613367132843
0.266766370833
0.0216565192677
0.252339114249
0.0150522273965
0.0186760395765
0.0833290092647
0.137454293668
0.0588888198137
0.138059764355
0.0207615721039
0.542666602135
0.571130877733
0.094125315547
0.183097460866
0.0372702365741
0.0497711986303
0.0258570118807
0.0177190367132
0.0570704896003
0.0358725802973
0.0322186941281
0.0541465304792
0.0703723687679
0.0315892696381
0.0684038307518
0.185921281576
0.110791607946
0.0973006907851
0.0907009378076
0.0751156259328
0.0391852388158
0.0385040359572
0.0166031676345
0.0885023675859
0.0343363357708
0.0438548609614
0.329819259048
0.27919177562
0.0974898926914
0.453763628006
0.349379314482
0.0446985829622
0.0573163982481
0.0623691070825
0.0353298207745
0.125997620821
0.737733501196
0.252227571607
0.0494539529085
0.176203338802
0.228741541505
0.0637412935495
0.0308948503807
0.0990407511592
0.468146416545
0.0376364029944
0.0867458216846
0.0434617791325
0.48095369637
0.256025587022
0.925952672958
0.189402750134
0.141856786609
0.0532952092588
0.0628459520638
0.270831212401
0.0842581685632
0.214995263517
0.0669284138829
0.749280542135
0.105150346458
0.0399376699701
0.144391435385
0.0257847866043
0.170705707371
0.0258584272116
0.04976926893
0.080210935697
0.139814371616
0.0240875864401
0.0185392327607
0.0262319503352
0.71088398695
0.388651221991
0.0892610501498
0.350738224387
0.179563781619
0.0114118201192
0.322541749477
0.096011634171
0.27472499311
0.0392508175224
0.252956497669
0.181505719572
0.120976236463
0.192558498681
0.0853100374341
0.0145288714208
0.054208451882
0.109294635057
0.273719486594
0.356384086609
0.512483212352
0.434864920378
0.318826827407
0.0169376166537
0.0429319206625
0.0186097091064
0.0749123279005
0.456136265397
0.0221055459231
0.0404909774661
0.0295468516648
0.125407920778
0.0922101911157
0.172084610909
0.41020231843
0.0718535013497
0.150504224002
0.0284725602716
0.0821532063186
0.966399461031
0.845225954056
0.196914756298
0.0324021931738
0.0233304880559
0.171377315372
0.234075835347
0.0382634796202
0.418706193566
0.088109742105
0.0288538657129
0.0348065482453
0.0291531456634
0.132528075576
0.0576318629086
0.095238853991
0.0539703588933
0.0216492238455
0.138185547292
0.052070922032
0.457904055715
0.0927988417447
0.256424126029
0.0593082610518
0.257396137714
0.305239999294
0.169632290304
0.0793835163116
0.0421071229503
0.0910097718239
0.0778745859861
0.988079839945
0.992745113373
0.943348753452
0.0212687959895
0.783904820681
0.0665006570518
0.0190182174556
0.0139971460216
0.139393511415
0.119915092736
0.0273718029261
0.0799215070903
0.0886622130871
0.100115574151
0.0266735507175
0.0538090195507
0.0120218457654
0.665323972702
0.171325619519
0.0177839932963
0.196158422902
0.250001947582
0.022499253042
0.0503970552236
0.163357189298
0.0298166420311
0.0694596353918
0.126337487251
0.611291730404
0.0307729104534
0.208741444349
0.0320644166321
0.022238198109
0.1068390131
0.0931757938117
0.546081238985
0.0459850355983
0.0236882120371
0.0770076863468
0.112440796942
0.0137973928824
0.39901317358
0.0783871427178
0.049583097361
0.0764796726406
0.107996420562
0.0271057756618
0.231583096087
0.0937668524683
0.0118363543414
0.0472083482891
0.0522595334798
0.0245088290423
0.198459939659
0.0928607221693
0.0318241545931
0.0329972008243
0.247678285837
0.204648911208
0.20406107679
0.295529931784
0.0156166674569
0.00729330158792
0.041113548167
0.0713887434453
0.0682111036032
0.0764274328947
0.238896593451
0.0326834206469
0.13371100463
0.00872537204996
0.126904693246
0.921546924114
0.923866373301
0.691955137253
0.198032391071
0.0208296617493
0.0220087523572
0.072652098164
0.642554414272
0.133454615623
0.115997467935
0.13150459826
0.0556830264628
0.0835168838501
0.0233662762679
0.100759895891
0.982999259233
0.0443506363779
0.0367880424485
0.033790977858
0.865397262573
0.726361781359
0.0314247598872
0.569439122081
0.30745985359
0.314424073696
0.228710241616
0.234585802257
0.0193585824221
0.405284944177
0.20566489473
0.483067911863
0.322901940346
0.0180391501635
0.0659244839102
0.0800035014749
0.26275164783
0.0792339216918
0.126884295791
0.623251450062
0.335416847467
0.070042039454
0.387638226151
0.500775042176
0.329698799551
0.108374706656
0.0985958896577
0.0307526122779
0.304973936081
0.271396991611
0.0795050345361
0.140521816909
0.0829636961222
0.0405946640298
0.0847152907401
0.881728112698
0.292069874704
0.110241597146
0.0298890901729
0.975648534298
0.262045495212
0.373508000374
0.38742145896
0.0389190778136
0.610309225321
0.121933655441
0.426008811593
0.0939149774611
0.0394194215536
0.18449485451
0.0254119463265
0.0826044786721
0.445379269123
0.0739799953997
0.0127269512042
0.527159506083
0.320709988475
0.0855070155114
0.0555294252932
0.118684859574
0.22620742321
0.0606292307377
0.0257178034633
0.0131553241052
0.0731072153896
0.0742433268577
0.0242200510576
0.0290700048208
0.0481488764286
0.219012464583
0.153865982592
0.239234413207
0.0503138784319
0.921628892422
0.0278605697677
0.0683166291565
0.0174598515965
0.543364867568
0.16490168944
0.16418794319
0.111227267981
0.273473261297
0.909233307838
0.860682046413
0.938413232565
0.646748566628
0.381606405973
0.782962560654
0.855455416441
0.638504570723
0.75728199482
0.580798399448
0.70457354784
0.0695763751864
0.1312792629
0.560696601868
0.316674120724
0.0781814545393
0.709962409735
0.604485571384
0.0264171322808
0.0384751863778
0.054743084684
0.636521077156
0.59294141531
0.0704504434019
0.266025540233
0.285647545755
0.198128901422
0.202599826455
0.0122153080069
0.314918452501
0.0237484347075
0.943240952492
0.705878919363
0.156781855971
0.0554463870823
0.0677091814578
0.147093101591
0.201442335546
0.167783378065
0.128831551224
0.327742233872
0.175147223473
0.0141278513707
0.0933603584766
0.034749298729
0.0339686518535
0.647251993418
0.490800136328
0.193391853571
0.122010855377
0.182690505683
0.0210179064423
0.0183244981803
0.0617668900639
0.0202979819849
0.189448142052
0.103424637765
0.696577650309
0.784209501743
0.237604637444
0.447754484415
0.0878041915596
0.0164107548073
0.114617967606
0.1323790133
0.0898293316364
0.0419171102345
0.0254457185045
0.053595405817
0.00312717952766
0.0154596865177
0.0407694568858
0.0337152438238
0.363241299987
0.46263011992
0.0299737602472
0.116600174457
0.0136405522004
0.0555428329855
0.0180812291801
0.284394593537
0.165480276942
0.11997339204
0.183897317946
0.303992602229
0.0471965894103
0.0719383969903
0.275263892114
0.0143540074117
0.172051346302
0.014812681824
0.0219647388905
0.716873377562
0.0574831575155
0.0158001952805
0.947862625122
0.0504798749462
0.698207968473
0.0856943655759
0.641950309277
0.108680824935
0.507824760675
0.356606963277
0.261766846478
0.415522149205
0.122627062351
0.840491712093
0.383076685667
0.0383593127131
0.311670985818
0.935193580389
0.518963259459
0.0921850681305
0.427819338441
0.0179970727302
0.180327437818
0.182680270076
0.0991631582379
0.0218982410617
0.492063802481
0.0320360220969
0.230928431451
0.216250032187
0.104801616073
0.17685277909
0.0355004491284
0.0095966163557
0.355826833844
0.612339091301
0.43694306612
0.238513486087
0.246506083012
0.601714664698
0.0197219843976
0.137038579583
0.325307708979
0.107343833148
0.429861390591
0.124934373051
0.0231684330851
0.00974246016704
0.0131973555312
0.0922999113798
0.123667386174
0.0158891573548
0.0969672724605
0.0339472632855
0.0228685727343
0.0528702534735
0.0638133049011
0.121000437438
0.194917702675
0.112029515207
0.0126507155597
0.0924290969968
0.0102025518194
0.0385233268142
0.122461350262
0.0255732610822
0.0186182422563
0.20110847652
0.486771529913
0.0164258025587
0.805870753527
0.0832956496626
0.107311850041
0.974580550194
0.0571429323405
0.896148264408
0.0181484946981
0.964015877247
0.614626520872
0.323060420156
0.579405671358
0.058194437623
0.0598855018616
0.0305134449154
0.0316966459155
0.126023831964
0.209457525611
0.0279890429229
0.0477264497429
0.10283113569
0.84031020999
0.674173802137
0.199681851268
0.0199942833744
0.049626770243
0.87309165597
0.0621729146689
0.0918422028422
0.0322679243982
0.115106387064
0.687308615446
0.940040904284
0.0605383660644
0.558057615161
0.93051482439
0.706490582228
0.247701700032
0.185715055466
0.618814319372
0.142759475112
0.0477357570082
0.0218733825721
0.135180529952
0.0423021780327
0.0361182946712
0.0661184795201
0.144406823069
0.00880322190933
0.385966768861
0.45830874145
0.0107834544498
0.0918738491833
0.492063722014
0.153826739639
0.0339550867677
0.176780740917
0.725848788023
0.435695141554
0.298084653914
0.905193001032
0.0107530049514
0.0258042559028
0.0828649029136
0.206309495866
0.803411996365
0.0257907559164
0.033788529411
0.945493292809
0.311826620996
0.0426754020154
0.0332647709176
0.0815272144973
0.0362605983391
0.195791786909
0.275071772933
0.0251618603244
0.186955460906
0.0786208268255
0.0242175806314
0.485505077243
0.316179823875
0.144760932773
0.0247048152611
0.022005506698
0.116569367796
0.938364499807
0.103377472609
0.0844222154468
0.0955883480608
0.0419532686472
0.0623946469277
0.102549719065
0.0332616843283
0.0620159968734
0.192919048667
0.0500344980508
0.0381775971502
0.154422282428
0.378351324797
0.338800728321
0.219890551269
0.121719413996
0.0712914191186
0.46310005188
0.0675609041005
0.0195447309874
0.012821808178
0.991851556301
0.963095909357
0.321004827321
0.0884407050908
0.10273074545
0.217313098907
0.00820516878739
0.353290432692
0.0169273979031
0.0308769410476
0.201432175934
0.0277039291337
0.0713210500777
0.0295704485849
0.0143478064798
0.0585654113442
0.185549877584
0.0572188127786
0.0162326307967
0.0302952295169
0.0785756584257
0.107485909015
0.0394175317138
0.927256280184
0.811243522167
0.882225990295
0.111491041631
0.0457759194076
0.245421409607
0.957720553875
0.922139841318
0.0589675676078
0.101206632704
0.0326136577874
0.840060973167
0.0137124280445
0.0453941924497
0.111108470708
0.029122072272
0.0728042855859
0.00586509583518
0.0187099187635
0.0252394950017
0.101058096439
0.298355904222
0.184987303615
0.0298498714343
0.0342259196565
0.566749989986
0.106445404887
0.837292844057
0.899528175592
0.0490349447355
0.039023122564
0.0764118559659
0.0290356896818
0.0574034973979
0.484221723676
0.29122953862
0.024031981267
0.0166852864437
0.0167802067474
0.023560365662
0.834647172689
0.889021575451
0.627409374714
0.984611517191
0.120945584774
0.0409812286496
0.015398385562
0.069278781116
0.893176478148
0.971726357937
0.959222298861
0.602326083183
0.772788709402
0.0163494261913
0.0361933339387
0.925934994221
0.00788889219984
0.0624120607972
0.0617605492473
0.89515644908
0.0304072773084
0.0138222063892
0.0608383350074
0.0168990893289
0.148760713637
0.0273387124762
0.0461586406454
0.00703524944838
0.0206959828734
0.900608712435
0.0547042887658
0.673393881321
0.0329537680373
0.900626450777
0.973549777269
0.710666406155
0.848959112167
0.497075885534
0.0984782643616
0.337038317323
0.12290263325
0.420205765963
0.0621181864291
0.183533748984
0.436406061053
0.87600466013
0.228826588392
0.214220607281
0.112190161645
0.0167590779252
0.919416648149
0.0342520069331
0.410606005788
0.107550669461
0.943797129393
0.802240902185
0.995462799072
0.981806617975
0.98646967411
0.977680051327
0.233071853966
0.441300088167
0.0581486299634
0.32062689513
0.0588921319693
0.133778486401
0.580676040053
0.0423726726323
0.148732222617
0.0306250406429
0.0432557770982
0.449003720284
0.190552946925
0.0801733277738
0.26929641813
0.183317470551
0.0411794699728
0.0312062652782
0.028376811184
0.0746521539986
0.108237063885
0.180901096761
0.0713234826922
0.0359141359106
0.0237501664087
0.0533447321504
0.0945220574737
0.251107041538
0.0380619643256
0.0642079219222
0.0197071404196
0.16462251991
0.38664816916
0.0286237584427
0.029063644819
0.0708136804402
0.185708259046
0.0365257276222
0.157835551351
0.62945587039
0.0305941924453
0.201316982508
0.949570119381
0.969379627705
0.195285201073
0.0194562201388
0.0845977835357
0.191274457425
0.318000799417
0.0269770896062
0.111258968711
0.874795532227
0.0580895449966
0.088708018139
0.5048214674
0.3596106112
0.0254106236622
0.0215859338641
0.0266328696162
0.165401234478
0.0885074406862
0.0151739914902
0.579940849543
0.506899061799
0.109708300233
0.0367845484987
0.334503048658
0.245609895885
0.0781647186726
0.0159663664177
0.0159545855597
0.0302195768803
0.0198192470707
0.0300055241212
0.0573265682906
0.0608665268868
0.137253145874
0.0343287147582
0.0275172399357
0.106990008801
0.0638146419078
0.0625105749816
0.0196165504865
0.0826925773174
0.036836595647
0.112907764316
0.0154067439958
0.041083410196
0.00452125086449
0.0520935799927
0.0572338175029
0.0745721910149
0.0188252559863
0.194090908766
0.0424611579627
0.605377441645
0.0335501618683
0.0362276807427
0.0170558124781
0.0795331254601
0.0265525005758
0.00857521481812
0.0113300851081
0.0355376332998
0.0337834125385
0.948553305864
0.0939865000546
0.56002959013
0.340151497722
0.251284386218
0.0366563167423
0.401778060198
0.0987030368298
0.346356526017
0.0709407433867
0.523492184281
0.116993500292
0.239310915768
0.72964015007
0.117709992081
0.0128468357027
0.293884019554
0.26552772969
0.0670239016414
0.172621288896
0.0353676747531
0.0845210891217
0.158230634034
0.0381157504395
0.0225517172366
0.0068892782554
0.0246011208743
0.0269422989339
0.345745588839
0.934067231417
0.917619770765
0.36318885386
0.214634142816
0.133895051479
0.0504085917026
0.0736773356795
0.110816048086
0.0159324682318
0.104615069926
0.0951596498489
0.0174974997528
0.644721335173
0.0166799836792
0.0175243600272
0.917863243818
0.0471230888739
0.033606075123
0.0462414804846
0.035596091859
0.0890395052731
0.0175145749003
0.0569791879505
0.0758706234396
0.0355816800147
0.0916415244341
0.268070153892
0.0523095354438
0.0160392977297
0.0454474784434
0.0110426366329
0.13538890034
0.017204261478
0.307391780615
0.0124778683297
0.0470721457154
0.226685243845
0.0388785952702
0.00369066298008
0.0497867222875
0.126312880218
0.106006655097
0.109060361981
0.639341109991
0.0402136825025
0.0329424442723
0.22238741219
0.334407532215
0.895126777887
0.297597296536
0.0752627715468
0.0260663572699
0.524685689807
0.367499217391
0.164334779978
0.0411671217531
0.0179092216305
0.245041687787
0.100390391052
0.00895061735064
0.0741453107446
0.0481793873012
0.266115762293
0.0355753527954
0.0556896679103
0.0680557221174
0.0314685719088
0.121379314363
0.21364748925
0.0317908251658
0.0237370681018
0.0754654362798
0.0404952514917
0.0806167889386
0.0455587511882
0.0310242064297
0.0621905039996
0.128693079948
0.382497999072
0.0770727150142
0.192772702873
0.180104459822
0.11162533313
0.10528678149
0.065317966789
0.112384637445
0.0936957105994
0.440441310406
0.341792777181
0.0307451814413
0.0426142511889
0.145113423467
0.0115173867904
0.0310607889667
0.178464742005
0.111151012778
0.15847889632
0.0744780415669
0.0768854446709
0.0249448423274
0.0564562536776
0.0426136400551
0.00345315047307
0.0178127743304
0.194193866476
0.0521667651832
0.0341889148578
0.980767470598
0.924593603611
0.982912391424
0.0239522704855
0.119140223414
0.039629936032
0.20343618691
0.342518681288
0.104896406829
0.355884775519
0.25343387574
0.640946131945
0.298568569124
0.249792654812
0.0626615807414
0.636666792631
0.829235655069
0.31627856791
0.0297835784033
0.0411599075422
0.0880766812712
0.0387818122283
0.0569855120033
0.693216365576
0.224683648348
0.0366180801764
0.0617233414203
0.223567187786
0.0399344563484
0.0183813035488
0.258194825053
0.08478994295
0.0480461739004
0.246065348387
0.205342416465
0.462985193729
0.126853840798
0.313728642464
0.0312912130728
0.216556545347
0.127357850224
0.0303797576576
0.203939813375
0.254693219066
0.0315106032416
0.253103150427
0.309580163658
0.0284940743819
0.956531661749
0.310926109552
0.111218547821
0.758431303501
0.0512701701373
0.433901786804
0.949839639664
0.298825974762
0.044467789866
0.592576384544
0.0537443574518
0.422928762436
0.174728946388
0.260123331845
0.0637396991253
0.0810599636286
0.0604535758495
0.093046605587
0.0861083913594
0.0939990274608
0.102915362269
0.00860369987786
0.017450934276
0.168811279535
0.0457262836397
0.0362159714103
0.0672842215747
0.0195228191093
0.126869421452
0.495800974965
0.184897362441
0.0720386765897
0.335892240703
0.298468720913
0.045755180344
0.0266453895718
0.581089323759
0.0794644076377
0.213646139205
0.121356371045
0.190133032203
0.0784463059157
0.490025156736
0.0546423133463
0.0333977345377
0.0201096008532
0.186246556044
0.03313671574
0.0372027438134
0.0164262869395
0.22180121839
0.0583055436611
0.364980199933
0.753264582157
0.0806518666446
0.0412672486156
0.184513266385
0.0368926251307
0.0262288296595
0.0816512733698
0.0374782413244
0.176913945377
0.098581469804
0.827380716801
0.19961206764
0.300222173333
0.679387032986
0.543313416839
0.420467287302
0.516094362736
0.105042497814
0.10434986949
0.790383666754
0.878614217043
0.682269263268
0.0184868018143
0.0749126791954
0.11018569991
0.0493056003004
0.0156047908589
0.0539899997413
0.24553834796
0.301655457914
0.0411706697196
0.854615914822
0.242869968712
0.209955358505
0.314494228363
0.0259828783572
0.288311590254
0.0687725007534
0.230138200521
0.137331198156
0.745483452082
0.0822991151363
0.148424657434
0.23238824904
0.645700252056
0.613552087545
0.0609619107097
0.0515575569123
0.238173280656
0.225236453116
0.0495603818446
0.139291665703
0.136972982064
0.0937573224306
0.0549253158271
0.109935870767
0.453392794728
0.0148098749109
0.179163379967
0.619387245178
0.0392806008458
0.0126356930472
0.0984147064388
0.240455168486
0.316811570525
0.15169962123
0.125931036472
0.314332740009
0.16899157837
0.171738102287
0.731748074293
0.12015016973
0.118612799048
0.0352122182027
0.0350814109668
0.0868422821164
0.0962713263929
0.120302024484
0.355016803741
0.187482975423
0.11331063062
0.145519129187
0.0865509048104
0.186817707866
0.265124216676
0.126735559851
0.021563407965
0.0624627240002
0.105683181435
0.279440543056
0.0400533448905
0.122444511205
0.0890864346176
0.058230977878
0.0482584387064
0.174627617002
0.0444649789482
0.0099851696752
0.123625058681
0.0996770624071
0.231884650886
0.0899598546326
0.366625100374
0.0243525706232
0.110718244314
0.837312018871
0.256345060468
0.0828360773623
0.375898680091
0.0378237899393
0.0154264807701
0.0321212422103
0.228706583381
0.125686538219
0.00809542918578
0.580198860168
0.0343127433211
0.0332898873836
0.0156197275966
0.0296746762469
0.0884045526385
0.30779915005
0.0622331190854
0.423529434204
0.679400855303
0.0511353652924
0.343875876069
0.0729708552361
0.141408135742
0.0413041733205
0.102749142051
0.226469190419
0.0276102917269
0.229538010061
0.0404126593843
0.149215307087
0.771673876047
0.0287669753656
0.0883528888226
0.373871582747
0.0383610107005
0.687723320723
0.315796226263
0.197884392738
0.209400846064
0.0616179391742
0.0121873151511
0.335600204766
0.0398461600766
0.0311866188422
0.0475825887173
0.0327755767852
0.0239163897
0.0595096625388
0.0620040301234
0.130976111442
0.023695326224
0.02947191149
0.355129480362
0.319509327412
0.453298434615
0.111463244259
0.115582514554
0.0456751476973
0.104753546417
0.0518442582339
0.262536606193
0.0439236681908
0.185651554912
0.0456632066518
0.0679301317781
0.0263514128514
0.0795587792993
0.0162271469831
0.10779395476
0.0502294223756
0.106717593968
0.257435184717
0.591977310181
0.0697006985545
0.0952549241483
0.0820227064192
0.0489665716887
0.0223276778124
0.0242429590784
0.0716882441193
0.153986408561
0.00983338234946
0.256276682019
0.680267399549
0.284713995457
0.123061319441
0.0238100586459
0.0202602855861
0.282793994248
0.0670492667705
0.0789500690997
0.304176597297
0.0690953969955
0.16120352447
0.0926479384303
0.0248057809658
0.112915341556
0.0981448277831
0.0415256815031
0.0226873960346
0.122032604367
0.141852416098
0.155845756084
0.333284415305
0.528071376681
0.064854984358
0.127678015828
0.255915690958
0.245367626846
0.0702736672014
0.032651492767
0.0263924153522
0.106972442567
0.0240915786475
0.0232844246551
0.137680778652
0.0432519808412
0.0429402040318
0.012999761384
0.0117756709456
0.0345649173483
0.0276549564674
0.0884589765221
0.28610984832
0.104058773816
0.0279198294505
0.0776629623026
0.309610620141
0.274989999831
0.0778096977621
0.0124022600241
0.0824626788497
0.0867591708899
0.0778286643326
0.0339681338519
0.0641157347709
0.0840829651803
0.278616574407
0.0639794100076
0.140822590888
0.094830339402
0.100991550088
0.0880515530705
0.103194204718
0.266167987883
0.162605849653
0.365138448775
0.0242520868778
0.458051684499
0.0412800531834
0.066882327944
0.530981683731
0.115087762475
0.0666312191635
0.0979042701423
0.156967957318
0.140915037692
0.0939898237586
0.0828487802297
0.0222726634704
0.0289800237864
0.0252211324871
0.148824741691
0.0963682323694
0.478796932101
0.0768895976245
0.00966942636296
0.0782365527004
0.0547124616802
0.0231976183131
0.0147286110558
0.0477956091985
0.112521015853
0.518928295374
0.126264236867
0.0166860357858
0.29463031441
0.0323860490695
0.56329754293
0.241447885334
0.643215888739
0.288092699647
0.321978211403
0.112297788262
0.479802304506
0.173058700562
0.0216988277622
0.0493470380083
0.0236953098327
0.0117086447775
0.32335151583
0.0470459204167
0.11091279909
0.160833960027
0.470265939832
0.0346883736551
0.0452835451812
0.0996125552803
0.047304084152
0.0863996554166
0.0252182999626
0.028850537166
0.022314755246
0.171371681988
0.869015914202
0.0466989548877
0.033263149485
0.0949187297374
0.251672331989
0.0314637782052
0.0328488972038
0.0398673657328
0.0944381549954
0.329662251472
0.205345569551
0.193711125851
0.301782357693
0.0262076117098
0.0545394893736
0.0502468969673
0.0459919031709
0.0290744796395
0.013459369354
0.0150980764069
0.286876598001
0.00991601687856
0.109711746871
0.0548676919192
0.0223967986181
0.0559958335012
0.515173599124
0.314163430035
0.0570283155888
0.711580109596
0.0490522567183
0.0237529536709
0.0344445595518
0.106400292367
0.103987862915
0.097483510524
0.132882975042
0.372484734654
0.0523089600727
0.0136168087833
0.127249326557
0.0378239359707
0.0471548475325
0.251946182549
0.020678400062
0.342731454968
0.100875045359
0.132267468423
0.017755248677
0.0229069976136
0.0134752187878
0.0346906671301
0.0375277688727
0.112020280957
0.0401213984936
0.00887089632452
0.0231065372005
0.0179168570787
0.056405845657
0.0606714505702
0.00874540270306
0.0858086146414
0.0267649162561
0.0195835219696
0.0557125311345
0.438684904575
0.0289465475827
0.136352226883
0.0590576309711
0.101740157232
0.0292116010562
0.0870816018432
0.25555074513
0.0573520027101
0.091545458138
0.116872352362
0.00790552874096
0.0482399851084
0.0306332655251
0.126986067742
0.283104719222
0.48562759161
0.38451487124
0.020868253056
0.0781707827002
0.195821209252
0.0735890582204
0.114209388196
0.053661096096
0.0492236578837
0.136085207015
0.416062787175
0.154002149403
0.0247712278739
0.0864208176732
0.0920316539705
0.153809781373
0.0726007435471
0.0768091544509
0.0369147896767
0.303390926123
0.0918683603406
0.192815637589
0.113640935719
0.0446694420651
0.163094060868
0.0923795945942
0.0564466878772
0.69438148737
0.242805719376
0.369068574905
0.0387293780223
0.0495165213943
0.208509296179
0.155873002857
0.0901625256985
0.0294649552554
0.0177550357766
0.0739440392703
0.0283151546493
0.0420192606747
0.593784958124
0.0112167837098
0.0617032330483
0.0203772035427
0.0269709816203
0.0397440416738
0.0237709360197
0.137449276447
0.105809126049
0.0998584210873
0.062126807496
0.0318396316841
0.0399511089548
0.0808988247067
0.0479610951617
0.0965742349625
0.182369492948
0.16894942224
0.063294717297
0.0251778461039
0.0507486652583
0.0478486031294
0.0566697981209
0.0246447741985
0.0100652495399
0.0376333890483
0.105220980197
0.0467207783833
0.00784875270911
0.0149642540142
0.0234028353356
0.0136485537514
0.126082487404
0.0304229950532
0.047100568004
0.0451800659299
0.0315992109478
0.636581492424
0.0383882140741
0.0127957182005
0.0195794544183
0.133604872227
0.0693474952132
0.0421735985205
0.0312334258109
0.0519253268838
0.115480934829
0.483171877265
0.0193496800028
0.0360628921539
0.0152301914059
0.0866228759289
0.0910805203021
0.0483699504286
0.0562421739101
0.0627566024661
0.110746838897
0.184981019795
0.0767234262079
0.016703174077
0.444557258487
0.00672668856569
0.0393036765978
0.0461829926819
0.183421108127
0.0175374791957
0.00628309971653
0.0150132074486
0.200916613638
0.0854560397565
0.0303102279082
0.123256602883
0.0332469500601
0.0832703001797
0.113446718454
0.0647832330316
0.0454099234194
0.0308642057702
0.0280312888324
0.0428939022124
0.00925212060101
0.0438290458173
0.0287637742236
0.109464009106
0.0396909561008
0.00830758120865
0.0545403651893
0.109702830762
0.0414096822962
0.0310421882197
0.047268397361
0.0835136830807
0.129801861942
0.0322167567909
0.142920136452
0.0425239253789
0.0222493717447
0.0736232604831
0.200200109184
0.0837905175984
0.0378709582612
0.0486916039139
0.0475950099528
0.132312980294
0.201457597315
0.0209640774876
0.024048175849
0.0345573367551
0.0280725153163
0.0828506149352
0.0391733778641
0.0424848450348
0.00795889734291
0.118062397838
0.192498195171
0.0416550841182
0.12516495958
0.0276802245528
0.0998737685382
0.0723437268287
0.050027379021
0.252217325568
0.0649079952389
0.00791833782569
0.404119834304
0.0801525391638
0.459310349822
0.025103176292
0.0987715296447
0.300468237698
0.188003101945
0.0736963130534
0.0557209249586
0.207159762084
0.0531114406884
0.0650781221688
0.0363509766757
0.253998315334
0.190646629035
0.488401955366
0.0112469371874
0.0468605887145
0.0289585240185
0.0926245212555
0.123169029504
0.0650917295367
0.115424904972
0.0378842826933
0.073046650365
0.514300847054
0.0223445078358
0.231885741651
0.0539807669818
0.112739048898
0.150400863588
0.265016505122
0.0931929878891
0.0409906459972
0.170344547182
0.285148094594
0.0286472229287
0.0762819122523
0.0567890096456
0.0218403199688
0.11047404483
0.176440964639
0.211805999279
0.0471291381866
0.0635518442839
0.0945270754397
0.0495531473309
0.0344501076266
0.455109354854
0.124438969046
0.047829112038
0.0501992743462
0.021297559049
0.0533120531589
0.0153732654639
0.128112401068
0.0387613356113
0.0249323708937
0.0459445724264
0.00836109062657
0.102235081047
0.0831565916538
0.210253192484
0.066130990535
0.110925145447
0.0765791591257
0.0550453577191
0.0310294896364
0.0492572326213
0.0633043121547
0.0515699993819
0.084984016791
0.0113129985984
0.0300659289584
0.0608563419431
0.175367975235
0.0941110312939
0.0363262500614
0.0328331058845
0.00900083594024
0.0247108340263
0.0160773199052
0.0164650059305
0.113896755874
0.089821158722
0.0291322667152
0.0193846782669
0.0165672163479
0.404298743606
0.0204774454236
0.495071309805
0.237649507821
0.0385065170005
0.0168548643589
0.0237209418789
0.0395912390202
0.0447641883045
0.0256689215079
0.0768652994186
0.0249691970646
0.109891339391
0.0515646155924
0.0394623585045
0.00941877760924
0.0924152202904
0.223534691334
0.0420808168128
0.129333400726
0.0318248739466
0.181692089885
0.340408785641
0.422924891114
0.170794337243
0.0828950103372
0.0122256346978
0.00806799787097
0.0715866390616
0.0573595229536
0.66064016819
0.0629569310695
0.12236193791
0.0104019741528
0.0750423803926
0.156141983718
0.042529290542
0.0092007888481
0.0520416274667
0.0241527988575
0.0152248529717
0.0559339575469
0.0150035962462
0.557199376822
0.0865602061152
0.0299285471439
0.02311079707
0.0976781610399
0.0410248734057
0.0600164901465
0.0874790817499
0.179783435166
0.187083117664
0.124565374106
0.0489047430456
0.0336722848937
0.0375684805214
0.0353320067748
0.0548815671355
0.0283112676814
0.0250731471926
0.0220169214532
0.0327426727861
0.0369650704786
0.0257765775546
0.0173653115518
0.4013415277
0.0172995356843
0.012051445432
0.022996563185
0.0791360221803
0.012373774033
0.0807392951101
0.00781685616821
0.0810204051435
0.0447107359767
0.0442945610732
0.542213836312
0.255485792458
0.546015626192
0.0110386614688
0.0288751352578
0.016953806486
0.0262423696928
0.0190056556836
0.0787632744759
0.10471226871
0.105523560196
0.151758759469
0.164383269846
0.0104586825706
0.0366390815005
0.043207254447
0.0152410066687
0.0472354792058
0.0844078615308
0.0400348419324
0.0137825235724
0.0301673637703
0.0683209508657
0.0306693436578
0.0267311049625
0.0540707115084
0.120757058263
0.262735697627
0.10122679472
0.00910289832391
0.0437186118215
0.190926199406
0.0887510698289
0.0384725995362
0.0256940351799
0.165889320523
0.0847664609551
0.540731802583
0.425501948595
0.0317491594702
0.276969765127
0.0326581500471
0.499129468203
0.23985889107
0.0407450225204
0.165683709085
0.0534726299345
0.104709979147
0.0436712950468
0.0196435199119
0.0252256955951
0.0377357287332
0.371288731694
0.0729030855
0.0714756954461
0.0365777028725
0.0532294023782
0.0603882726282
0.0295743592083
0.385539868474
0.42261287868
0.0144523340277
0.0131459827535
0.0133251398802
0.197570672631
0.274301338196
0.100167851895
0.030321906507
0.0192039614543
0.0291239008307
0.0314421897754
0.0409421481192
0.0282505486161
0.0796008046716
0.0290754588321
0.168370887637
0.253322905302
0.096573151648
0.00733281460125
0.0273109512404
0.0410470729694
0.0779072489589
0.115139633417
0.528783902526
0.0123900335282
0.037374820374
0.167542852461
0.0459636986256
0.056982685253
0.115222921968
0.024320805259
0.0875045508146
0.0480041995645
0.0154016415589
0.0215650218539
0.0936292000115
0.0202805055305
0.0204877403565
0.0125603613444
0.297377555072
0.0351483218372
0.0916832640767
0.00897986390628
0.0273246623576
0.0161366825923
0.236509419978
0.069622965157
0.0566936884075
0.0865312118083
0.137803231925
0.0677358515561
0.0441919859499
0.0303020190448
0.0522950068116
0.110838223249
0.208646354079
0.0208851601928
0.0467476703227
0.0296441091225
0.0795874580741
0.149366797507
0.017767731566
0.0560380075127
0.063439970091
0.01812289441
0.129719541222
0.0280346069485
0.173888418078
0.0225779978558
0.0434097021818
0.0136092324741
0.0674194324762
0.0786086838692
0.03296398893
0.0567074801773
0.281512270868
0.0217178141698
0.0482895247638
0.0308859024197
0.158781893551
0.0133440864272
0.027353528887
0.00991663872264
0.0257188771851
0.0407842168584
0.0536817764863
0.0308243371546
0.0224722582847
0.0374091014266
0.0421972891316
0.440138757229
0.0970079630613
0.162474116683
0.0224811222404
0.0732651729137
0.41833666563
0.0182909432799
0.0191990686581
0.15708758384
0.0933502774686
0.00702965962701
0.0486442621797
0.0840371537954
0.0282558415085
0.0224895875901
0.0286047466099
0.0128530307207
0.0624921489507
0.0516662888229
0.153777201474
0.0478117356077
0.0689073488116
0.0187726903707
0.0505439333618
0.0125165692531
0.0196725764312
0.0389597376809
0.153390277177
0.205850821733
0.0634207706898
0.041835097596
0.0554376550019
0.0409963410348
0.0227686189115
0.0248276297003
0.0626007951796
0.0405561923981
0.0210556242615
0.00538159890566
0.00572981061414
0.0346018798649
0.0131072726101
0.0783295467496
0.0142853030004
0.0231875931844
0.0915636695921
0.0519570004195
0.0533487319946
0.0278824387118
0.0472855813801
0.129814004898
0.0473432624713
0.133298575133
0.0155984852463
0.0466934040189
0.0550637498498
0.0219338878989
0.0670373816043
0.0982074722648
0.074040351063
0.0541749492288
0.0368278788403
0.0340812718496
0.0253495001234
0.00561097129248
0.0144035791978
0.241148756444
0.0312251770869
0.00835775672458
0.110125648975
0.018767400831
0.169560918212
0.165654883534
0.278748011589
0.161617904902
0.0993774309754
0.352764177322
0.0207662560977
0.0386968815699
0.031480755657
0.637122762203
0.0332031967118
0.0395866872743
0.045563781634
0.118456498533
0.108463069052
0.0527818027884
0.0622502889484
0.228829523921
0.114979011565
0.0317281553522
0.0211236116476
0.162348343432
0.0529720906168
0.0180586123839
0.0709013622254
0.045065208897
0.555912446976
0.113945526257
0.0170508760959
0.250339360535
0.0383096722886
0.0924162063748
0.0215660925023
0.0440288780257
0.201272541285
0.0321439355612
0.133002214879
0.167893277854
0.0198520771228
0.0649266272783
0.124572089314
0.0282871743664
0.162084176391
0.0132987009361
0.0691828921437
0.0281326698139
0.038967118226
0.0532499384135
0.0308752719313
0.0290116818622
0.0116518866271
0.010570184188
0.0877859663218
0.0256676126271
0.018603400141
0.0310509467497
0.00737684462219
0.0367132522166
0.111171583831
0.0812185779214
0.0557219464332
0.0230538694188
0.13553783074
0.286442026496
0.140122350305
0.0230334699154
0.0141594593879
0.241507486999
0.0105316084344
0.0515492681414
0.0466785855591
0.0224515203387
0.0445013206452
0.0270951444283
0.0329200327396
0.0361334649846
0.0384253291413
0.031317088753
0.0485322784632
0.0558077864349
0.0467749146745
0.137418031693
0.0693111617118
0.0343836473301
0.400416532159
0.201889986545
0.0712818868458
0.0180269833654
0.0286177882925
0.0307920604944
0.242346832156
0.0246915931813
0.0531813306734
0.0398596681654
0.205433920026
0.0654626246542
0.0353073095903
0.0282933233306
0.0506395958364
0.0612784102559
0.0180208484642
0.152260697633
0.0942023448646
0.00909072933719
0.0216150701046
0.0307129658759
0.0335678733885
0.0581713244319
0.107805129886
0.033765790984
0.0739396031946
0.0217956239358
0.0194794413634
0.0475035522133
0.0568300053477
0.226227837801
0.0743587274104
0.0590435627848
0.0219132257625
0.0172872978263
0.0147532769479
0.112685874104
0.0176323270425
0.0202268026769
0.0721992190927
0.0300825744867
0.257386495173
0.0828990820795
0.0229102062993
0.0439097244292
0.186225806177
0.0301779119298
0.179573957622
0.171420188248
0.0402991607785
0.0257464906201
0.051229185611
0.0098898852244
0.0685283135623
0.0375536266714
0.0178454960696
0.0512618072331
0.0242467233911
0.0393775288016
0.139655062556
0.0486132677644
0.0760232012719
0.0169301763177
0.0436339590698
0.0639740921557
0.0748432509601
0.0667028181255
0.0143221994862
0.0274887319654
0.0842818960547
0.0824150718749
0.0785579103976
0.0670262616128
0.00706071788445
0.0656298819929
0.0310051513836
0.01074210722
0.10081699416
0.0821637921035
0.0514655631036
0.0971036247909
0.0462564252317
0.0662511643022
0.0920575015247
0.0368464313447
0.0213418106548
0.0677534859627
0.0274857021868
0.0506847023964
0.0340504888445
0.11186016947
0.0302892860025
0.106851620227
0.0617604508996
0.671458601952
0.154439975321
0.0360235968605
0.0828533630818
0.09255483374
0.0120894999243
0.774064534903
0.0843948509544
0.0475145846605
0.0163846852258
0.185966202617
0.0543869495392
0.122161652893
0.0197045694105
0.0487896613777
0.0928864512593
0.0389912927523
0.0358509575948
0.0326543260366
0.16769811064
0.0436676766723
0.0449061274529
0.0304106313735
0.117614386231
0.0684786118567
0.0655905868858
0.0142432021908
0.0310059301555
0.0265227105469
0.0317443309352
0.0484755825251
0.0239647366107
0.0288140587509
0.0205399396829
0.138394740969
0.0620522368699
0.0644285179675
0.0535928945988
0.0962710663676
0.0830801717937
0.00811429717578
0.0495770622045
0.166458813846
0.0247622755356
0.0555503830314
0.0130223968998
0.0550083976239
0.341815456748
0.0554920811206
0.0950719244778
0.207939955592
0.115518990904
0.0464863926172
0.0459037911147
0.0473654106259
0.0918690063059
0.0231448212638
0.132040776312
0.0705725315958
0.179529908299
0.151185918599
0.13105937317
0.154257579148
0.063775768131
0.371835339069
0.0396469919011
0.0147898510098
0.075841255486
0.0401342233643
0.278301230073
0.0589982863516
0.0672752507031
0.0711265061051
0.319755785167
0.0451666619629
0.0144160088152
0.322132194042
0.0963538728654
0.139655482024
0.13237124905
0.398390930891
0.0151569790207
0.050278699398
0.0275791501626
0.0132398568094
0.103897515684
0.0155876369216
0.107973362505
0.0493831340224
0.0500301515684
0.0362392401323
0.141434203088
0.0219355909154
0.0240650098771
0.755143386126
0.0077763828449
0.0412722524256
0.261296617985
0.206937479973
0.187801221013
0.710973972082
0.325129231811
0.118007967621
0.0635248728096
0.0844104819
0.0256447052583
0.0181963854469
0.15297395587
0.0693926893175
0.019456535019
0.0593147814274
0.0187846646644
0.00636826702394
0.0455425020307
0.0142125272192
0.0346425898373
0.0198519120924
0.0492898471653
0.0158155117184
0.0647076141089
0.0311028357595
0.0680581402034
0.0290423778817
0.00549221634865
0.0539686769247
0.273057967424
0.0254433695227
0.00775761883706
0.0253554197028
0.139368280768
0.0261503797024
0.0222516829148
0.160897859186
0.330347265303
0.498200392723
0.0242978757247
0.0222040636465
0.0716503143311
0.0481646390632
0.0422946766019
0.283671198785
0.124574887753
0.0338768932968
0.0324417486787
0.486729857326
0.0640611018986
0.0237217115238
0.177598527074
0.200431145728
0.0529084838927
0.0682763241231
0.0498252511024
0.050808724761
0.124692521244
0.0367440098897
0.0333318829536
0.0258743989281
0.0285828435794
0.0606506794691
0.0220371995121
0.0153076410294
0.0432060535997
0.0724503241479
0.0709192086011
0.0302911607549
0.0159521850757
0.0693948689848
0.0585212107748
0.05534863621
0.0144907520153
0.0242810051888
0.0339960383251
0.0571157712489
0.0174625150859
0.0779386665672
0.18976091221
0.0895962394774
0.0252927308902
0.297422601283
0.016594940424
0.126450426877
0.172020496428
0.0119571843185
0.0261195890605
0.0680701822042
0.0386991724372
0.0728331651539
0.126186256856
0.0708937484771
0.0228142654523
0.242752224207
0.0823394294828
0.144435734302
0.0192036889493
0.272502735257
0.0770252201706
0.653617244959
0.0503731161356
0.197202043235
0.0864037618041
0.0549800146371
0.249267302454
0.0221838757396
0.0953606903553
0.0189119700342
0.0126428499818
0.0808986574411
0.0200318685733
0.15683894977
0.284294433892
0.0517337925732
0.09121286273
0.0489267949015
0.0501434411854
0.0833246003836
0.00501935794018
0.118015706539
0.0250354221091
0.10699062869
0.0969764098525
0.0267015364021
0.200888723135
0.074394133687
0.060734660551
0.0186708294787
0.245796586573
0.654287111759
0.0719389371574
0.0922318018973
0.116515314579
0.127207003534
0.142203947157
0.285921935737
0.0604475185275
0.378355947137
0.0137692828663
0.00577575678471
0.0475005656481
0.023914635554
0.267417700589
0.0381236046553
0.0156321222894
0.0570351026952
0.0298698561266
0.0429858338088
0.00634533287957
0.0822217106819
0.0361343322322
0.0239582539536
0.0128980146721
0.0598954472691
0.0585309948772
0.039666089043
0.0189149488695
0.0523678842932
0.0169197452255
0.140087392181
0.0519633457065
0.172613404691
0.0408584797755
0.0604252152145
0.284914255142
0.0261093694717
0.0475925281644
0.206343893707
0.0509914979339
0.0300140049309
0.0434048391879
0.0260624961928
0.0099374841433
0.0614805508405
0.0292502665892
0.0236031993292
0.0596680697054
0.0368100970984
0.0402261378244
0.0563775748014
0.667195850611
0.0393568789586
0.0219336498529
0.0198197798803
0.013657443691
0.0135465892963
0.126467188448
0.0518763843924
0.059968694672
0.0326711187139
0.0419664429501
0.0172709878534
0.0365348163992
0.059020280838
0.0355716772377
0.0670997004956
0.112199538946
0.0325623754412
0.0374730708078
0.0790998999029
0.0541059821844
0.221565537155
0.0966284297407
0.0449504112825
0.336199843884
0.0109223633073
0.0297067897394
0.0565006222576
0.152636217326
0.18093341589
0.186049772054
0.101914617419
0.114271095395
0.0394558524713
0.0213219422847
0.060027512908
0.0447599805892
0.473175802827
0.112481527776
0.0566110532731
0.21264475435
0.158700506389
0.0138546653092
0.0398127781227
0.206774002314
0.126084695756
0.0339548392221
0.0161319809966
0.0243959017098
0.155877090991
0.360805994272
0.021201870963
0.16571880579
0.0927710980177
0.172864378989
0.021672334522
0.189119403064
0.063127893582
0.0787372138351
0.279667508602
0.0758757270873
0.158585639298
0.430510798097
0.0578163847327
0.154678381979
0.0328243002295
0.0303414653987
0.163637363166
0.0126663986593
0.0908880233765
0.166030293703
0.00858793328516
0.00882650571875
0.0272800991312
0.107960800827
0.00749534000643
0.0670148089528
0.178353312612
0.0496856590733
0.0578596357256
0.0729327403009
0.0257821002975
0.0284946097061
0.0279988376424
0.0566278982908
0.132782916725
0.0231762229465
0.0385291822255
0.138585155457
0.0793695926666
0.0240365977399
0.0250088512897
0.11320034191
0.0213534936309
0.0659499440342
0.0472108863294
0.235639123619
0.0341838905588
0.168434659392
0.0168399770744
0.038268106617
0.172378365695
0.13348589763
0.0560142342001
0.0952976420522
0.208943419158
0.113471437246
0.0247682375833
0.0399006605148
0.0504540238529
0.00937378383242
0.159862107784
0.0314883779734
0.0249817494303
0.0192283851095
0.042380746454
0.0950322855264
0.0282450066879
0.0448777616024
0.0619394786656
0.0128898625262
0.00997957959771
0.054272492975
0.145080306381
0.194975808263
0.0429757637903
0.0759872797877
0.012485809112
0.00604347628541
0.059632384032
0.0530599303544
0.0143466646783
0.0350669076666
0.0828831478953
0.0174122128636
0.0154630126432
0.0162248377688
0.0399405529723
0.015936037153
0.0462560068816
0.0221470598131
0.035079892911
0.0225615404546
0.0537984952331
0.0401293965057
0.0401348577812
0.00683562036138
0.213492023945
0.289620828629
0.226429072022
0.124987120926
0.130756299943
0.0980736255646
0.198817741871
0.0261712096632
0.0116651612334
0.00700386762619
0.0405916979536
0.205457767844
0.088518646732
0.0933889959008
0.277038276196
0.176337900758
0.0235093431547
0.0722765807062
0.157767122239
0.0904739633203
0.144619087875
0.103330992535
0.0251498477533
0.332271710038
0.128142207116
0.0932081587613
0.0556592132896
0.0305447643623
0.0932454191148
0.175010463595
0.0278199847788
0.057520538196
0.0489566493779
0.0367393426597
0.0950295932591
0.0158391206525
0.177424293756
0.170922876149
0.0361842237413
0.277172441781
0.0551965147257
0.069811912626
0.0738552182913
0.127634906024
0.171875886619
0.17480289638
0.0569339822978
0.0318412860855
0.048425443843
0.310004645586
0.362778827548
0.0328289538622
0.373493111134
0.267551882565
0.0659340105951
0.43159802258
0.0561831947416
0.236332951486
0.107023521513
0.067087167874
0.0503832887858
0.113825320452
0.0662670843303
0.0154624827206
0.137659232318
0.227907378972
0.0845517754555
0.0597821570933
0.126476898044
0.0412526739761
0.10132547915
0.140908633173
0.440037995577
0.156804168224
0.0913725972176
0.0415678618476
0.0525580437854
0.0259587481618
0.0404829805717
0.0251805799082
0.0269274808466
0.0704430729151
0.316873040795
0.710170000792
0.192282685637
0.3464741081
0.524138516188
0.971827596426
0.905012947321
0.477699810266
0.369968944788
0.822241389751
0.919584852457
0.692276716232
0.489213082194
0.442032110691
0.664569312334
0.186109054089
0.145167788863
0.952621507645
0.483387306333
0.22659111917
0.399128994346
0.40589261353
0.598883187771
0.410777705908
0.482475328445
0.800866246223
0.127369152755
0.104365729541
0.135870210081
0.327179870009
0.251023827493
0.0864610638469
0.982389551401
0.986623746157
0.988430821896
0.10507113412
0.0285504018888
0.685870295763
0.432516154647
0.865421932936
0.782704979181
0.988077753782
0.0907561406493
0.0865079052746
0.930819034576
0.708127003908
0.701388514042
0.717960608006
0.608936464787
0.158114878833
0.367136216164
0.335173240304
0.612926632166
0.160099622607
0.920559489727
0.926645720005
0.491214734316
0.482279464602
0.920348662138
0.114701035619
0.113297666609
0.584168094397
0.150347869098
0.260993956029
0.83713234663
0.755008286238
0.676632583141
0.0493723981082
0.193662729859
0.0742758244276
0.334833085537
0.96352108717
0.987386882305
0.377632653713
0.890976274014
0.447788619995
0.357834236324
0.80032453537
0.444677856565
0.864511591196
0.540316382051
0.858154022694
0.986361962557
0.053916535899
0.681768852472
0.868629729748
0.528094187379
0.171052916348
0.0523883923888
0.0807849392295
0.124482811987
0.0119165871758
0.0121948496904
0.979614132643
0.591020208597
0.511755722761
0.277475467324
0.765797615051
0.961267518997
0.384755241871
0.233905123174
0.726323479414
0.928926795721
0.970219147205
0.977825981379
0.973089671135
0.524058237672
0.118628681451
0.807686591148
0.966524684429
0.861838114262
0.987984114885
0.441281154752
0.868222105503
0.75623010397
0.823189860582
0.169579198956
0.484610766172
0.679520976543
0.375043976307
0.734174323082
0.92876098752
0.89332754612
0.86263936162
0.202828425169
0.0435567332432
0.213756914437
0.792145329714
0.125715995207
0.0444568647072
0.0352118238807
0.0293045081198
0.0498361539096
0.029826182127
0.134011454135
0.107350289822
0.25220784992
0.329818895459
0.204641771317
0.912293738127
0.912019532919
0.501788374782
0.282585635036
0.487195706367
0.491740489006
0.181472232938
0.088716070354
0.0873936995864
0.316933351755
0.846234148741
0.28476138711
0.0744612481445
0.0911676310003
0.520336264372
0.29207354635
0.56724691391
0.591189089417
0.40959123075
0.0426514554769
0.715225791931
0.0639439921826
0.87824999094
0.825020432472
0.196689115465
0.041891958192
0.683272367716
0.551749375463
0.441471108794
0.31354624629
0.635835200548
0.632023859024
0.933149784803
0.949705642462
0.646851766109
0.76398293972
0.0611916396767
0.842668372393
0.402836224437
0.859003484249
0.498204448819
0.404012703896
0.0726221621037
0.275525094569
0.149066772312
0.87308036685
0.337655805051
0.491186606884
0.298997977376
0.175894863158
0.890378785133
0.886248326302
0.95639282465
0.607266885042
0.43410859108
0.875462675095
0.176333643496
0.33165422678
0.198317036033
0.0357821494341
0.074965139851
0.584561550617
0.117313762754
0.725347149372
0.988089138269
0.14952101782
0.901270526648
0.239981427789
0.100957822055
0.498661783338
0.535247722268
0.660517543554
0.605529636145
0.0800430744886
0.667331200838
0.453582799435
0.904681229591
0.0259413288906
0.0844938665628
0.469658651948
0.176846289635
0.968698918819
0.960778099298
0.841305106878
0.130435332656
0.05951356031
0.925943541527
0.951305997372
0.414178529382
0.644602894783
0.636436212063
0.271359290183
0.965986609459
0.665151494741
0.651696640253
0.0513927869499
0.44311581254
0.976401531696
0.413300147653
0.646244949102
0.51997667551
0.562286245823
0.491921275854
0.714477992058
0.552365618944
0.33964125514
0.74305267334
0.819591349363
0.714699655771
0.581494340301
0.87576482892
0.957423770428
0.916511011124
0.68744700551
0.970650207996
0.539830988646
0.325464788079
0.959824061394
0.511662518978
0.783664113283
0.793040841818
0.434639778733
0.495385921001
0.371581986547
0.101989105344
0.135955720395
0.413530533016
0.0354691762477
0.629011923075
0.540143805742
0.96312212944
0.746373814344
0.310620775819
0.553226214647
0.241043809056
0.880254864693
0.905258786678
0.732867109776
0.134008508921
0.395217058063
0.303694453835
0.429434993863
0.280206590891
0.343906843662
0.0719520960003
0.969235664606
0.920998454094
0.890727198124
0.785985791683
0.0574886344373
0.341392409801
0.529584848881
0.794454276562
0.519401562214
0.408252516389
0.912940907478
0.994560050964
0.980820202827
0.169554047287
0.464746496081
0.345483896136
0.753939127922
0.954703480005
0.943709528446
0.520918765664
0.177976603806
0.792525357008
0.716546285152
0.744406241179
0.931651580334
0.959144282341
0.986211174726
0.92150708437
0.776766711473
0.331865766644
0.469497400522
0.936055111885
0.832533830404
0.273323100805
0.937796401978
0.937406653166
0.917099541426
0.157009538263
0.506599372625
0.743470799923
0.0942170485854
0.915346080065
0.863304042816
0.961214572191
0.956981378794
0.510257816315
0.360042971373
0.824256449938
0.170590691268
0.479351463914
0.195774592459
0.958446228504
0.072697821632
0.312456418574
0.234636940062
0.153202365339
0.271427482367
0.193778163195
0.574135622382
0.653952860832
0.372797492146
0.551628538966
0.404122638702
0.166499425471
0.860160392523
0.0857956573367
0.247358112037
0.111602633446
0.151882701367
0.0655082032084
0.559598636627
0.489326500893
0.249491775036
0.370174257457
0.896234947443
0.965119707584
0.714372199774
0.876150500774
